0.023425
0.03925
0.0704
0.076125
0.218175
0.2402
0.245575
0.281175
0.285175
0.35065
0.375575
0.37995
0.3916
0.3996
0.53825
0.5454
0.55185
0.573125
0.58085
0.5944
0.630825
0.65935
0.663425
0.66845
0.80345
0.8243
0.849175
0.8725
0.890675
0.905775
0.92095
0.9289
0.94285
0.9556
0.956825
0.961225
0.968325
0.99575
1.118775
1.131225
1.131625
1.13915
1.151925
1.16375
1.1918
1.203725
1.217625
1.2365
1.2673
1.275625
1.2857
1.287975
1.412125
1.427575
1.4415
1.447225
1.4784
1.48005
1.50735
1.51915
1.521175
1.542125
1.5506
1.554075
1.5757
1.70805
1.75855
1.768275
1.781725
1.880425
1.892475
2.013275
2.044075
2.063075
2.07485
2.0848
2.1235
2.14465
2.15085
2.151675
2.16115
2.178025
2.178925
2.194125
2.1946
2.31475
2.34185
2.347625
2.349
2.3551
2.415325
2.43975
2.44505
2.446175
2.45185
2.460775
2.462
2.46235
2.4636
2.47435
2.6016
2.613075
2.618125
2.632875
2.6496
2.6619
2.6709
2.68615
2.735375
2.77845
2.7928
2.914625
2.917225
2.91885
2.92455
2.942125
2.9423
2.9963
3.002325
3.0822
3.2001
3.208575
3.27495
3.290775
3.2919
3.327875
3.32795
3.345025
3.352675
3.359825
3.367375
3.389925
3.394725
3.571425
3.60185
3.61815
3.6351
3.638425
3.64485
3.652125
3.656875
3.676325
3.677475
3.689375
3.8399
3.847075
3.8651
3.866525
3.867725
3.881925
3.914275
3.927375
3.9313
3.9348
3.958625
3.964225
3.971475
3.9798
4.1215
4.125125
4.127725
4.148775
4.158775
4.198375
4.206875
4.209225
4.2119
4.2222
4.241875
4.27765
4.280725
4.281
4.282925
4.2984
4.29905
4.402075
4.41245
4.4129
4.4444
4.447975
4.449075
4.449675
4.46355
4.464425
4.475625
4.48415
4.493075
4.55605
4.568775
4.576875
4.580175
4.582375
4.584575
4.5992
4.7033
4.73385
4.74525
4.7587
4.782375
4.796525
4.8729
4.880775
4.88445
4.89885
5.00235
5.02055
5.035025
5.036625
5.1052
5.124
5.1298
5.1323
5.13945
5.1405
5.19515
5.348675
5.38475
5.408625
5.478375
5.4808
5.604225
5.6103
5.642175
5.6808
5.70705
5.711
5.722525
5.74805
5.755525
5.763375
5.7754
5.779975
5.79725
5.9314
5.96055
5.97225
5.97275
5.972825
5.976
5.991975
6.003725
6.01175
6.0207
6.021625
6.026575
6.0313
6.051475
6.057725
6.067
6.08095
6.23435
6.2346
6.288325
6.291825
6.294525
6.322825
6.394
6.397025
6.397675
6.397825
6.509325
6.532275
6.5673
6.569275
6.57045
6.57445
6.57845
6.62795
6.64595
6.648075
6.651875
6.81055
6.814125
6.8325
6.8412
6.854225
6.85915
6.8642
6.872125
6.907675
6.92
6.94635
6.98565
6.991775
7.1041
7.11935
7.12645
7.151975
7.16045
7.1617
7.180875
7.18285
7.18365
7.1949
7.1961
7.19715
7.22015
7.249175
7.2699
7.4071
7.435825
7.473025
7.4838
7.5134
7.52905
7.54945
7.560125
7.56145
7.58675
7.588975
7.710825
7.721
7.722025
7.732225
7.7365
7.740775
7.765225
7.765625
7.788
7.7887
7.791775
7.8491
7.854025
7.87605
7.8873
7.8999
8.006275
8.010125
8.0158
8.024025
8.0304
8.032625
8.035525
8.03945
8.089725
8.1145
8.1496
8.168975
8.178225
8.1956
8.199425
8.330825
8.351125
8.351225
8.395025
8.4207
8.433625
8.4383
8.475225
8.484875
8.48685
8.493525
8.622325
8.6255
8.66735
8.70825
8.70865
8.75155
8.786175
8.919925
8.931675
8.995425
9.001325
9.0046
9.04945
9.0547
9.091875
9.097925
368
