0.007275
0.03175
0.05765
0.0653
0.0762
0.0768
0.088225
0.22
0.22555
0.2315
0.241325
0.267125
0.27045
0.2871
0.290525
0.318975
0.340525
0.35535
0.355675
0.36555
0.375925
0.37935
0.386175
0.395875
0.504375
0.5124
0.523
0.535225
0.553425
0.572175
0.58125
0.597425
0.614275
0.6375
0.658875
0.688125
0.6956
0.803775
0.832825
0.86785
0.888475
0.896725
0.900175
0.924975
1.12385
1.14325
1.16915
1.17885
1.205875
1.21355
1.218
1.2184
1.22045
1.225425
1.225925
1.26005
1.2616
1.29805
1.40005
1.4043
1.43115
1.44535
1.447475
1.461925
1.492475
1.4945
1.4965
1.507025
1.52575
1.528075
1.5393
1.544075
1.5485
1.5584
1.590725
1.706425
1.73925
1.759275
1.759575
1.7632
1.763375
1.780725
1.802825
1.830275
1.8438
1.8614
1.87825
2.011375
2.0272
2.04895
2.055875
2.0587
2.065625
2.077
2.1154
2.115475
2.128675
2.149975
2.1566
2.17505
2.183375
2.321875
2.36505
2.37
2.37745
2.39665
2.425575
2.448325
2.48525
2.4879
2.600825
2.618125
2.664375
2.67095
2.676225
2.711725
2.722175
2.755925
2.758225
2.7692
2.769825
2.770825
2.771075
2.783725
2.79965
2.9023
2.9143
2.93135
2.936875
2.9491
2.95165
2.970275
2.981475
2.983875
2.984225
2.990525
2.9991
3.00625
3.057675
3.059575
3.0765
3.204425
3.2097
3.2098
3.213425
3.21665
3.2216
3.228375
3.23555
3.24525
3.269075
3.280175
3.3007
3.307975
3.311375
3.368825
3.3725
3.395525
3.5087
3.520175
3.52755
3.54495
3.5962
3.609625
3.6189
3.619
3.655675
3.656875
3.65755
3.680325
3.695175
3.8434
3.854275
3.85875
3.85995
3.874425
3.9041
3.94185
3.956825
3.9704
3.97705
3.97985
4.155025
4.1761
4.18685
4.2095
4.219775
4.224325
4.226975
4.23315
4.2608
4.264075
4.2917
4.412025
4.423525
4.43295
4.4395
4.479025
4.506575
4.511525
4.511675
4.5118
4.553525
4.557325
4.5669
4.5713
4.575175
4.579875
4.585875
4.58825
4.5918
4.5978
4.709
4.72875
4.734625
4.76765
4.773625
4.7764
4.7893
4.822625
4.82435
4.829125
4.83105
4.86845
5.014225
5.0282
5.0315
5.041925
5.044325
5.054575
5.05475
5.064275
5.07395
5.074675
5.080425
5.10875
5.11215
5.1128
5.162375
5.1731
5.17495
5.18045
5.198775
5.3224
5.377275
5.3805
5.384575
5.40835
5.40935
5.414525
5.4285
5.428975
5.465775
5.61965
5.641925
5.66225
5.697775
5.701475
5.746325
5.7898
5.91605
5.918825
5.937375
5.9525
6.0032
6.009125
6.019325
6.0258
6.062175
6.0813
6.28
6.2923
6.317125
6.317625
6.3275
6.33855
6.3386
6.351675
6.529075
6.533275
6.58045
6.595625
6.598875
6.60765
6.62045
6.644025
6.6464
6.668525
6.6865
6.8122
6.877425
6.881725
6.88515
6.8952
6.9219
6.9371
6.938
6.95865
6.966525
6.98635
6.990025
6.9903
7.103025
7.104725
7.117375
7.1472
7.171675
7.19445
7.20895
7.23225
7.238725
7.270225
7.29355
7.429525
7.4506
7.46205
7.479275
7.4874
7.509425
7.517475
7.519725
7.53235
7.53625
7.56065
7.5648
7.565475
7.566175
7.585575
7.728525
7.730425
7.73345
7.761775
7.81755
7.824225
7.836575
7.876275
7.8988
8.00225
8.0067
8.01115
8.024975
8.031375
8.03305
8.056375
8.05925
8.086825
8.095825
8.107275
8.132775
8.154875
8.178975
8.186125
8.368825
8.409275
8.4197
8.46095
8.461175
8.46135
8.4724
8.685025
8.68755
8.691025
8.710825
8.713775
8.717725
8.7188
8.71945
8.762925
8.769725
8.781675
8.787
8.7899
8.7942
8.938025
8.963775
8.9643
8.967575
8.972
8.978825
8.9865
8.987325
9.077325
9.080475
9.081175
9.08455
9.086725
9.0951
387
