0.01765
0.028225
0.0344
0.045525
0.053275
0.053725
0.066575
0.071875
0.0796
0.204925
0.212075
0.23285
0.2715
0.3112
0.35105
0.355825
0.38845
0.39895
0.50895
0.513425
0.51815
0.525825
0.52775
0.55225
0.589375
0.5966
0.6117
0.62845
0.632925
0.637275
0.63805
0.642525
0.657325
0.6588
0.6606
0.665225
0.67105
0.672075
0.673375
0.688725
0.690975
0.810125
0.8256
0.841625
0.9195
0.9241
0.9598
0.9739
0.9906
1.1112
1.11735
1.1251
1.127525
1.15245
1.154075
1.156725
1.168475
1.1746
1.238725
1.267725
1.287325
1.28785
1.408275
1.41
1.419125
1.42565
1.42995
1.511675
1.515875
1.517225
1.5198
1.700375
1.70415
1.7116
1.723225
1.730025
1.76115
1.7924
1.8014
1.806675
1.825775
1.829825
1.837075
1.83955
1.871275
1.88165
1.892975
1.89685
2.001725
2.0157
2.027325
2.027375
2.039975
2.068825
2.086575
2.086925
2.104525
2.110925
2.114575
2.12765
2.1294
2.1507
2.185225
2.31085
2.314225
2.323025
2.33335
2.386275
2.399425
2.401
2.402275
2.4107
2.4195
2.42245
2.446725
2.467075
2.4799
2.484375
2.6135
2.619375
2.6305
2.640225
2.642475
2.6508
2.679725
2.7289
2.743775
2.752475
2.77195
2.773225
2.77875
2.78775
2.903725
2.94065
2.943925
2.959925
2.988025
2.99805
2.998775
3.04315
3.0486
3.0498
3.219325
3.249975
3.307075
3.361825
3.396375
3.50515
3.5331
3.533425
3.561575
3.566125
3.570775
3.6134
3.631275
3.649525
3.691
3.804425
3.83835
3.839775
3.8436
3.853175
3.86255
3.87435
3.888825
3.896325
3.912025
3.91455
3.936725
3.942225
3.95385
3.9781
3.983525
3.98375
3.996275
4.103475
4.10375
4.111475
4.114425
4.1447
4.15445
4.190975
4.2222
4.237075
4.24615
4.246825
4.2637
4.267425
4.404825
4.44515
4.44865
4.46885
4.498225
4.5081
4.514175
4.52785
4.530025
4.538325
4.589925
4.7236
4.737975
4.80635
4.824825
4.833725
4.83745
4.867175
4.87395
5.003625
5.00545
5.012325
5.04485
5.04545
5.06525
5.073275
5.097375
5.097875
5.10155
5.1311
5.131525
5.164525
5.166725
5.189025
5.301275
5.301875
5.3099
5.31825
5.377825
5.40195
5.41975
5.432225
5.494625
5.6116
5.614375
5.6353
5.63995
5.684975
5.7143
5.7299
5.73215
5.7531
5.753125
5.768675
5.779725
5.796275
5.903475
5.905675
5.93455
5.9625
5.96805
5.978625
6.00655
6.016475
6.035525
6.069175
6.2037
6.2042
6.2099
6.218175
6.238725
6.24895
6.251575
6.284475
6.3059
6.309975
6.326675
6.3336
6.35905
6.3836
6.383725
6.392675
6.3936
6.5016
6.503275
6.53005
6.54995
6.6174
6.6362
6.67025
6.6839
6.6944
6.842825
6.8724
6.876325
6.888275
6.900025
6.902125
6.917
6.9553
6.975025
6.99
6.99255
7.1031
7.1143
7.12045
7.12185
7.157925
7.158775
7.160875
7.193225
7.218775
7.228575
7.235125
7.237125
7.260925
7.263675
7.2638
7.26785
7.27495
7.28875
7.41415
7.418625
7.423825
7.4712
7.484075
7.5104
7.55195
7.552175
7.5648
7.56935
7.58475
7.592075
7.5951
7.7381
7.75825
7.789925
7.803925
7.810675
7.830925
7.840625
7.855425
7.85805
7.866225
7.884875
7.890275
7.89255
8.042125
8.04905
8.0616
8.06595
8.0675
8.095125
8.13445
8.13695
8.1419
8.160475
8.166475
8.301575
8.3186
8.31975
8.33705
8.363925
8.3647
8.384225
8.38835
8.4376
8.4611
8.60035
8.608625
8.610125
8.6144
8.6542
8.6595
8.6655
8.669175
8.680025
8.68085
8.69985
8.70145
8.7065
8.716225
8.7648
8.780675
8.798475
8.918475
8.9262
8.94285
8.946675
8.955625
8.987025
9.046775
9.048925
9.065825
9.07205
383
