0.000425
0.0644
0.0657
0.09455
0.247425
0.254775
0.2941
0.294775
0.297325
0.300575
0.30885
0.31875
0.39665
0.514625
0.518025
0.529125
0.53015
0.533075
0.539425
0.555075
0.57445
0.587325
0.631125
0.637025
0.675275
0.681925
0.6871
0.6909
0.69595
0.816425
0.8801
0.892825
0.898275
0.987225
1.13
1.1645
1.165525
1.181
1.227925
1.246975
1.25195
1.25975
1.4
1.40205
1.443625
1.476
1.4862
1.491475
1.50035
1.5177
1.524875
1.562425
1.711225
1.713325
1.74825
1.753525
1.770225
1.79435
1.808225
1.82145
1.833975
1.84985
1.87495
1.882925
1.89045
2.034675
2.03495
2.04375
2.05395
2.08805
2.088125
2.09145
2.1218
2.16765
2.300925
2.324225
2.3309
2.3796
2.411025
2.41315
2.414325
2.42025
2.42145
2.4359
2.4637
2.498475
2.619825
2.633525
2.637125
2.638325
2.663
2.66535
2.7565
2.757
2.75935
2.911325
2.96235
2.965475
2.9761
2.981975
3.040275
3.08965
3.242025
3.243925
3.244075
3.247225
3.248325
3.30095
3.303825
3.339525
3.382525
3.502025
3.50805
3.5085
3.569825
3.58045
3.615925
3.63625
3.641675
3.6816
3.829575
3.84055
3.850225
3.864975
3.888275
3.889275
3.91405
3.9392
3.94635
3.95905
3.965575
3.9757
3.97635
3.985175
4.105375
4.111775
4.157775
4.160775
4.171275
4.1787
4.21645
4.23065
4.237875
4.26945
4.269525
4.279075
4.289375
4.4155
4.43015
4.4418
4.478925
4.4826
4.4938
4.540125
4.5463
4.547475
4.567875
4.57745
4.58825
4.7199
4.72
4.77545
4.783625
4.7875
4.792275
4.82115
4.832675
4.85715
4.863075
4.879975
4.893025
5.013275
5.02715
5.04335
5.129175
5.1339
5.175875
5.18315
5.326425
5.358025
5.360725
5.403425
5.4465
5.448675
5.4516
5.456075
5.47535
5.485825
5.60835
5.615925
5.68415
5.698475
5.71825
5.778675
5.7988
5.905975
5.92805
5.929725
5.938775
5.952175
5.96665
5.9849
6.00055
6.0076
6.0083
6.021675
6.02265
6.029225
6.061025
6.070875
6.20295
6.22215
6.250575
6.257075
6.264125
6.269175
6.2944
6.308575
6.323425
6.343275
6.3592
6.36945
6.38525
6.52415
6.5459
6.5799
6.579975
6.58135
6.6032
6.620525
6.63325
6.6781
6.848925
6.929025
6.9394
6.962075
6.974475
6.99885
7.108775
7.122475
7.1313
7.1754
7.188275
7.201025
7.20975
7.22315
7.2629
7.2883
7.403225
7.4194
7.44995
7.4604
7.484775
7.485425
7.495725
7.49995
7.52285
7.5282
7.5481
7.5602
7.58465
7.58865
7.71005
7.7239
7.758725
7.7728
7.775625
7.7829
7.783625
7.7849
7.8025
7.8252
7.84515
7.853075
7.8613
7.8707
8.00215
8.004275
8.014575
8.020575
8.0305
8.053025
8.13445
8.13855
8.145
8.147
8.1775
8.190625
8.302
8.31035
8.33455
8.338725
8.38215
8.3925
8.4149
8.473225
8.474975
8.479275
8.484425
8.4973
8.617825
8.625775
8.64195
8.667075
8.693475
8.693775
8.754225
8.776475
8.777625
8.795575
8.904075
8.919725
8.922125
8.922575
8.936575
8.9371
8.937225
8.956425
8.962325
8.98355
8.993125
8.9971
9.014
9.019875
9.025175
9.037775
9.0396
9.04885
9.065425
9.06605
9.077675
331
