0.012
0.027875
0.033775
0.0599
0.06445
0.076775
0.081875
0.087725
0.095225
0.222875
0.25665
0.2803
0.29245
0.294175
0.349675
0.360125
0.395525
0.511525
0.512125
0.525175
0.52595
0.527525
0.541475
0.54555
0.587425
0.595225
0.612475
0.6206
0.638925
0.64065
0.674325
0.683475
0.692175
0.6977
0.802225
0.8051
0.815675
0.8274
0.86925
0.8844
0.906125
0.92145
0.92765
0.951525
0.98935
0.99515
1.103225
1.104
1.1103
1.156575
1.201325
1.23535
1.236775
1.247425
1.261175
1.264225
1.272675
1.28365
1.29035
1.293375
1.4045
1.44985
1.474225
1.4815
1.529975
1.534525
1.545525
1.547425
1.5872
1.7598
1.767075
1.7702
1.787325
1.799325
1.835425
1.85345
1.891125
2.009925
2.0306
2.05325
2.058025
2.085775
2.097025
2.145325
2.178625
2.180675
2.33755
2.346475
2.3486
2.4038
2.4259
2.42715
2.45265
2.458075
2.460075
2.4721
2.606425
2.672775
2.68925
2.7006
2.720425
2.7322
2.756325
2.757125
2.769275
2.97595
2.9864
3.00495
3.049875
3.053125
3.0677
3.071025
3.09155
3.2095
3.25035
3.252025
3.27295
3.27335
3.284175
3.30405
3.308375
3.31265
3.344525
3.37545
3.500175
3.50105
3.503675
3.541875
3.546175
3.55255
3.552625
3.5553
3.5738
3.593725
3.611225
3.6182
3.62235
3.6229
3.652675
3.661475
3.662775
3.671225
3.80425
3.80635
3.829275
3.836275
3.843675
3.853875
3.8659
3.8695
3.89815
3.90085
3.9349
3.94935
3.976
4.119275
4.13635
4.1376
4.141525
4.144575
4.152875
4.203
4.2242
4.232325
4.254575
4.2961
4.404675
4.416775
4.428975
4.46245
4.497725
4.5022
4.50575
4.509275
4.51435
4.555425
4.5698
4.580025
4.58435
4.5871
4.701225
4.70265
4.703175
4.704025
4.719725
4.771075
4.790575
4.8201
4.822825
4.83525
4.853575
4.8579
4.8685
4.89275
5.013975
5.01945
5.053325
5.08805
5.133325
5.147375
5.18085
5.194875
5.198425
5.301675
5.310775
5.311925
5.32765
5.35195
5.358275
5.359175
5.375325
5.3834
5.3884
5.4093
5.427325
5.441125
5.441875
5.476925
5.617025
5.633125
5.65005
5.664275
5.675325
5.695025
5.70715
5.709175
5.724775
5.790925
5.791975
5.79695
5.90625
5.913775
5.92385
5.93635
5.95865
5.9608
5.974875
5.99335
6.000425
6.016375
6.022625
6.02315
6.0242
6.07965
6.0846
6.09205
6.092675
6.20575
6.233175
6.234875
6.24755
6.272075
6.2812
6.308275
6.335775
6.339325
6.339625
6.37005
6.3916
6.399025
6.50685
6.5245
6.5304
6.53765
6.55935
6.5983
6.64645
6.665975
6.66905
6.673675
6.6981
6.8399
6.869125
6.872025
6.87965
6.884475
6.889525
6.8996
6.9231
6.929975
6.943025
6.9431
6.950875
6.99425
7.104025
7.1147
7.121625
7.12205
7.175375
7.185025
7.1956
7.197225
7.23715
7.247675
7.253775
7.254825
7.2891
7.405475
7.41375
7.428275
7.430575
7.437675
7.444075
7.44915
7.4517
7.45375
7.464825
7.47145
7.505075
7.508625
7.526525
7.54725
7.563425
7.5682
7.72035
7.731925
7.749575
7.753425
7.764875
7.765775
7.8024
7.81165
7.819225
7.869125
7.8719
7.887725
8.010775
8.0404
8.06315
8.074475
8.0811
8.138575
8.147225
8.1514
8.16215
8.1691
8.301875
8.345225
8.358775
8.373225
8.390325
8.39425
8.397575
8.4022
8.4032
8.419475
8.461425
8.616475
8.651925
8.6588
8.6655
8.66635
8.68565
8.688475
8.688625
8.68915
8.697075
8.70515
8.7073
8.735675
8.74795
8.7694
8.7739
8.7882
8.9059
8.906375
8.94375
8.95945
8.959625
8.980425
8.9855
9.0244
9.044
9.07475
9.076225
375
