0.007725
0.016
0.0223
0.043925
0.053775
0.0678
0.073175
0.2115
0.25315
0.265975
0.27445
0.280975
0.286175
0.3106
0.311625
0.315875
0.36835
0.374625
0.384175
0.38565
0.394075
0.50605
0.512325
0.5163
0.519375
0.551775
0.5709
0.580125
0.612075
0.61665
0.639025
0.644375
0.665475
0.673625
0.68395
0.807525
0.826325
0.828925
0.87005
0.887375
0.901225
0.913825
0.919475
0.9243
0.93115
0.939925
0.9451
0.945825
0.998875
1.11255
1.15365
1.16345
1.171875
1.217825
1.2194
1.243675
1.251925
1.260775
1.282075
1.28445
1.28785
1.438525
1.4423
1.447625
1.470925
1.491375
1.499075
1.503125
1.50815
1.509025
1.51105
1.521825
1.575325
1.59255
1.715975
1.727125
1.73695
1.737075
1.7565
1.760125
1.775825
1.814225
1.855225
1.856425
1.882075
1.886975
1.8971
2.005075
2.022175
2.036525
2.05625
2.067675
2.073925
2.09255
2.09725
2.142475
2.1483
2.159375
2.17045
2.1969
2.349125
2.374425
2.3769
2.40965
2.4619
2.46625
2.4683
2.4999
2.612075
2.62905
2.65345
2.657
2.6591
2.6701
2.672725
2.715275
2.723575
2.763325
2.76495
2.9396
2.9425
2.94405
2.9625
2.968775
2.9813
2.9879
3.00005
3.005675
3.016225
3.224725
3.237175
3.242025
3.28625
3.30025
3.3268
3.35395
3.3578
3.359975
3.362425
3.36765
3.374175
3.377825
3.529425
3.53495
3.556025
3.56275
3.566725
3.602475
3.6504
3.6546
3.6844
3.690025
3.80035
3.838
3.83815
3.840475
3.850775
3.86075
3.880275
3.88125
3.88405
3.884875
3.92055
3.943225
3.958925
3.970475
3.979825
3.9803
3.9809
4.118475
4.12415
4.1256
4.152725
4.17025
4.21695
4.24025
4.261725
4.27405
4.290425
4.294025
4.402225
4.405375
4.41405
4.4192
4.432575
4.4359
4.440025
4.469075
4.47875
4.49055
4.513
4.542025
4.5794
4.59355
4.71105
4.734325
4.744125
4.789475
4.790175
4.80575
4.85975
4.89565
5.001525
5.012775
5.014125
5.0354
5.050575
5.073275
5.08875
5.128225
5.138525
5.151925
5.1817
5.1959
5.32155
5.322275
5.354625
5.361575
5.373025
5.39825
5.41135
5.416225
5.4287
5.435175
5.449325
5.473125
5.483025
5.611025
5.6111
5.614725
5.6175
5.623025
5.678225
5.67935
5.697875
5.711425
5.7466
5.786075
5.915125
5.915425
5.91605
5.9252
5.943375
5.9635
5.981525
5.98945
6.041425
6.04205
6.06095
6.079475
6.0949
6.234525
6.236625
6.240475
6.244575
6.2575
6.2576
6.31695
6.3218
6.3283
6.341025
6.3617
6.36695
6.371275
6.39005
6.5091
6.522275
6.56695
6.578775
6.60645
6.652975
6.6704
6.801725
6.809675
6.86755
6.8939
6.897875
6.89795
6.927475
6.9373
6.95885
6.977175
6.9964
7.11015
7.114075
7.124
7.131425
7.144775
7.148775
7.1537
7.17735
7.193975
7.1947
7.19655
7.2232
7.243175
7.24465
7.2565
7.409025
7.41095
7.413925
7.418925
7.426175
7.44355
7.459
7.46165
7.469225
7.4826
7.492125
7.49535
7.4987
7.52805
7.542575
7.5593
7.581075
7.5891
7.59055
7.59345
7.594425
7.71465
7.729825
7.75675
7.762125
7.76315
7.776875
7.78065
8.064
8.084975
8.1008
8.1069
8.109225
8.12005
8.123225
8.155375
8.3324
8.374775
8.380175
8.38975
8.396775
8.39995
8.435025
8.4701
8.474125
8.60415
8.604175
8.608125
8.618325
8.634775
8.6372
8.6565
8.6988
8.7109
8.7219
8.7439
8.763525
8.76835
8.7799
8.91945
8.940675
8.966975
8.97535
8.98025
8.991
8.99225
9.01435
9.03255
9.0335
367
