0.0081
0.014025
0.020875
0.0342
0.08985
0.09605
0.21245
0.24765
0.260475
0.2955
0.30845
0.317225
0.320775
0.3524
0.353925
0.363025
0.376975
0.384625
0.39035
0.505025
0.51845
0.524625
0.559325
0.56665
0.5692
0.57295
0.5797
0.582625
0.608775
0.613675
0.6292
0.639325
0.657575
0.662275
0.67075
0.676275
0.821475
0.8271
0.835475
0.848875
0.8489
0.849275
0.857525
0.870925
0.87455
0.8868
0.897925
0.913775
0.917275
1.120825
1.14245
1.15585
1.162525
1.16575
1.18315
1.19175
1.20905
1.2173
1.2377
1.271175
1.40985
1.41925
1.4398
1.463175
1.469925
1.4703
1.473075
1.4846
1.513575
1.52595
1.53025
1.53965
1.546025
1.55885
1.5875
1.7003
1.7078
1.7129
1.720225
1.7296
1.7378
1.7429
1.7616
1.77445
1.790975
1.802925
1.863025
1.88495
1.885225
2.004225
2.005225
2.030325
2.1049
2.114125
2.120475
2.123375
2.12925
2.13225
2.137425
2.160225
2.16915
2.17065
2.1735
2.1873
2.313675
2.322175
2.336275
2.350475
2.3617
2.3957
2.3996
2.41415
2.43715
2.451325
2.459225
2.605375
2.610975
2.6601
2.669725
2.7083
2.72635
2.753775
2.77215
2.7813
2.910175
2.91795
2.918625
2.98525
3.0041
3.0092
3.014925
3.054675
3.056725
3.218725
3.243225
3.263675
3.27005
3.285525
3.30615
3.367
3.367325
3.378
3.381425
3.51
3.528825
3.554975
3.59775
3.606725
3.632375
3.632825
3.639725
3.641325
3.6523
3.66485
3.682
3.68575
3.6924
3.808375
3.818625
3.827675
3.857325
3.91295
3.91685
3.917725
3.931
3.9389
3.9429
3.959975
3.974325
3.97455
3.98255
4.109475
4.1121
4.1243
4.132975
4.13945
4.14615
4.160475
4.163225
4.16865
4.18505
4.210875
4.230275
4.264
4.26405
4.26535
4.272225
4.407075
4.432525
4.484325
4.493175
4.509
4.509175
4.511425
4.522975
4.52795
4.5517
4.57305
4.587225
4.717025
4.7548
4.765425
4.77375
4.790275
4.792375
4.854
4.85965
4.863425
4.87685
4.899975
5.0011
5.0103
5.02855
5.068325
5.074475
5.077075
5.087975
5.0891
5.1132
5.117675
5.13465
5.153675
5.31425
5.325875
5.326175
5.329075
5.3648
5.401925
5.432425
5.494475
5.600225
5.6046
5.61825
5.635775
5.64395
5.657125
5.682475
5.688675
5.711175
5.71905
5.7608
5.78845
5.902825
5.9193
5.921175
5.9257
5.933275
5.95935
5.981425
6.00195
6.01305
6.024875
6.04
6.043275
6.0652
6.0688
6.069
6.07435
6.099925
6.2146
6.2181
6.240725
6.275175
6.289575
6.2976
6.31045
6.3585
6.3862
6.3875
6.503575
6.5192
6.541175
6.546975
6.61595
6.6261
6.628625
6.6479
6.659125
6.68215
6.6913
6.809275
6.833225
6.849275
6.907125
6.9081
6.94005
6.9524
6.977875
6.98635
7.1131
7.139
7.14735
7.159925
7.160475
7.161
7.164725
7.1715
7.1895
7.1962
7.24645
7.259725
7.2708
7.272275
7.402
7.4103
7.46635
7.5009
7.526775
7.574175
7.591075
7.7196
7.73065
7.732725
7.75685
7.787875
7.797775
7.80205
7.8072
7.807875
7.807925
7.818675
7.830225
7.849975
7.85545
7.859525
7.886125
8.003275
8.03305
8.040175
8.077775
8.0931
8.138775
8.13935
8.16075
8.188925
8.1894
8.30365
8.316175
8.3244
8.327375
8.340875
8.3557
8.36765
8.37445
8.442525
8.471025
8.472575
8.477975
8.610975
8.627275
8.637575
8.646275
8.67705
8.704375
8.7099
8.719175
8.726975
8.730325
8.74145
8.757475
8.76565
8.781025
8.7862
8.79225
8.796325
8.92525
8.94085
8.953525
8.972475
8.972525
8.992575
9.000125
9.021625
9.033525
9.097825
375
