0.01245
0.018875
0.029575
0.053675
0.076275
0.078725
0.082775
0.0828
0.094925
0.0988
0.207925
0.22495
0.226675
0.243075
0.271425
0.296825
0.297575
0.30625
0.332125
0.345825
0.353525
0.53205
0.5364
0.54305
0.549975
0.554075
0.59155
0.648175
0.806575
0.818325
0.834175
0.84025
0.860275
0.87265
0.921
0.9453
0.9622
0.9847
0.9874
0.989225
1.11435
1.120975
1.12235
1.14525
1.14605
1.1702
1.2399
1.24275
1.2555
1.272575
1.4209
1.4297
1.4377
1.457675
1.475475
1.523575
1.538575
1.544375
1.552225
1.554125
1.5779
1.59085
1.592475
1.700525
1.714475
1.728875
1.729825
1.7317
1.749475
1.7777
1.784
1.815925
1.822725
1.864075
1.864775
1.867875
1.897625
2.006125
2.0565
2.063725
2.067675
2.072525
2.0758
2.08305
2.094375
2.1115
2.1151
2.121875
2.1379
2.15
2.161475
2.1639
2.165275
2.180575
2.194675
2.1949
2.300225
2.342525
2.35495
2.35505
2.380275
2.384475
2.391425
2.404675
2.408725
2.4257
2.442775
2.45075
2.49
2.6011
2.601175
2.616275
2.647675
2.677425
2.684875
2.693675
2.70315
2.7329
2.754075
2.764475
2.78265
2.798975
2.902825
2.93255
2.94185
2.94595
2.9561
2.9835
2.98895
2.997675
3.044675
3.07735
3.089225
3.210875
3.25525
3.30655
3.30765
3.3354
3.5034
3.5081
3.51865
3.523175
3.529975
3.5655
3.575925
3.580725
3.5972
3.632625
3.636575
3.816675
3.86745
3.881275
3.8822
3.8968
3.907925
3.920075
3.9247
3.9279
3.977475
3.97855
3.99775
4.113975
4.14955
4.24095
4.258525
4.270375
4.400925
4.408725
4.410225
4.422225
4.4244
4.441925
4.447725
4.460825
4.478025
4.488
4.507875
4.528875
4.532425
4.535475
4.554725
4.55525
4.5805
4.5996
4.71205
4.715775
4.7211
4.724875
4.728125
4.737875
4.742925
4.770775
4.773725
4.7811
4.81255
4.85685
4.859275
4.87005
5.013875
5.01755
5.024075
5.030225
5.030425
5.07215
5.0777
5.09525
5.100675
5.10415
5.323325
5.3296
5.345025
5.373
5.3799
5.4083
5.41775
5.423275
5.42335
5.4445
5.4658
5.4783
5.4902
5.491125
5.653375
5.6589
5.67795
5.682225
5.684075
5.6849
5.7172
5.717325
5.7192
5.720725
5.726475
5.741225
5.7534
5.75735
5.75745
5.767575
5.78595
5.792925
5.796275
5.921975
5.9657
5.978475
6.00605
6.066225
6.0799
6.08145
6.085675
6.0873
6.2003
6.2022
6.224825
6.231
6.237025
6.252025
6.2821
6.35315
6.532775
6.533025
6.541375
6.5598
6.584025
6.593
6.596
6.598175
6.60345
6.611825
6.629475
6.637825
6.638375
6.638725
6.640775
6.6594
6.6727
6.676775
6.682275
6.69545
6.69635
6.814725
6.8267
6.843975
6.846875
6.847775
6.942475
6.963825
6.965875
6.976525
7.108225
7.1424
7.1655
7.172975
7.18925
7.20175
7.2038
7.24405
7.24495
7.275325
7.29825
7.405525
7.405775
7.417675
7.425025
7.4315
7.43345
7.444225
7.446575
7.44735
7.470475
7.478875
7.486775
7.49415
7.49435
7.499175
7.53085
7.55325
7.576925
7.715325
7.749625
7.76165
7.774725
7.79445
7.808125
7.8248
7.830125
7.846325
7.855875
7.8606
7.878575
7.879375
8.006275
8.0307
8.078675
8.0893
8.0929
8.10235
8.136025
8.145175
8.153425
8.15865
8.3046
8.316875
8.317625
8.369425
8.3698
8.372575
8.391075
8.4026
8.42885
8.439325
8.4622
8.4674
8.48985
8.62905
8.651125
8.65375
8.6602
8.6604
8.693125
8.69615
8.7106
8.717525
8.723625
8.7572
8.7609
8.792525
8.937775
8.9589
8.969975
8.97225
8.98505
9.04255
9.09655
373
