0.02075
0.054425
0.05665
0.07155
0.21425
0.23365
0.23605
0.253075
0.25565
0.3455
0.3564
0.362975
0.367525
0.395025
0.50265
0.508325
0.509725
0.52525
0.57175
0.577525
0.6018
0.617475
0.622925
0.634725
0.6409
0.674025
0.677225
0.682325
0.682725
0.690025
0.80475
0.843225
0.8608
0.871975
0.909825
0.92095
0.955825
0.966825
1.116125
1.17055
1.1806
1.18375
1.195125
1.199825
1.2
1.210675
1.220625
1.22075
1.22855
1.2359
1.24805
1.259025
1.406175
1.414675
1.417175
1.438275
1.43985
1.44405
1.48525
1.501425
1.521425
1.546675
1.576725
1.585975
1.5888
1.714525
1.74745
1.749925
1.789425
1.792
1.8189
1.83195
1.846275
1.857125
1.857325
1.861375
1.863325
1.867425
1.880375
1.884275
1.894225
2.005525
2.0093
2.029525
2.051325
2.059125
2.069025
2.080825
2.08755
2.10185
2.1116
2.128875
2.1399
2.142375
2.144575
2.1473
2.19505
2.313075
2.3154
2.31685
2.3446
2.354175
2.357925
2.35955
2.362425
2.3696
2.374125
2.384575
2.4087
2.433
2.45315
2.455525
2.4791
2.60405
2.613675
2.6187
2.63165
2.69865
2.706
2.741525
2.775075
2.90705
2.9122
2.953925
2.9579
2.981
2.9814
2.9971
2.999475
3.0
3.0039
3.0058
3.0172
3.017575
3.083925
3.097525
3.098575
3.098725
3.212325
3.21305
3.215925
3.2339
3.241725
3.2423
3.257225
3.257825
3.265475
3.265575
3.297025
3.3016
3.3047
3.317875
3.321775
3.335
3.339325
3.35205
3.503
3.5045
3.54385
3.580225
3.632225
3.67365
3.6737
3.674425
3.68275
3.802825
3.838675
3.854175
3.8556
3.86145
3.8615
3.890675
3.893975
3.898275
3.89965
3.917125
3.918825
3.924325
3.92465
3.93045
3.95375
3.954725
3.965475
3.975175
3.98165
3.983175
3.986925
3.997075
4.178025
4.222175
4.228075
4.263725
4.270625
4.2822
4.4189
4.465
4.491575
4.506375
4.52625
4.5465
4.55425
4.5845
4.71385
4.734175
4.7439
4.754375
4.75995
4.7613
4.768775
4.792525
4.798775
4.8098
4.811725
4.813775
4.8562
4.86985
4.875275
4.89395
5.011
5.085175
5.12205
5.134325
5.150925
5.153175
5.1723
5.181875
5.1988
5.3222
5.323625
5.3767
5.37715
5.43585
5.4776
5.48795
5.6124
5.638725
5.6394
5.64125
5.64475
5.652
5.678625
5.7031
5.7233
5.749075
5.751825
5.769775
5.775325
5.782325
5.78435
5.914
5.914975
5.91985
5.933775
5.943875
5.946775
5.955025
5.9666
6.016425
6.03655
6.039675
6.04085
6.051925
6.098275
6.23415
6.24855
6.269375
6.323075
6.3396
6.34095
6.34175
6.341775
6.384325
6.5381
6.573475
6.60085
6.617125
6.639225
6.64245
6.665
6.671075
6.681975
6.688675
6.808975
6.809025
6.84525
6.8467
6.8565
6.874125
6.885675
6.88615
6.9077
6.917175
6.9657
6.975975
6.989175
7.104975
7.114825
7.1153
7.151125
7.157225
7.159025
7.169425
7.1901
7.2404
7.24925
7.26545
7.267575
7.295925
7.296175
7.4014
7.404225
7.408475
7.41865
7.4302
7.45405
7.458075
7.47595
7.49305
7.531775
7.54015
7.54395
7.54425
7.552925
7.58475
7.720275
7.726125
7.769825
7.82245
7.824275
7.82955
7.8366
7.8777
8.02455
8.036775
8.067825
8.084625
8.178875
8.18845
8.193175
8.336175
8.343825
8.3444
8.3613
8.370575
8.38135
8.383225
8.401275
8.403425
8.457525
8.461425
8.4822
8.62835
8.63485
8.640825
8.667275
8.6681
8.67115
8.692525
8.734275
8.73865
8.745
8.74565
8.753975
8.76305
8.787725
8.795225
8.79525
8.929875
8.961525
8.962175
8.964875
8.975625
8.988175
9.0246
9.032325
9.034575
9.052775
9.057175
9.085275
379
