0.010425
0.011575
0.012075
0.0224
0.037675
0.04215
0.0754
0.21055
0.242875
0.2584
0.288225
0.28835
0.3029
0.314225
0.31865
0.325275
0.333325
0.354225
0.359225
0.386125
0.500125
0.551375
0.553825
0.56415
0.5886
0.59245
0.61325
0.64185
0.656025
0.8016
0.80385
0.82905
0.849425
0.862725
0.862875
0.886325
0.926125
0.934175
0.98145
0.996575
1.106425
1.12175
1.122
1.13305
1.1641
1.181925
1.220075
1.2793
1.292025
1.406425
1.430375
1.465975
1.4753
1.48185
1.483525
1.495325
1.507025
1.519075
1.5356
1.538925
1.564925
1.569125
1.57615
1.588375
1.707925
1.718
1.7593
1.788725
1.796925
1.83055
1.873025
1.893325
2.011075
2.0207
2.024375
2.02495
2.045575
2.057525
2.094425
2.1785
2.300575
2.3129
2.314275
2.324525
2.331275
2.34035
2.36545
2.403425
2.40665
2.465725
2.633025
2.644375
2.650725
2.691175
2.7268
2.746775
2.75935
2.76305
2.799
2.934575
2.945075
2.982575
2.9889
2.997475
3.01095
3.01185
3.020175
3.0235
3.03035
3.03415
3.041175
3.0689
3.081275
3.088925
3.0966
3.202375
3.21435
3.2323
3.276275
3.2862
3.288175
3.301625
3.335825
3.34225
3.3714
3.37385
3.37465
3.379
3.502175
3.52915
3.54175
3.553225
3.554925
3.573675
3.584525
3.608475
3.613625
3.635725
3.63975
3.656825
3.6668
3.671475
3.678
3.686675
3.821425
3.823575
3.832675
3.840375
3.8537
3.8575
3.873925
3.879175
3.899225
3.91045
3.9494
3.951875
3.992275
4.128175
4.12835
4.1845
4.195425
4.225125
4.225625
4.227925
4.2693
4.2703
4.417375
4.4321
4.4566
4.460475
4.472125
4.533225
4.541025
4.5482
4.56855
4.58515
4.590175
4.707275
4.727625
4.7543
4.757125
4.762475
4.76745
4.801575
4.817025
4.827325
4.85955
4.887075
5.03955
5.063125
5.083325
5.0876
5.099175
5.100825
5.106575
5.158025
5.169325
5.17215
5.195875
5.300025
5.307375
5.323475
5.37035
5.37465
5.38875
5.395625
5.4054
5.4408
5.45195
5.45335
5.47155
5.4873
5.49325
5.604225
5.620025
5.622275
5.624675
5.63685
5.643625
5.69545
5.7002
5.7146
5.72435
5.732575
5.74225
5.7436
5.779525
5.91135
5.92545
5.93995
5.96085
5.9755
5.99215
6.001525
6.02025
6.02165
6.037375
6.061075
6.091375
6.22875
6.24405
6.258325
6.269775
6.3283
6.338975
6.36485
6.389025
6.390675
6.394025
6.534725
6.53575
6.580775
6.589775
6.599975
6.612025
6.619775
6.661975
6.666725
6.805375
6.84445
6.863375
6.864875
6.87225
6.87715
6.89215
6.92085
6.947725
6.961525
7.123375
7.1252
7.128875
7.129975
7.152675
7.18215
7.2251
7.2438
7.2513
7.272725
7.27935
7.2958
7.4115
7.492125
7.512575
7.513
7.514575
7.517625
7.523625
7.528625
7.54445
7.5936
7.739825
7.7399
7.7435
7.753275
7.764825
7.787475
7.8075
7.825325
7.836575
7.839875
7.84695
7.8727
7.876025
7.889125
8.00275
8.0038
8.0148
8.0217
8.022225
8.106025
8.107175
8.125075
8.1264
8.16145
8.16295
8.179925
8.1992
8.341125
8.356025
8.358825
8.3733
8.411875
8.433
8.474125
8.63305
8.6468
8.6842
8.69485
8.705
8.709075
8.72895
8.74525
8.752425
8.788625
8.9139
8.91955
8.945675
8.955875
8.9616
8.9761
9.0101
9.012375
9.0238
9.087225
344
