0.011875
0.21075
0.21325
0.23525
0.2531
0.272275
0.28035
0.299
0.328475
0.33535
0.3467
0.361725
0.394825
0.395875
0.5158
0.524375
0.551075
0.584625
0.617625
0.621675
0.63165
0.640725
0.641475
0.6678
0.6788
0.68345
0.810175
0.813375
0.8247
0.837925
0.8568
0.8906
0.914375
0.923725
0.974
0.97785
1.110775
1.166225
1.1702
1.1777
1.192825
1.192975
1.20695
1.209525
1.273
1.2784
1.281125
1.4277
1.428425
1.4395
1.49875
1.508875
1.52835
1.545725
1.54885
1.5569
1.56115
1.56845
1.58765
1.7046
1.706175
1.712
1.727325
1.727875
1.730025
1.733975
1.759525
1.76955
1.7885
1.792725
1.79785
1.81345
1.8412
1.856175
1.877775
1.890325
1.892575
2.005775
2.0181
2.019275
2.0193
2.0442
2.047975
2.052425
2.0615
2.086675
2.104775
2.105675
2.145775
2.149175
2.15855
2.16075
2.161925
2.1868
2.194475
2.319
2.334475
2.34375
2.37145
2.385025
2.40495
2.422675
2.4451
2.473175
2.473975
2.60725
2.61005
2.6124
2.621775
2.6346
2.64215
2.6658
2.6703
2.6884
2.71245
2.712825
2.787525
2.9264
2.95805
2.9762
2.980525
2.9957
3.014325
3.025925
3.0437
3.04815
3.063475
3.070075
3.0792
3.0828
3.212525
3.24955
3.2576
3.268125
3.292275
3.30125
3.32815
3.33085
3.33635
3.35105
3.352825
3.35965
3.375775
3.381975
3.387525
3.541
3.59025
3.624225
3.644775
3.67415
3.68045
3.80025
3.8009
3.82675
3.827475
3.830375
3.83775
3.8391
3.84035
3.859375
3.8688
3.8788
3.883
3.916975
3.934725
3.986425
4.106875
4.119225
4.140925
4.1432
4.18995
4.2128
4.21325
4.22355
4.2299
4.23075
4.24845
4.258625
4.26075
4.283275
4.2998
4.429175
4.439025
4.44085
4.4423
4.4439
4.461
4.49235
4.528475
4.54235
4.561275
4.59755
4.75875
4.766125
4.77545
4.78295
4.7842
4.79085
4.8205
4.837975
4.867675
5.000775
5.049425
5.0569
5.081875
5.107725
5.1096
5.1271
5.137525
5.138875
5.16735
5.328175
5.329275
5.334625
5.36155
5.372525
5.4371
5.439425
5.45585
5.465575
5.4941
5.618625
5.6428
5.706625
5.7416
5.751175
5.761825
5.772525
5.788675
5.798275
5.905725
5.9318
5.94705
5.950425
5.953725
5.99855
6.002175
6.0065
6.0299
6.05095
6.067025
6.079475
6.2043
6.20515
6.223625
6.23085
6.235475
6.24455
6.248625
6.26445
6.274675
6.2751
6.308875
6.3159
6.34735
6.356275
6.3807
6.385525
6.51285
6.51695
6.53105
6.539075
6.553375
6.575375
6.588475
6.60065
6.664075
6.667775
6.67235
6.67435
6.67685
6.8107
6.817825
6.83605
6.839475
6.841825
6.84325
6.86265
6.9239
6.934875
6.93895
6.9455
6.9511
6.965575
6.998725
7.1206
7.124925
7.12995
7.1837
7.194425
7.2139
7.216775
7.228825
7.2895
7.29445
7.423925
7.42485
7.44975
7.470925
7.496525
7.51185
7.524525
7.5543
7.56925
7.57205
7.599875
7.70595
7.712925
7.71945
7.7288
7.7905
7.79675
7.80475
7.823225
7.83005
7.854225
7.8568
7.89765
8.009125
8.03615
8.052975
8.054975
8.0757
8.0785
8.08
8.0926
8.100725
8.1175
8.13005
8.14535
8.15445
8.164875
8.17325
8.1901
8.342325
8.350875
8.374475
8.391125
8.405425
8.411975
8.45655
8.473975
8.475
8.496775
8.62505
8.684025
8.694625
8.716075
8.7222
8.744925
8.9138
8.91825
8.9296
9.00345
9.011
9.013675
9.06215
357
