0.0528
0.093725
0.21475
0.24125
0.25125
0.281
0.287025
0.298425
0.31635
0.344925
0.347975
0.366475
0.386325
0.5198
0.524725
0.536925
0.6148
0.6223
0.624175
0.683875
0.689775
0.835225
0.85785
0.87835
0.888225
0.894775
0.908725
0.92195
0.93085
0.95335
0.959
0.975725
0.979725
0.984525
0.988675
0.9981
1.107575
1.108025
1.109675
1.12505
1.143325
1.157425
1.1658
1.166425
1.170175
1.190475
1.2125
1.21485
1.238275
1.2649
1.266525
1.29725
1.4249
1.43465
1.453275
1.4705
1.478125
1.486325
1.493425
1.514175
1.57555
1.580925
1.5955
1.599875
1.7084
1.721025
1.735475
1.752175
1.752475
1.80945
1.827625
1.897075
2.0421
2.042575
2.04355
2.05025
2.054725
2.06735
2.07
2.08235
2.09215
2.101775
2.170425
2.310025
2.319425
2.334675
2.350475
2.37765
2.387925
2.404075
2.405875
2.4124
2.41815
2.4304
2.445775
2.448
2.473575
2.4957
2.600175
2.60125
2.63765
2.66505
2.67605
2.6845
2.705075
2.7145
2.714575
2.74265
2.75495
2.7744
2.7967
2.9018
2.90655
2.910975
2.914875
2.922725
2.939575
2.9479
2.96715
2.977425
2.994875
3.0173
3.02045
3.0213
3.03555
3.039525
3.07155
3.084125
3.098125
3.218575
3.2424
3.24345
3.252425
3.265325
3.28115
3.281975
3.295225
3.303675
3.33845
3.35015
3.359475
3.376125
3.3785
3.392875
3.39515
3.5187
3.52115
3.527175
3.5322
3.54285
3.550375
3.5697
3.572625
3.594575
3.610525
3.6182
3.61905
3.623325
3.626825
3.656425
3.65755
3.657625
3.682325
3.698125
3.8031
3.818425
3.840475
3.876225
3.906575
3.920325
3.92235
3.96225
3.974675
4.106675
4.1226
4.13345
4.138475
4.150475
4.1691
4.186225
4.201925
4.203525
4.231825
4.2586
4.261
4.299875
4.40945
4.418775
4.459975
4.4719
4.483925
4.50275
4.5176
4.526525
4.53095
4.54045
4.5523
4.557025
4.58235
4.5845
4.713975
4.727625
4.73085
4.73475
4.7566
4.756975
4.757175
4.785125
4.821125
4.8321
4.846325
4.8891
4.89035
4.8972
5.009525
5.01215
5.026
5.02885
5.04295
5.046425
5.048075
5.076575
5.096875
5.108075
5.125
5.142025
5.173125
5.312775
5.338425
5.34175
5.3445
5.3652
5.374375
5.3755
5.381175
5.382675
5.38435
5.398475
5.4024
5.419125
5.427825
5.468375
5.494675
5.6088
5.628875
5.64035
5.642125
5.679
5.6912
5.694225
5.7044
5.711775
5.76075
5.7819
5.788675
5.790975
5.901
5.908575
5.920675
5.92845
5.929875
5.935475
5.940775
5.943975
5.94605
5.961275
6.003925
6.005825
6.02375
6.039975
6.05635
6.0915
6.093875
6.20055
6.22125
6.2215
6.233225
6.2355
6.2488
6.286025
6.300825
6.307125
6.323675
6.337175
6.34315
6.361625
6.381275
6.3891
6.509675
6.515875
6.5228
6.5627
6.5637
6.568325
6.5742
6.597775
6.6009
6.624475
6.628425
6.641325
6.669875
6.67605
6.68615
6.8025
6.807675
6.831
6.84705
6.878
6.89155
6.9008
6.922525
6.9239
6.933275
6.936425
6.972325
6.9849
6.987075
7.10155
7.116775
7.1531
7.15695
7.18015
7.191575
7.19475
7.22375
7.281425
7.4168
7.49985
7.51355
7.5365
7.550575
7.5727
7.592575
7.59605
7.713825
7.75155
7.756775
7.762875
7.7732
7.8127
7.857725
7.884075
8.02575
8.0422
8.0448
8.045975
8.049975
8.064675
8.127375
8.1422
8.17825
8.3079
8.315375
8.32645
8.3299
8.3599
8.365275
8.400075
8.4021
8.40705
8.43045
8.4394
8.442175
8.473125
8.47675
8.484375
8.607225
8.628825
8.6423
8.647575
8.673375
8.71915
8.729075
8.752575
8.916625
8.932775
8.945125
8.948275
8.966875
8.978675
9.0154
9.0208
9.030375
9.0393
9.0792
9.0943
386
