0.007525
0.016325
0.031275
0.046925
0.050625
0.067025
0.08115
0.0814
0.08265
0.08925
0.224725
0.23335
0.239825
0.2421
0.2612
0.2704
0.2831
0.287175
0.28995
0.30145
0.308425
0.3157
0.3482
0.35275
0.374075
0.377225
0.37905
0.3926
0.542725
0.54625
0.569725
0.5727
0.6219
0.649975
0.80215
0.807025
0.807125
0.8225
0.82295
0.825175
0.8575
0.899975
0.915375
0.921025
0.93495
0.950525
0.956575
0.9685
0.9712
0.97915
0.998125
1.1042
1.12175
1.126575
1.1507
1.155425
1.173375
1.179425
1.243575
1.2626
1.27925
1.2904
1.2911
1.299025
1.417475
1.446175
1.44925
1.4655
1.47195
1.474425
1.52025
1.52985
1.5383
1.55225
1.560025
1.562925
1.584125
1.700625
1.824375
1.872725
1.8908
1.892475
2.0071
2.062825
2.093875
2.094675
2.108775
2.1234
2.13985
2.144225
2.145975
2.1616
2.165275
2.168075
2.172625
2.17705
2.180325
2.18235
2.189975
2.19375
2.312975
2.318575
2.32145
2.353275
2.363775
2.387325
2.399875
2.406975
2.40735
2.445425
2.45565
2.472075
2.605225
2.617125
2.662725
2.696875
2.69855
2.70315
2.7165
2.755375
2.7775
2.7871
2.918375
2.923925
2.92765
2.93485
2.955125
2.98315
3.003125
3.0124
3.01335
3.050575
3.05935
3.0656
3.099975
3.2453
3.26115
3.2858
3.324125
3.388825
3.5028
3.5055
3.55155
3.55465
3.5929
3.625625
3.6387
3.644875
3.668875
3.68455
3.694425
3.80105
3.832925
3.847775
3.859275
3.902625
3.910025
3.92645
3.931425
3.932825
3.9659
3.97835
3.98285
3.997
3.997925
4.10065
4.114675
4.138125
4.138625
4.13875
4.140675
4.155425
4.180625
4.182325
4.234475
4.2689
4.404175
4.4133
4.41565
4.421625
4.4251
4.457725
4.510825
4.5207
4.579075
4.703475
4.707525
4.72285
4.760325
4.768525
4.771175
4.773375
4.830925
4.845975
4.8536
4.854875
5.0268
5.033375
5.044875
5.051825
5.053725
5.056975
5.07735
5.077525
5.0838
5.086025
5.089975
5.106275
5.160075
5.17295
5.3003
5.3015
5.3254
5.345725
5.356875
5.357075
5.3678
5.372425
5.388075
5.43585
5.47035
5.4725
5.485225
5.49065
5.498675
5.608925
5.655825
5.6576
5.66205
5.68885
5.6908
5.712725
5.721625
5.76515
5.971125
5.978975
5.990775
6.04165
6.049975
6.051875
6.05945
6.0892
6.0973
6.0994
6.208475
6.22955
6.23555
6.2444
6.25355
6.259125
6.265725
6.28555
6.302225
6.314175
6.3283
6.374825
6.381825
6.505775
6.506825
6.539475
6.55355
6.55875
6.63605
6.663875
6.6793
6.68225
6.685375
6.6959
6.80145
6.832675
6.8345
6.858275
6.866425
6.9037
6.925925
6.94885
6.9497
6.9648
7.113175
7.15405
7.1714
7.19695
7.244125
7.2689
7.281525
7.403025
7.4191
7.433875
7.441025
7.465025
7.498875
7.5273
7.53
7.5436
7.5468
7.5575
7.56305
7.5806
7.590475
7.70135
7.7111
7.723625
7.72715
7.74235
7.831975
7.861725
7.865225
7.867625
7.868775
7.869
7.89175
8.0223
8.054375
8.05565
8.077675
8.19055
8.317225
8.325225
8.3257
8.33825
8.34035
8.35825
8.365675
8.385575
8.42455
8.4256
8.456075
8.62155
8.65765
8.661725
8.6748
8.71115
8.71345
8.735875
8.908075
8.930875
8.9904
9.008975
9.011625
9.014925
9.036025
9.03975
9.043675
9.08335
9.095925
9.096275
346
