0.020275
0.0331
0.04555
0.0555
0.059275
0.06655
0.070125
0.088675
0.225575
0.296875
0.33045
0.331425
0.33645
0.3366
0.36675
0.371125
0.383875
0.39555
0.500025
0.51035
0.547675
0.552675
0.585025
0.591075
0.5962
0.61445
0.619375
0.6242
0.63375
0.68415
0.68835
0.8186
0.82585
0.832175
0.840125
0.84445
0.85425
0.87705
0.8812
0.89115
0.9244
0.9303
0.934175
0.936625
0.946025
0.95005
0.9535
0.97635
0.98195
1.1067
1.120625
1.129275
1.133975
1.158975
1.18875
1.1891
1.201175
1.2244
1.23525
1.28015
1.2888
1.294375
1.299775
1.4052
1.4308
1.439675
1.453125
1.458425
1.466375
1.49575
1.5081
1.51515
1.524925
1.569875
1.57215
1.59475
1.7024
1.71175
1.7159
1.723725
1.76375
1.7826
1.78555
1.8215
1.824875
1.855025
1.85915
1.870675
1.874725
1.878125
1.88985
2.032425
2.04945
2.06635
2.0683
2.0745
2.07455
2.088975
2.1618
2.1762
2.176775
2.186825
2.195425
2.3135
2.32955
2.3417
2.36265
2.37815
2.39085
2.3988
2.407525
2.408075
2.417775
2.42565
2.428575
2.4886
2.492225
2.49235
2.60145
2.634675
2.64575
2.66955
2.67005
2.687975
2.731875
2.7326
2.7372
2.754875
2.767675
2.778675
2.778875
2.788925
2.7914
2.7966
2.910925
2.91135
2.937375
2.950075
2.958725
2.960975
2.99115
3.02205
3.024825
3.04085
3.046925
3.08435
3.2313
3.346225
3.352275
3.357525
3.36075
3.362475
3.387775
3.5258
3.5421
3.564925
3.575825
3.58705
3.587325
3.614425
3.633625
3.6512
3.653175
3.659175
3.6891
3.693575
3.698775
3.83575
3.843025
3.846025
3.862325
3.884975
3.924425
3.979825
3.982825
4.107825
4.109975
4.12915
4.144825
4.147775
4.253725
4.260675
4.406425
4.412375
4.417025
4.446525
4.463025
4.475875
4.52565
4.549825
4.5611
4.70415
4.728625
4.770525
4.789325
4.79305
4.85745
4.887775
5.003075
5.0327
5.0383
5.044925
5.0577
5.066625
5.068525
5.080475
5.08945
5.09895
5.1054
5.11455
5.130275
5.15615
5.1757
5.32165
5.33185
5.3476
5.35655
5.35985
5.384375
5.42305
5.447825
5.4687
5.469975
5.495075
5.621175
5.644425
5.65155
5.6593
5.667775
5.693125
5.7394
5.7399
5.744925
5.764225
5.77425
5.7884
5.914825
5.954925
5.98365
5.9968
5.9982
6.0021
6.02875
6.03155
6.209025
6.213075
6.23565
6.265175
6.296275
6.302925
6.31385
6.31735
6.37305
6.516875
6.527475
6.5448
6.5483
6.5492
6.553625
6.56165
6.594375
6.5965
6.60495
6.609325
6.619025
6.619425
6.6522
6.6551
6.676525
6.680875
6.683525
6.807825
6.817275
6.81935
6.840725
6.84715
6.858075
6.871225
6.890475
6.894975
6.94445
6.981075
6.98685
6.992625
7.1032
7.129225
7.142825
7.158425
7.177325
7.238625
7.252175
7.263825
7.26835
7.409975
7.4163
7.443525
7.4722
7.4828
7.507075
7.51275
7.524
7.530675
7.533475
7.5409
7.541075
7.552725
7.5679
7.705875
7.73295
7.7346
7.757725
7.78235
7.836125
7.84565
7.89905
8.0154
8.031525
8.03675
8.075475
8.088025
8.09045
8.132475
8.136325
8.14855
8.155125
8.15675
8.170025
8.19265
8.30755
8.3087
8.346775
8.3739
8.3886
8.43915
8.472975
8.47395
8.485225
8.493725
8.498325
8.653375
8.689575
8.69805
8.732475
8.7515
8.789
8.91065
8.93015
8.9322
8.95785
8.958575
8.976075
8.979175
8.99035
8.9948
8.99825
9.01615
9.025125
9.0571
9.07045
9.07445
9.091
9.0927
362
