0.001175
0.0085
0.010325
0.015925
0.062125
0.07415
0.0789
0.089775
0.0963
0.2205
0.228725
0.2634
0.272225
0.27505
0.27645
0.328725
0.346725
0.3555
0.3843
0.3873
0.504125
0.52425
0.5355
0.58535
0.602225
0.60635
0.61305
0.613625
0.623525
0.637975
0.65885
0.670225
0.8018
0.84895
0.852775
0.8647
0.867925
0.879925
0.88505
0.905925
0.906975
0.92235
0.97
0.99505
1.113825
1.12
1.1269
1.139275
1.148325
1.157825
1.1977
1.22585
1.232875
1.258825
1.26695
1.27535
1.28395
1.4069
1.407025
1.41405
1.415375
1.448975
1.450725
1.451325
1.46345
1.4942
1.50955
1.5416
1.583375
1.715425
1.720725
1.74295
1.756125
1.814175
1.848125
1.879225
2.015075
2.015575
2.0333
2.03345
2.03805
2.056775
2.0778
2.079425
2.12635
2.129275
2.142275
2.19075
2.315775
2.334175
2.341025
2.34615
2.371375
2.3739
2.40385
2.404075
2.408125
2.41
2.41115
2.417175
2.4428
2.47405
2.487175
2.603825
2.610725
2.611175
2.6888
2.698425
2.705525
2.710075
2.729725
2.7304
2.7794
2.79375
2.909175
2.91085
2.946975
2.96365
2.991075
2.997575
3.019425
3.05205
3.06065
3.064825
3.09065
3.092325
3.096175
3.219275
3.23065
3.23245
3.23535
3.24745
3.251175
3.26795
3.31215
3.366275
3.371775
3.375275
3.39615
3.503275
3.530475
3.538675
3.542125
3.556975
3.5769
3.5804
3.6399
3.644275
3.6578
3.67385
3.6865
3.6883
3.6933
3.833
3.871825
3.8726
3.879325
3.88115
3.882525
3.897325
3.911675
3.923125
3.925075
3.937325
3.9635
3.987925
4.1383
4.15575
4.159125
4.161525
4.1894
4.21875
4.23565
4.2498
4.253675
4.269925
4.2723
4.28345
4.2969
4.41945
4.4236
4.433175
4.44455
4.4649
4.50085
4.501925
4.50585
4.522525
4.53605
4.541725
4.57705
4.583275
4.59475
4.71075
4.716025
4.79315
4.79705
4.830925
4.844125
4.8735
4.888825
4.89225
4.8963
5.016475
5.039375
5.041675
5.042
5.1297
5.142525
5.14705
5.1655
5.318675
5.33215
5.362325
5.366425
5.376875
5.3802
5.420375
5.46865
5.469225
5.48075
5.4978
5.6161
5.6346
5.646625
5.6717
5.689675
5.695625
5.6992
5.7111
5.73385
5.75645
5.7634
5.76745
5.768425
5.788725
5.910075
5.9135
5.9311
5.93435
5.9546
5.955975
5.9818
6.02675
6.0506
6.0633
6.077575
6.221525
6.2359
6.25025
6.258075
6.263725
6.38605
6.3969
6.55255
6.563375
6.581175
6.649175
6.66105
6.663775
6.6657
6.6674
6.689775
6.800575
6.803
6.806825
6.829725
6.85215
6.854025
6.917175
6.918525
6.936725
6.94495
6.95985
6.96185
6.99245
6.997775
7.12855
7.13105
7.1394
7.147975
7.152275
7.16435
7.172225
7.178875
7.179275
7.193125
7.224975
7.2333
7.236475
7.2466
7.251
7.25985
7.29515
7.4213
7.424125
7.425825
7.44295
7.4498
7.4765
7.48295
7.497875
7.503925
7.5157
7.553425
7.5833
7.713775
7.734575
7.75325
7.7599
7.76435
7.77765
7.784375
7.7849
7.785125
7.7859
7.807275
7.810725
7.8266
7.848675
7.85215
7.85955
7.874425
8.001575
8.03385
8.0579
8.067725
8.0965
8.11145
8.135225
8.15835
8.176525
8.18095
8.1853
8.194675
8.301175
8.3228
8.327875
8.37075
8.37105
8.38745
8.402375
8.4181
8.4304
8.436175
8.43945
8.471525
8.62705
8.636175
8.678225
8.720425
8.72075
8.7237
8.734575
8.739925
8.7421
8.75765
8.7696
8.77625
8.777925
8.9072
8.910575
8.9244
8.951975
8.9565
8.9698
9.019075
9.0211
9.0298
9.04545
9.059925
9.062875
9.072125
9.073125
9.082325
9.0843
9.0923
377
