0.022175
0.0779
0.080525
0.09215
0.095475
0.207
0.215525
0.230025
0.23205
0.245375
0.255425
0.268425
0.304125
0.307975
0.30985
0.312725
0.3167
0.348875
0.34975
0.36695
0.36775
0.3754
0.378275
0.38195
0.5144
0.523975
0.5961
0.630725
0.6339
0.6395
0.6464
0.661275
0.807775
0.80835
0.828625
0.858575
0.8807
0.887875
0.92815
0.928475
0.934625
0.956575
0.96445
0.968575
0.98065
1.114525
1.149
1.15205
1.159125
1.172075
1.190325
1.2025
1.209575
1.212675
1.214625
1.23355
1.26515
1.425225
1.456175
1.459275
1.46655
1.472475
1.48855
1.49285
1.4952
1.49645
1.5387
1.540425
1.543325
1.548875
1.588875
1.706275
1.73085
1.7537
1.786
1.796325
1.819475
1.841475
1.845375
1.861475
1.8669
1.8737
1.8834
1.8998
2.0039
2.05515
2.056425
2.058075
2.1012
2.114375
2.114775
2.118375
2.1323
2.136525
2.1374
2.142375
2.1777
2.1872
2.187425
2.305375
2.312825
2.324025
2.328125
2.3669
2.370725
2.3864
2.39005
2.395475
2.40485
2.440075
2.443275
2.482525
2.49105
2.608
2.6216
2.641825
2.645975
2.649475
2.65955
2.7045
2.72365
2.787225
2.789725
2.79385
2.9013
2.9578
2.984425
2.984725
3.043025
3.047675
3.0552
3.082625
3.08435
3.207925
3.2168
3.248875
3.262275
3.26465
3.290125
3.321575
3.3461
3.34705
3.51195
3.51675
3.519125
3.553775
3.5578
3.58585
3.59585
3.602
3.631875
3.65425
3.6605
3.821725
3.831325
3.83665
3.859425
3.87185
3.87285
3.8879
3.8976
3.90715
3.965975
3.967475
3.9922
4.112725
4.1137
4.12235
4.13755
4.157175
4.163375
4.188275
4.212925
4.2196
4.25935
4.2771
4.40615
4.4105
4.4289
4.438975
4.4437
4.462275
4.4713
4.473675
4.489075
4.4893
4.490275
4.519275
4.53555
4.544475
4.545525
4.548575
4.589625
4.59915
4.73835
4.752525
4.775725
4.79785
4.830975
4.839075
4.845725
4.856975
4.889425
5.0017
5.022525
5.0388
5.0701
5.08575
5.095275
5.09825
5.10485
5.11105
5.12045
5.13195
5.156475
5.176075
5.183325
5.188475
5.19435
5.197475
5.3052
5.3076
5.3533
5.35845
5.367825
5.371025
5.388
5.402275
5.4174
5.42035
5.430325
5.431375
5.43615
5.442
5.46825
5.472775
5.608875
5.61655
5.634975
5.6398
5.65105
5.723625
5.942775
5.97665
6.0016
6.01745
6.019475
6.026375
6.05825
6.08065
6.0836
6.211275
6.2632
6.26775
6.276225
6.27695
6.278725
6.299625
6.324525
6.342725
6.34705
6.3518
6.352075
6.3921
6.395325
6.5188
6.56
6.565575
6.581275
6.602025
6.61995
6.624775
6.636825
6.67635
6.679425
6.80785
6.8214
6.8761
6.8772
6.90085
6.904625
6.935025
6.9526
6.954825
6.96445
7.1076
7.1139
7.1353
7.135475
7.148
7.157225
7.1865
7.196175
7.202025
7.204525
7.210875
7.2187
7.227475
7.23655
7.243
7.245275
7.248525
7.265275
7.2762
7.40755
7.41065
7.42645
7.4662
7.467475
7.48965
7.50515
7.515275
7.559175
7.567525
7.58225
7.58325
7.720775
7.771775
7.7973
7.802375
7.808925
7.82045
7.82555
7.834325
7.84455
7.884625
7.895775
8.0356
8.039625
8.048875
8.0497
8.051175
8.0611
8.0636
8.0696
8.0872
8.113175
8.149275
8.161325
8.17695
8.1911
8.303775
8.309925
8.32835
8.336025
8.344925
8.36295
8.38615
8.388875
8.412575
8.434025
8.440925
8.44755
8.461275
8.4848
8.492425
8.609975
8.6422
8.69175
8.6975
8.71615
8.734825
8.7662
8.78635
8.906325
8.943075
8.9831
8.986725
9.00185
9.00625
9.00925
9.03605
9.050925
9.0896
9.09695
375
