0.008475
0.012325
0.0312
0.0808
0.092825
0.232825
0.252925
0.2782
0.28555
0.292725
0.29605
0.29775
0.3292
0.3443
0.354375
0.3611
0.3709
0.3826
0.388325
0.5199
0.5329
0.536775
0.556625
0.571275
0.60265
0.610675
0.629725
0.67055
0.6799
0.69365
0.8071
0.81515
0.849475
0.860075
0.866025
0.877
0.8961
0.8965
0.948675
0.9796
0.9822
0.9856
1.103525
1.104
1.127225
1.13965
1.164325
1.19215
1.2117
1.22055
1.2232
1.231325
1.242875
1.259025
1.26355
1.288475
1.420475
1.43525
1.444825
1.458575
1.461475
1.4911
1.491925
1.4934
1.501975
1.518925
1.58615
1.59045
1.599075
1.719025
1.72805
1.752975
1.7568
1.762625
1.763875
1.766775
1.771175
1.78205
1.814725
1.831275
1.84385
1.848825
2.0677
2.08865
2.096625
2.1011
2.101925
2.133375
2.161525
2.172975
2.194225
2.305075
2.3461
2.355825
2.392775
2.41225
2.41765
2.423475
2.439425
2.466375
2.48135
2.60605
2.61605
2.622625
2.661575
2.66405
2.66735
2.695325
2.729225
2.741275
2.760775
2.9084
2.91875
2.95505
3.01815
3.02815
3.0394
3.0556
3.058025
3.063225
3.06495
3.06825
3.082475
3.091475
3.22045
3.24825
3.2773
3.291375
3.32275
3.36505
3.3722
3.3764
3.38565
3.549225
3.571375
3.584575
3.593725
3.5973
3.620225
3.637875
3.659375
3.66795
3.694075
3.804425
3.846825
3.85015
3.8654
3.871575
3.87705
3.8886
3.891075
3.89935
3.9277
3.931225
3.942425
3.9484
3.953525
3.97185
3.991675
3.994775
4.122225
4.12925
4.14795
4.16325
4.16715
4.219825
4.220125
4.227
4.2346
4.235875
4.235925
4.23615
4.24215
4.2542
4.26355
4.279025
4.294225
4.29615
4.409775
4.4564
4.46225
4.4687
4.49675
4.504025
4.514
4.536475
4.701875
4.70405
4.75055
4.754975
4.7917
4.80575
4.821925
4.837575
4.8402
4.896725
4.899975
5.0017
5.002025
5.017175
5.031375
5.032425
5.07575
5.108725
5.13275
5.1402
5.156625
5.162475
5.1681
5.174925
5.19645
5.3313
5.37575
5.3891
5.3988
5.428425
5.476925
5.48795
5.616525
5.64085
5.653525
5.700175
5.77495
5.78905
5.790825
5.79095
5.911425
5.932825
5.95825
5.968325
5.969225
5.992175
6.061375
6.068175
6.068825
6.078775
6.08705
6.0926
6.0966
6.09795
6.202775
6.210975
6.2118
6.31955
6.321925
6.325275
6.347475
6.3618
6.372425
6.387
6.52865
6.530875
6.53345
6.5378
6.541175
6.55915
6.56375
6.60435
6.624175
6.6426
6.6575
6.665225
6.677225
6.6894
6.80555
6.807
6.814225
6.848925
6.85655
6.88735
6.92505
6.963175
6.973725
7.107
7.12475
7.165775
7.17375
7.174825
7.17785
7.180075
7.18995
7.1902
7.218075
7.2518
7.269475
7.285575
7.288925
7.413375
7.419
7.432225
7.439375
7.472825
7.48545
7.488375
7.5201
7.523575
7.529825
7.544875
7.548725
7.56885
7.57455
7.5832
7.5837
7.58445
7.58565
7.70415
7.704175
7.712525
7.754125
7.7552
7.7608
7.764
7.771425
7.79295
7.803275
7.831425
7.86705
8.024775
8.036675
8.04305
8.0523
8.088725
8.09465
8.114925
8.1499
8.18135
8.31665
8.327025
8.345325
8.391075
8.43155
8.438575
8.451725
8.47255
8.486875
8.714175
8.75195
8.7815
8.794025
8.905675
8.93335
8.9361
8.950075
8.98725
9.01185
9.02575
9.050825
9.069575
9.09655
349
