0.007525
0.015425
0.036575
0.04595
0.078975
0.21195
0.2122
0.2423
0.29065
0.323525
0.3329
0.350075
0.373075
0.519
0.5204
0.548225
0.567425
0.574325
0.58015
0.58615
0.62115
0.6596
0.67255
0.67365
0.68865
0.694825
0.698325
0.8121
0.867625
0.8807
0.892425
0.89245
0.896625
0.8999
0.91275
0.925525
0.948575
0.959725
0.976825
0.98745
0.9908
0.9921
0.992425
1.129
1.170225
1.182375
1.1978
1.234475
1.23675
1.243025
1.27775
1.2781
1.294325
1.420125
1.43455
1.43515
1.48815
1.4936
1.5009
1.501375
1.5052
1.564825
1.579475
1.5879
1.592425
1.599875
1.70585
1.719225
1.7412
1.782325
1.797325
1.8391
1.847125
1.863575
1.866625
1.879025
1.89485
2.024375
2.048075
2.067625
2.068975
2.0938
2.115525
2.13825
2.14805
2.159375
2.165975
2.17055
2.18575
2.193575
2.320175
2.32155
2.326675
2.3354
2.337775
2.34285
2.37925
2.385625
2.38875
2.410175
2.4284
2.4359
2.4538
2.454825
2.456075
2.462725
2.463325
2.4651
2.47525
2.475575
2.482225
2.486
2.623825
2.65435
2.664225
2.674075
2.680725
2.6858
2.72755
2.750725
2.7586
2.759875
2.768325
2.7791
2.7992
2.799775
2.906025
2.907175
2.927475
2.93145
2.9413
2.948875
2.956375
2.965625
2.99355
3.0001
3.024075
3.041725
3.05415
3.07155
3.07335
3.0803
3.09645
3.248575
3.265475
3.2758
3.286475
3.28825
3.3365
3.39325
3.519625
3.53685
3.5692
3.589675
3.6082
3.61935
3.6364
3.654625
3.655075
3.659225
3.69245
3.69635
3.6967
3.80305
3.8515
3.861775
3.866275
3.883125
3.90185
3.91235
3.924925
3.928025
3.945325
3.976425
3.993925
3.9974
4.1027
4.14915
4.1585
4.2
4.205775
4.242575
4.27555
4.282175
4.2914
4.4194
4.45285
4.514325
4.532
4.53465
4.535125
4.54365
4.544625
4.5453
4.566775
4.70875
4.7185
4.735825
4.774475
4.7771
4.78445
4.798025
4.8265
4.8517
4.85925
4.8642
4.88115
4.886375
5.006875
5.014275
5.040475
5.043425
5.061225
5.084675
5.0867
5.13285
5.134775
5.141125
5.1445
5.1623
5.191275
5.303025
5.332675
5.34675
5.358775
5.36685
5.3737
5.4
5.45565
5.471675
5.4922
5.623675
5.69295
5.7159
5.740775
5.7463
5.7755
5.783775
5.797725
5.9288
5.9314
5.939275
5.959025
5.989325
5.995675
6.004825
6.01215
6.02055
6.0319
6.033025
6.03335
6.074225
6.0932
6.214125
6.2254
6.241675
6.251175
6.2552
6.26675
6.269025
6.289275
6.2904
6.32685
6.3536
6.358025
6.3746
6.39445
6.39725
6.530875
6.5332
6.539
6.545275
6.548175
6.551175
6.554875
6.557225
6.58705
6.590625
6.6163
6.619025
6.62035
6.62085
6.63145
6.636325
6.657325
6.6582
6.66985
6.800475
6.8045
6.835675
6.8455
6.8545
6.8555
6.8602
6.9418
6.948
6.96395
6.981775
6.98395
6.993825
6.9969
7.118925
7.12835
7.1287
7.140825
7.185725
7.238025
7.240575
7.2436
7.250775
7.25385
7.2738
7.273825
7.278375
7.291575
7.2965
7.296675
7.415175
7.416375
7.467
7.467175
7.4834
7.491
7.493325
7.51165
7.5419
7.56315
7.738325
7.7493
7.829225
7.8573
7.860475
8.002675
8.00635
8.01445
8.02665
8.02975
8.04915
8.0876
8.09365
8.121075
8.1238
8.1493
8.159125
8.1595
8.163475
8.170875
8.31785
8.31925
8.330125
8.3322
8.340425
8.34485
8.35065
8.40595
8.435375
8.4383
8.447975
8.460575
8.48245
8.49495
8.4966
8.606175
8.61305
8.6253
8.638025
8.65845
8.66345
8.67315
8.6752
8.67625
8.677975
8.6995
8.727675
8.73265
8.744925
8.748225
8.752
8.753375
8.75985
8.7671
8.9126
8.9129
8.91385
8.92875
8.945125
8.95055
8.964775
8.979125
9.001075
9.002225
9.022975
9.035175
9.03765
394
