0.0247
0.039175
0.044375
0.0472
0.072575
0.07905
0.079425
0.080575
0.082525
0.231
0.242875
0.2516
0.26665
0.29985
0.37375
0.3922
0.5349
0.567875
0.578225
0.6024
0.602875
0.60895
0.611675
0.634175
0.67375
0.694275
0.8212
0.855925
0.861775
0.86955
0.875525
0.909375
0.919275
0.923125
0.94455
0.96135
0.96825
0.970775
0.9739
0.97935
1.1253
1.177725
1.189925
1.2448
1.24485
1.25235
1.2847
1.28925
1.29745
1.41205
1.426375
1.4294
1.456725
1.464675
1.49265
1.493375
1.49815
1.5139
1.518125
1.591975
1.59595
1.595975
1.5974
1.706175
1.717775
1.7255
1.73145
1.737975
1.743275
1.76055
1.780825
1.79705
1.810825
1.8184
1.82555
1.8489
1.850825
1.855075
1.856975
1.867975
2.007725
2.0188
2.025
2.044775
2.05715
2.078675
2.14085
2.148275
2.148475
2.178125
2.181775
2.32775
2.3489
2.360875
2.38185
2.38775
2.39085
2.392875
2.435125
2.43725
2.4382
2.485825
2.49745
2.6198
2.6241
2.636275
2.645225
2.6579
2.6703
2.6811
2.68275
2.68375
2.6897
2.692375
2.730225
2.739
2.748225
2.7483
2.753925
2.7619
2.900825
2.922825
2.9389
2.9439
2.947375
2.976025
2.9948
3.0171
3.0216
3.02275
3.03735
3.040675
3.044675
3.052325
3.08
3.085825
3.087775
3.205775
3.2689
3.292625
3.294825
3.329
3.3426
3.3705
3.5019
3.539825
3.568175
3.606025
3.62125
3.634725
3.65025
3.67055
3.67815
3.8148
3.815375
3.851775
3.8527
3.877625
3.88955
3.899425
3.900275
3.90385
3.9107
3.92305
3.926175
3.94395
3.945125
3.94625
3.967575
3.991
3.999425
4.1229
4.179925
4.1924
4.199275
4.2004
4.20515
4.242775
4.245075
4.24705
4.281825
4.40215
4.40255
4.420875
4.427
4.432175
4.43395
4.446725
4.447875
4.45255
4.45365
4.483125
4.488325
4.495975
4.53905
4.59845
4.731275
4.7513
4.8149
4.8186
4.832725
4.853575
4.877475
4.8791
4.87965
5.01165
5.0287
5.030175
5.06185
5.072525
5.07945
5.09225
5.096025
5.097525
5.10135
5.1427
5.145625
5.16655
5.1743
5.1863
5.334575
5.336025
5.3461
5.377925
5.417225
5.4333
5.4334
5.447775
5.47225
5.480875
5.483775
5.4943
5.626025
5.65415
5.694425
5.695125
5.71545
5.74095
5.74355
5.75825
5.7656
5.79715
5.91265
5.9246
5.9388
5.943575
5.95195
5.958675
5.97105
5.971375
5.97235
5.979025
5.9902
6.005175
6.0335
6.06635
6.07325
6.096325
6.23995
6.246025
6.317125
6.333325
6.380975
6.384225
6.562825
6.58525
6.6147
6.6331
6.651575
6.8193
6.83275
6.856775
6.857225
6.8738
6.883025
6.89045
6.907125
6.90775
6.9168
6.91705
6.94005
6.950925
6.990275
7.10075
7.101275
7.155825
7.1865
7.193675
7.204875
7.2646
7.409775
7.416425
7.418925
7.437275
7.437725
7.46405
7.518125
7.543125
7.54585
7.55865
7.5802
7.59275
7.700125
7.703375
7.710175
7.748175
7.7769
7.77875
7.79085
7.793975
7.79645
7.804
7.8143
7.822075
7.8282
7.84255
7.850675
7.85805
7.858625
7.868775
7.874975
7.89165
7.897325
8.000575
8.009425
8.01545
8.02555
8.026525
8.06125
8.076825
8.083375
8.12495
8.1681
8.16885
8.189575
8.192825
8.19745
8.303
8.3198
8.33275
8.337775
8.344375
8.372475
8.405075
8.420725
8.43535
8.440875
8.464425
8.488725
8.600675
8.610625
8.6337
8.647275
8.652075
8.685625
8.71835
8.7462
8.74665
8.785825
8.7893
8.926975
8.92915
8.953025
8.9548
8.958675
8.9912
9.022225
9.02395
9.0361
9.04035
9.05305
9.0651
9.065375
9.06835
9.0698
9.07135
9.08065
9.0827
9.093725
379
