0.03185
0.09075
0.2278
0.229575
0.229925
0.2332
0.23565
0.255925
0.31685
0.374275
0.37505
0.37715
0.377975
0.394
0.394775
0.50065
0.5085
0.510075
0.5588
0.5817
0.5985
0.6219
0.630375
0.6956
0.809775
0.819625
0.837175
0.85905
0.8676
0.869275
0.875
0.88795
0.912525
0.925425
0.93275
0.9347
0.9391
0.9407
0.943375
0.96305
0.9868
1.1027
1.10365
1.117875
1.12525
1.128625
1.136075
1.18805
1.200325
1.258875
1.2705
1.271025
1.27615
1.299375
1.41025
1.4204
1.454575
1.5009
1.504975
1.5112
1.52815
1.533475
1.5534
1.578575
1.587675
1.5975
1.708575
1.821425
1.855825
1.871225
1.896575
2.003925
2.012075
2.0551
2.0778
2.084025
2.08995
2.118125
2.172725
2.30105
2.30895
2.31785
2.347025
2.395875
2.41045
2.4384
2.4403
2.4522
2.459575
2.497025
2.620725
2.63325
2.649425
2.657575
2.657825
2.6907
2.70325
2.705375
2.744925
2.763675
2.78665
2.789825
2.794975
2.79765
2.93245
2.949275
2.9514
2.960475
3.0388
3.047225
3.0505
3.0591
3.065875
3.072575
3.0812
3.0901
3.213575
3.221475
3.240225
3.30715
3.309625
3.3477
3.382375
3.5233
3.543675
3.549325
3.555625
3.579
3.585825
3.5982
3.61625
3.645
3.665575
3.678125
3.681675
3.68705
3.69475
3.823425
3.888575
3.897925
3.91815
3.942825
3.967275
3.984325
3.985
4.102025
4.111475
4.12145
4.124775
4.162225
4.1744
4.1877
4.209225
4.214775
4.24195
4.2513
4.2602
4.2964
4.419625
4.47015
4.477975
4.4835
4.486425
4.488175
4.541575
4.55685
4.704625
4.739325
4.758875
4.771675
4.771775
4.772225
4.785875
4.788325
4.788625
4.797225
4.825075
4.827975
4.829725
4.83655
4.8504
4.8519
4.8561
4.856375
4.8695
4.87145
4.89025
4.890975
4.8923
5.009
5.013725
5.016875
5.017
5.066325
5.069775
5.0713
5.101375
5.113675
5.133975
5.138
5.139675
5.188075
5.31695
5.35055
5.392175
5.39385
5.405125
5.4167
5.42895
5.447125
5.4572
5.4733
5.475825
5.47715
5.480225
5.486225
5.631725
5.67405
5.691775
5.700525
5.7112
5.719
5.726575
5.7303
5.746975
5.75665
5.766475
5.776875
5.903075
5.935
5.9454
5.97985
5.994525
5.995325
6.016
6.0463
6.238725
6.2509
6.256
6.276075
6.282025
6.32455
6.36795
6.389075
6.397075
6.536525
6.551425
6.557575
6.560275
6.574925
6.60225
6.60645
6.628625
6.641525
6.651475
6.65705
6.693025
6.8003
6.824275
6.8376
6.83915
6.8439
6.867625
6.878275
6.932875
6.969975
6.9768
7.12025
7.183125
7.210025
7.236025
7.2502
7.26365
7.264375
7.286975
7.408175
7.444225
7.45315
7.506275
7.507975
7.543425
7.54535
7.560125
7.5642
7.577575
7.590775
7.59625
7.7001
7.705425
7.70695
7.739075
7.74715
7.766125
7.790625
7.79415
7.800325
7.810475
7.819025
7.8196
7.826025
7.871375
7.8714
7.879625
7.8963
8.000775
8.03805
8.04815
8.093275
8.102
8.1132
8.12325
8.15315
8.177175
8.198075
8.34405
8.35375
8.4071
8.409875
8.415
8.42055
8.428475
8.480975
8.62975
8.674825
8.68375
8.69725
8.698125
8.704425
8.714875
8.73095
8.791675
8.911375
8.9363
8.948225
8.9547
8.957575
8.9806
9.005075
9.0222
9.025
9.0599
9.07815
9.0955
9.096
9.099175
345
