0.00455
0.007475
0.01285
0.020325
0.027375
0.035175
0.041
0.05775
0.081625
0.0985
0.212375
0.22195
0.24325
0.2559
0.289825
0.3335
0.3353
0.341825
0.35675
0.359975
0.380825
0.3894
0.393925
0.509325
0.52395
0.54355
0.581475
0.598425
0.604975
0.615625
0.616775
0.634275
0.6482
0.6919
0.8094
0.834975
0.840125
0.84845
0.854575
0.8982
0.909275
0.920125
0.94465
0.951125
0.958875
0.98235
1.10385
1.111975
1.118275
1.12205
1.142925
1.170925
1.1788
1.1997
1.209775
1.217675
1.266525
1.2858
1.452925
1.461975
1.478
1.492
1.49875
1.510175
1.52165
1.533825
1.536175
1.564725
1.592275
1.709375
1.7288
1.733375
1.764975
1.775275
1.7799
1.781925
1.788025
1.810275
1.834875
1.8384
1.85285
1.855275
1.859975
1.8661
1.876425
1.881975
1.89305
1.8939
2.0115
2.01965
2.091225
2.1246
2.137625
2.1421
2.148625
2.15095
2.1573
2.158425
2.191675
2.3146
2.334575
2.347575
2.351525
2.353875
2.367575
2.3862
2.40805
2.433875
2.4462
2.44835
2.474875
2.475375
2.640375
2.663825
2.664875
2.675025
2.678025
2.6783
2.69825
2.726525
2.7532
2.753975
2.766075
2.77465
2.781725
2.7868
2.79005
2.7956
2.902575
2.91515
2.9547
2.958325
2.979475
3.00095
3.0321
3.045125
3.0471
3.07795
3.095475
3.0995
3.22405
3.226775
3.2368
3.241075
3.269
3.283175
3.284025
3.301225
3.305475
3.31695
3.324275
3.326825
3.342025
3.343725
3.347425
3.3671
3.369325
3.381425
3.516925
3.521225
3.5372
3.55435
3.5682
3.603975
3.616575
3.622575
3.63115
3.683175
3.69065
3.692575
3.81085
3.815425
3.81575
3.8215
3.828025
3.830325
3.853775
3.86175
3.885225
3.9061
3.92595
3.9458
3.94795
3.956575
3.967325
3.993275
4.1377
4.151925
4.1606
4.199725
4.212625
4.216975
4.233925
4.2348
4.249525
4.254525
4.271775
4.27245
4.275275
4.276775
4.2799
4.405325
4.413075
4.4688
4.472325
4.4752
4.505825
4.51575
4.52335
4.5286
4.54485
4.5507
4.55695
4.58615
4.719625
4.72055
4.74315
4.7469
4.748575
4.7493
4.754325
4.7647
4.78205
4.786025
4.789075
4.794825
4.850175
4.8552
4.8575
4.87895
5.023975
5.032925
5.039775
5.042525
5.049425
5.070125
5.0925
5.095525
5.110725
5.11595
5.12285
5.127575
5.15095
5.1528
5.167625
5.19445
5.1956
5.310825
5.3306
5.3359
5.348375
5.367525
5.37595
5.396225
5.396775
5.408525
5.429975
5.464525
5.471325
5.472575
5.630575
5.630625
5.633525
5.706225
5.7204
5.728575
5.743625
5.974325
5.98565
6.0304
6.035925
6.051825
6.054575
6.0658
6.09335
6.235075
6.238475
6.2496
6.25485
6.257775
6.2662
6.292175
6.310475
6.322175
6.35985
6.3798
6.397075
6.508675
6.537775
6.552575
6.55555
6.601525
6.643925
6.6452
6.649275
6.6636
6.6725
6.6818
6.80065
6.82505
6.832525
6.869975
6.900075
6.91015
6.914925
6.9151
6.93585
6.987
6.998
7.117175
7.1196
7.150975
7.1538
7.1683
7.19735
7.2117
7.23835
7.245975
7.27895
7.2944
7.41075
7.490925
7.5212
7.541625
7.551025
7.554875
7.5672
7.567325
7.582325
7.59315
7.721725
7.729075
7.744575
7.81585
7.856925
7.87085
8.001325
8.023325
8.060375
8.06825
8.078175
8.079475
8.08225
8.089075
8.134625
8.188775
8.3147
8.32445
8.33325
8.34375
8.345625
8.353725
8.354375
8.360825
8.3647
8.365475
8.3982
8.400275
8.41755
8.44875
8.497825
8.6508
8.6538
8.657225
8.658625
8.66175
8.66895
8.712925
8.714975
8.718975
8.720375
8.741225
8.7423
8.751975
8.75275
8.782275
8.784175
8.791
8.904725
8.911675
8.9562
8.977425
8.997775
9.00365
9.010525
9.013325
9.034475
9.043625
9.04435
9.059475
9.074925
9.085075
392
