0.0102
0.01725
0.0745
0.075875
0.215075
0.26335
0.264975
0.269475
0.297775
0.29945
0.301875
0.30395
0.359775
0.3652
0.369525
0.378375
0.37905
0.383375
0.507675
0.512975
0.584125
0.597775
0.610675
0.673775
0.6798
0.807575
0.812125
0.8401
0.850975
0.851325
0.8638
0.9011
0.90505
0.905775
0.911925
0.932075
0.941025
0.9696
0.9753
0.97615
0.98885
1.101425
1.11105
1.137025
1.145775
1.148375
1.188775
1.1971
1.208625
1.219175
1.219275
1.24745
1.289325
1.295125
1.412175
1.417925
1.426175
1.43035
1.4716
1.485175
1.49685
1.516225
1.51685
1.539925
1.546725
1.5488
1.578375
1.701075
1.70675
1.707925
1.712925
1.74935
1.7594
1.782475
1.7962
1.866525
1.899025
2.000875
2.01
2.050175
2.07475
2.0816
2.1044
2.140525
2.149725
2.170975
2.180875
2.305325
2.3163
2.341375
2.35285
2.35655
2.37805
2.3901
2.39215
2.40955
2.4102
2.41115
2.41395
2.41505
2.4182
2.42775
2.429275
2.465625
2.473975
2.48465
2.490575
2.4983
2.629275
2.6348
2.63575
2.639925
2.675425
2.677225
2.704425
2.70945
2.717075
2.7186
2.757125
2.7877
2.789625
2.901975
2.9087
2.926
2.9569
2.998775
3.0311
3.0809
3.225225
3.2321
3.293225
3.3138
3.347225
3.359925
3.3814
3.50715
3.5181
3.558975
3.562825
3.583775
3.614825
3.63465
3.653125
3.677225
3.823075
3.82975
3.8396
3.86275
3.888575
3.908525
3.9133
3.921775
3.9422
3.959375
3.99485
4.11535
4.119275
4.13725
4.139425
4.139525
4.16205
4.172825
4.184975
4.203775
4.215675
4.231325
4.240925
4.24325
4.2822
4.282375
4.40525
4.41515
4.416025
4.439975
4.440725
4.49395
4.5395
4.585325
4.5861
4.5892
4.594325
4.599525
4.745975
4.746625
4.795375
4.798075
4.830075
4.87345
4.8966
4.89775
5.015625
5.02655
5.0427
5.051225
5.060475
5.092925
5.095125
5.112975
5.1132
5.1393
5.152425
5.155375
5.157725
5.1584
5.1831
5.1874
5.308625
5.312425
5.333525
5.33495
5.34265
5.354825
5.3674
5.3698
5.38405
5.4041
5.4095
5.418025
5.418975
5.4218
5.471325
5.49925
5.613675
5.648175
5.6786
5.6977
5.698375
5.705475
5.719925
5.72415
5.774575
5.781775
5.783475
5.789225
5.7951
5.90205
5.9034
5.9137
5.9366
5.981875
5.990425
6.001375
6.0307
6.0567
6.063175
6.0719
6.0756
6.098325
6.214925
6.223575
6.248225
6.248475
6.261975
6.275575
6.28545
6.294975
6.299975
6.301875
6.31385
6.319125
6.3193
6.322375
6.3663
6.37675
6.3957
6.528375
6.53355
6.53825
6.5525
6.5632
6.5812
6.58565
6.587525
6.64895
6.652575
6.66005
6.6754
6.69845
6.817875
6.8363
6.84605
6.88175
6.88475
6.940825
6.9477
6.9692
6.996925
7.1151
7.12415
7.135575
7.1397
7.165875
7.19955
7.199725
7.228475
7.2463
7.256625
7.292
7.4031
7.4166
7.4227
7.440575
7.462125
7.47045
7.47345
7.474425
7.502375
7.521125
7.58955
7.729725
7.7387
7.7659
7.770675
7.80175
7.83835
7.853325
7.8742
7.880225
7.89685
7.8981
8.01445
8.019675
8.02075
8.10685
8.119375
8.145425
8.14625
8.149325
8.159125
8.159725
8.163825
8.166425
8.31335
8.3143
8.31545
8.3234
8.3313
8.333575
8.33505
8.3585
8.4041
8.426525
8.439425
8.44595
8.47795
8.4921
8.493675
8.614425
8.636175
8.64745
8.653175
8.677975
8.694425
8.703825
8.73515
8.7854
8.7927
8.90155
8.9262
8.965575
8.986575
8.98915
9.00255
9.015525
9.016675
9.028975
9.0324
9.034575
9.074875
369
