0.01145
0.042475
0.0605
0.08705
0.091125
0.0966
0.20885
0.2179
0.225825
0.24035
0.258425
0.28325
0.29745
0.301175
0.311675
0.313025
0.387025
0.39375
0.506
0.515325
0.5156
0.54415
0.54985
0.571075
0.576325
0.578825
0.5909
0.61445
0.688275
0.8177
0.8249
0.8266
0.831925
0.8577
0.858175
0.863775
0.90425
0.92715
0.959475
0.959625
0.967225
0.9683
1.105775
1.106475
1.116825
1.119275
1.131675
1.1331
1.163875
1.177275
1.198925
1.22735
1.22925
1.23295
1.23525
1.2476
1.252225
1.25455
1.260425
1.26465
1.276225
1.28995
1.419875
1.420625
1.42085
1.42355
1.42855
1.46005
1.467625
1.5137
1.519475
1.561475
1.5922
1.5984
1.70185
1.71455
1.718525
1.725525
1.734975
1.749025
1.753275
1.80045
1.81845
1.829225
1.830625
1.8317
1.8411
1.8452
1.88475
1.8878
2.00375
2.0559
2.14345
2.192375
2.303725
2.3217
2.3414
2.380325
2.390875
2.423975
2.44295
2.445125
2.4508
2.4888
2.619225
2.635625
2.636325
2.6575
2.6681
2.692975
2.69755
2.718175
2.7185
2.746175
2.758875
2.767675
2.776175
2.784925
2.798275
2.92385
2.952575
2.95515
2.978825
2.9809
2.9975
3.00125
3.006
3.006675
3.01445
3.064575
3.206275
3.2142
3.240125
3.25275
3.271875
3.2867
3.293325
3.3005
3.316725
3.340275
3.511375
3.531475
3.57245
3.6183
3.620325
3.653975
3.6643
3.6717
3.68435
3.818575
3.825075
3.8286
3.8492
3.85455
3.8705
3.889875
3.903125
3.922325
3.9518
3.955275
3.991775
3.99945
4.104375
4.114875
4.11975
4.126325
4.15815
4.163825
4.1649
4.182575
4.184025
4.185175
4.1953
4.2001
4.216025
4.222
4.22535
4.252225
4.256225
4.284475
4.43715
4.45185
4.467225
4.4683
4.47465
4.479025
4.487425
4.5083
4.568675
4.58015
4.5891
4.709025
4.7554
4.76155
4.77245
4.797325
4.804175
4.8095
4.823225
4.835025
4.87275
4.873675
4.885325
4.89825
5.02445
5.065575
5.06585
5.08045
5.10755
5.13225
5.134725
5.16085
5.19445
5.3374
5.351875
5.36965
5.375775
5.378075
5.38595
5.4149
5.42135
5.427075
5.4351
5.4852
5.491425
5.603175
5.605925
5.616125
5.6323
5.6329
5.65365
5.657425
5.659125
5.66495
5.6678
5.686075
5.710875
5.711875
5.727875
5.730025
5.780125
5.792775
5.79495
5.919525
5.92705
5.9712
5.9764
5.97665
6.01115
6.03605
6.047325
6.05295
6.052975
6.059175
6.07215
6.09485
6.208375
6.22865
6.2585
6.346275
6.366325
6.384925
6.393525
6.397425
6.501725
6.50475
6.50975
6.559175
6.562825
6.567575
6.572225
6.574775
6.585375
6.586175
6.593225
6.5964
6.603525
6.60425
6.614325
6.616
6.62515
6.633325
6.645625
6.669775
6.688125
6.8163
6.827075
6.91305
6.9191
6.933225
6.941425
6.9758
6.983925
6.989175
7.118625
7.121425
7.125975
7.135325
7.1375
7.165625
7.166025
7.18905
7.207375
7.211525
7.257125
7.266675
7.29325
7.445425
7.464775
7.4651
7.48345
7.497875
7.502275
7.5234
7.524325
7.55845
7.59295
7.593375
7.704675
7.7069
7.723525
7.731125
7.761675
7.78355
7.785175
7.786125
7.8103
7.82065
7.8228
7.8236
7.8359
7.871825
8.00825
8.035675
8.038975
8.073775
8.102175
8.117
8.11745
8.120225
8.14035
8.1531
8.173125
8.19055
8.329825
8.33695
8.359125
8.3762
8.387675
8.41045
8.421125
8.423
8.427025
8.438125
8.4771
8.485675
8.4949
8.4957
8.608525
8.61365
8.62025
8.623675
8.635875
8.71405
8.716425
8.7407
8.74455
8.779675
8.782825
8.796425
8.90995
8.911475
8.91885
8.93635
8.94765
8.978
9.00885
9.054325
9.0861
379
