0.027475
0.03645
0.055425
0.08865
0.200775
0.246325
0.2659
0.33405
0.348425
0.3645
0.38435
0.513875
0.544875
0.556525
0.58315
0.65625
0.665475
0.68495
0.81155
0.813725
0.8327
0.8384
0.838825
0.840975
0.84965
0.85075
0.87405
0.893375
0.913425
0.926325
0.947475
0.94755
0.976425
0.9803
0.98565
1.136
1.14235
1.1517
1.165625
1.168425
1.17875
1.191125
1.20835
1.28515
1.28575
1.40985
1.4149
1.427825
1.4453
1.452725
1.469525
1.483375
1.485625
1.48985
1.499425
1.526325
1.52915
1.529225
1.56
1.562
1.5652
1.5679
1.5687
1.595125
1.7051
1.7335
1.7368
1.76875
1.781775
1.787175
1.789875
1.8043
1.883925
2.003875
2.036525
2.056475
2.0925
2.09855
2.112225
2.1124
2.16005
2.179425
2.182675
2.188625
2.1923
2.1972
2.30365
2.305775
2.340225
2.384425
2.398875
2.4174
2.465175
2.471725
2.48525
2.487675
2.617925
2.619125
2.62665
2.6528
2.6731
2.679075
2.6804
2.686
2.72845
2.73015
2.735875
2.777075
2.788625
2.967075
2.994925
3.00355
3.027175
3.07195
3.232375
3.281475
3.2871
3.29385
3.3092
3.313875
3.332525
3.338225
3.344125
3.362
3.377075
3.55695
3.559075
3.5596
3.5683
3.572375
3.5883
3.594875
3.6122
3.6164
3.61745
3.619925
3.626825
3.6824
3.68865
3.69605
3.80295
3.803125
3.809575
3.821975
3.822825
3.82655
3.852825
3.855125
3.8585
3.858725
3.85885
3.87235
3.8976
3.9001
3.903425
3.9271
3.94405
3.94525
3.95875
3.988175
4.104475
4.1159
4.1259
4.134275
4.136875
4.158
4.15895
4.162375
4.2094
4.281325
4.28905
4.408575
4.414
4.439175
4.442125
4.453825
4.46435
4.4742
4.474225
4.509
4.5166
4.5309
4.592425
4.71155
4.7141
4.7606
4.77315
4.7841
4.8011
4.80255
4.80805
4.8114
4.811675
4.81845
4.83405
4.856775
4.86175
4.8992
4.899725
5.015425
5.0241
5.039575
5.044975
5.0618
5.0863
5.10135
5.1026
5.1062
5.1065
5.116175
5.1461
5.15435
5.157225
5.33685
5.33975
5.3417
5.34925
5.355075
5.3605
5.3625
5.384675
5.39435
5.39895
5.416825
5.4194
5.428225
5.44005
5.449475
5.4531
5.454625
5.493025
5.60695
5.621825
5.633725
5.652075
5.663075
5.676375
5.686325
5.6976
5.701375
5.703625
5.70625
5.73375
5.766775
5.76765
5.797
5.90275
5.91115
5.92095
5.92875
5.9367
5.953275
5.95585
5.977275
6.0088
6.009
6.02125
6.02655
6.032825
6.04585
6.046725
6.05295
6.098175
6.206425
6.224075
6.27535
6.280575
6.345325
6.346575
6.39865
6.55045
6.552075
6.56805
6.5746
6.585125
6.65385
6.6958
6.81025
6.8113
6.820575
6.8237
6.841575
6.846775
6.8498
6.86345
6.868725
6.872325
6.8764
6.897525
6.91
6.91865
6.922275
6.9464
6.9478
6.949275
6.954875
6.974975
6.993775
6.996425
7.111325
7.132575
7.171975
7.1895
7.22995
7.24355
7.24945
7.270525
7.419975
7.4256
7.454775
7.492
7.4932
7.49675
7.513375
7.525025
7.5255
7.54085
7.545275
7.5994
7.71305
7.713525
7.736125
7.7446
7.746925
7.7527
7.759125
7.78825
7.815025
7.818375
7.83235
7.835375
7.862275
7.86615
7.87085
7.8843
7.8866
8.016175
8.02545
8.108175
8.125925
8.1283
8.1518
8.152125
8.163325
8.317575
8.33225
8.361275
8.38255
8.403225
8.404075
8.418525
8.4223
8.43105
8.439825
8.49685
8.4986
8.604675
8.60475
8.619475
8.633075
8.642325
8.6448
8.67465
8.709325
8.728425
8.77975
8.78065
8.780925
8.78505
8.9313
8.9477
8.984625
8.9865
8.9951
9.0097
9.0124
9.027525
9.03945
9.075525
9.090175
9.0911
9.093725
9.097575
383
