0.00385
0.025225
0.036575
0.0607
0.09415
0.2313
0.258125
0.260225
0.27215
0.2792
0.2977
0.347575
0.36435
0.50735
0.561575
0.569
0.608725
0.61225
0.621475
0.691175
0.807375
0.831025
0.83425
0.8483
0.868225
0.891375
0.8915
0.91515
0.9371
0.948275
0.949425
0.975175
1.104175
1.140225
1.150225
1.15615
1.162225
1.16455
1.21165
1.2312
1.248425
1.4137
1.42035
1.456425
1.473275
1.48205
1.503725
1.534275
1.54215
1.561325
1.583125
1.705775
1.7142
1.739425
1.758125
1.803075
1.827025
1.8274
1.82875
1.8496
1.865
1.887375
2.013325
2.02655
2.040725
2.041
2.088825
2.09005
2.098375
2.10675
2.121325
2.1391
2.141425
2.144625
2.194525
2.310925
2.348925
2.3535
2.360075
2.39265
2.42905
2.47505
2.483625
2.605875
2.625925
2.632475
2.656775
2.662275
2.685725
2.692875
2.709
2.71145
2.734775
2.743825
2.757575
2.77605
2.784
2.786675
2.91415
2.93575
2.93915
2.9398
2.940975
2.94425
2.955125
2.958175
2.9731
2.999825
3.0016
3.016425
3.040025
3.05025
3.06635
3.07885
3.09805
3.228375
3.24895
3.27045
3.31505
3.3162
3.317075
3.341575
3.344675
3.354825
3.358175
3.364825
3.399225
3.519825
3.5465
3.547975
3.55265
3.5595
3.56765
3.574425
3.6617
3.663975
3.6781
3.686425
3.69175
3.692325
3.80435
3.8381
3.84905
3.86035
3.86905
3.875075
3.89675
3.9262
3.927175
3.9316
3.9583
3.989075
4.14135
4.148875
4.1658
4.19
4.26735
4.27965
4.2856
4.293675
4.400225
4.4044
4.404825
4.4147
4.458175
4.464125
4.47215
4.47475
4.50245
4.531925
4.573525
4.752
4.78175
4.781775
4.820475
4.8371
4.884275
4.8996
5.0233
5.02335
5.042825
5.046625
5.04785
5.051125
5.0635
5.080125
5.1043
5.12575
5.147775
5.174275
5.325375
5.33955
5.348375
5.368525
5.375125
5.378225
5.39875
5.41015
5.413275
5.41715
5.417425
5.4208
5.421925
5.4276
5.443075
5.4605
5.4644
5.475
5.499875
5.607325
5.61805
5.620975
5.62775
5.63155
5.7123
5.72595
5.727625
5.74525
5.755925
5.798825
5.901125
5.907875
5.925775
5.93685
5.945425
5.978275
6.003775
6.012
6.0146
6.022425
6.024375
6.027
6.03975
6.04185
6.06425
6.0702
6.08755
6.095925
6.204875
6.20605
6.2153
6.22105
6.246975
6.28505
6.294525
6.329575
6.330475
6.347625
6.349725
6.36725
6.381325
6.5089
6.51645
6.53135
6.613525
6.631625
6.636975
6.6522
6.68945
6.689575
6.830375
6.8818
6.924875
6.93395
6.93705
6.938625
6.943825
6.957125
6.97525
6.976375
6.995075
7.1254
7.1524
7.16505
7.177925
7.194075
7.201775
7.21735
7.24545
7.2546
7.276125
7.278475
7.28215
7.28475
7.40175
7.4568
7.471025
7.47395
7.4773
7.494425
7.5025
7.5096
7.527
7.5613
7.572275
7.589425
7.589975
7.707975
7.809075
7.810725
7.812025
7.813225
7.829575
7.854375
7.86175
7.876675
7.895175
8.001875
8.04155
8.11805
8.156025
8.176525
8.19565
8.319475
8.322425
8.327775
8.339425
8.375775
8.384175
8.4287
8.43725
8.447975
8.496875
8.60085
8.60675
8.60795
8.629175
8.64585
8.69525
8.716725
8.7199
8.733025
8.775125
8.778175
8.793175
8.927275
8.9478
8.9583
8.9817
8.99805
9.03475
9.042225
9.04815
9.05275
9.0733
9.082175
346
