0.014575
0.02315
0.034725
0.03915
0.042475
0.066475
0.088475
0.224325
0.237225
0.2419
0.254425
0.264225
0.285925
0.291775
0.3153
0.3321
0.332175
0.334875
0.3679
0.376975
0.503975
0.513775
0.5322
0.54175
0.56345
0.566275
0.5693
0.585175
0.587075
0.5872
0.643725
0.6536
0.657525
0.6616
0.673575
0.676125
0.6874
0.809525
0.8126
0.8286
0.84825
0.86235
0.873225
0.880375
0.9233
0.935525
0.936075
0.97185
0.973875
0.9978
1.117625
1.140225
1.18205
1.1829
1.21655
1.2395
1.296525
1.41035
1.43645
1.43875
1.4421
1.462575
1.5033
1.5434
1.560325
1.5615
1.57095
1.5891
1.597975
1.71565
1.719725
1.7456
1.748975
1.7585
1.774825
1.77495
1.789025
1.798175
1.815075
1.815975
1.8641
1.890825
1.89735
2.0148
2.071475
2.072875
2.1428
2.1453
2.1582
2.163425
2.179675
2.17985
2.1817
2.186125
2.1959
2.3033
2.313725
2.3187
2.322
2.3375
2.36035
2.3653
2.424
2.449425
2.471
2.473675
2.4886
2.49015
2.600625
2.6365
2.68055
2.695675
2.6979
2.708025
2.734875
2.780075
2.788225
2.79
2.7936
2.91375
2.931275
2.94275
2.9563
2.968725
2.984275
3.04635
3.207525
3.215875
3.235625
3.302125
3.3141
3.330875
3.34315
3.34715
3.35875
3.37095
3.37415
3.3819
3.392325
3.534875
3.546425
3.560725
3.592875
3.5931
3.616825
3.625825
3.67765
3.6803
3.691975
3.6973
3.814525
3.821975
3.844025
3.858025
3.858925
3.868225
3.90385
3.9064
3.907175
3.910325
3.92085
3.9313
3.9329
3.944575
3.9479
3.949125
3.9676
3.971225
3.99595
3.997025
4.11795
4.119275
4.12055
4.146875
4.16415
4.17225
4.186
4.193
4.196475
4.210425
4.21605
4.2229
4.229925
4.23465
4.245925
4.24985
4.288575
4.4291
4.437825
4.449925
4.461825
4.4646
4.50895
4.521275
4.56995
4.57335
4.587025
4.5947
4.7108
4.720125
4.7337
4.7405
4.7613
4.77825
4.780125
4.785725
4.794625
4.798375
4.81415
4.8522
4.88655
5.00005
5.0119
5.020625
5.030075
5.0467
5.07075
5.089125
5.09335
5.097825
5.098075
5.0983
5.12815
5.139775
5.140525
5.155525
5.16035
5.188825
5.305075
5.306575
5.3139
5.3157
5.322775
5.3285
5.33315
5.3441
5.4022
5.41155
5.49725
5.616775
5.620175
5.622125
5.643175
5.64575
5.67995
5.727575
5.7474
5.750875
5.77555
5.7824
5.9051
5.93725
5.94385
5.976975
6.0492
6.0933
6.0999
6.21245
6.220075
6.22355
6.2236
6.254425
6.256425
6.25775
6.2738
6.2876
6.299625
6.325775
6.334175
6.345575
6.3505
6.519975
6.5201
6.5414
6.555125
6.5585
6.607775
6.630875
6.6578
6.677075
6.699025
6.8021
6.827775
6.828175
6.87125
6.875325
6.8888
6.90985
6.93995
6.9456
6.959475
6.970175
6.9999
7.1105
7.136525
7.152475
7.1586
7.23385
7.259675
7.273025
7.40865
7.4179
7.431125
7.444925
7.447575
7.4489
7.5052
7.5056
7.51165
7.51955
7.5362
7.55885
7.5802
7.583025
7.585525
7.748575
7.834175
7.83535
7.8517
7.88915
7.890825
8.0288
8.044475
8.054425
8.0708
8.1015
8.15115
8.16255
8.186075
8.3218
8.329125
8.34675
8.404525
8.410475
8.417225
8.45005
8.4595
8.466875
8.4873
8.4987
8.60005
8.6002
8.6005
8.647725
8.6571
8.677725
8.70195
8.70385
8.752
8.907525
8.915875
8.93715
8.969225
8.99435
9.0469
9.05005
9.099425
357
