0.0021
0.0111
0.02165
0.0632
0.0655
0.074775
0.0989
0.220275
0.22585
0.242425
0.25125
0.2535
0.260025
0.275275
0.2796
0.294775
0.305525
0.3121
0.323
0.327875
0.33445
0.358375
0.375475
0.376675
0.385675
0.5168
0.517175
0.548925
0.55865
0.5658
0.6089
0.611675
0.624975
0.648025
0.652125
0.656475
0.657875
0.664
0.66425
0.699575
0.892775
0.914575
0.917475
0.92995
1.11155
1.138825
1.1479
1.1521
1.1572
1.159425
1.18815
1.2079
1.248575
1.270725
1.4086
1.43225
1.4524
1.485875
1.485925
1.508425
1.5112
1.54045
1.543125
1.557525
1.577875
1.591175
1.709325
1.72105
1.730075
1.7479
1.749175
1.769475
1.79605
1.808475
1.826
1.8473
1.85825
1.869425
1.871525
1.874025
1.880975
2.01155
2.024875
2.040025
2.044525
2.045425
2.092
2.1029
2.1106
2.15205
2.19055
2.3017
2.33405
2.3457
2.364525
2.364675
2.377025
2.386275
2.38975
2.4291
2.448025
2.453275
2.45655
2.474125
2.478425
2.48175
2.638825
2.670675
2.697
2.697075
2.699
2.731
2.7396
2.751725
2.752375
2.76465
2.768375
2.794975
2.925675
2.927825
2.950575
2.9795
2.98105
2.99105
2.9996
3.063275
3.0702
3.071275
3.2445
3.25205
3.27325
3.284425
3.318275
3.332025
3.347925
3.358825
3.378675
3.52655
3.5371
3.558175
3.57535
3.59095
3.623775
3.6608
3.66895
3.67065
3.68205
3.809775
3.814475
3.81645
3.82335
3.836325
3.855075
3.8565
3.86935
3.903975
3.9328
3.9459
3.957575
3.965675
4.1045
4.111275
4.149875
4.169275
4.177425
4.1931
4.2002
4.213875
4.214775
4.295625
4.4222
4.434275
4.439775
4.50875
4.5366
4.54075
4.543475
4.585125
4.712325
4.728725
4.739325
4.768325
4.788125
4.79535
4.796725
4.81135
4.817825
4.856175
4.859625
5.02165
5.0267
5.0307
5.03595
5.0577
5.07365
5.0822
5.0961
5.100375
5.11565
5.12145
5.136725
5.1403
5.17565
5.182475
5.3091
5.3136
5.3143
5.332525
5.346875
5.35435
5.355475
5.36265
5.377125
5.382075
5.385575
5.3917
5.4105
5.42055
5.4484
5.455425
5.4694
5.4718
5.6057
5.6086
5.6192
5.6408
5.6485
5.6807
5.7206
5.728475
5.73515
5.761375
5.76255
5.764025
5.9065
5.913
5.917675
5.931875
5.935525
5.968125
6.0271
6.032325
6.046325
6.05215
6.054225
6.0711
6.087975
6.241575
6.255625
6.26205
6.285925
6.302175
6.303425
6.30445
6.34915
6.349775
6.358975
6.367575
6.385
6.504775
6.510425
6.513675
6.53265
6.535425
6.561375
6.60825
6.616525
6.62015
6.642675
6.661875
6.669075
6.6805
6.680825
6.6843
6.81305
6.84535
6.8486
6.860375
6.862425
6.866475
6.873875
6.881975
6.9166
6.9268
6.932525
6.9392
6.962325
6.974625
6.9752
7.1147
7.1276
7.1377
7.158075
7.1585
7.205625
7.2203
7.22385
7.2388
7.238875
7.286175
7.410925
7.45405
7.459775
7.469375
7.471325
7.4874
7.5005
7.520375
7.525425
7.550375
7.5862
7.58985
7.599425
7.70745
7.714075
7.718225
7.744425
7.745
7.75625
7.771525
7.785625
7.836225
7.85755
7.85915
7.8599
7.8659
7.869725
8.008325
8.0171
8.036525
8.052175
8.055675
8.065725
8.0659
8.1079
8.108275
8.11675
8.16145
8.1748
8.1964
8.308325
8.31625
8.317675
8.325825
8.344925
8.35165
8.35295
8.381825
8.386175
8.39815
8.402275
8.404675
8.41175
8.445
8.451125
8.4584
8.46555
8.47785
8.4922
8.4933
8.62465
8.65895
8.6717
8.684525
8.71475
8.732725
8.736525
8.754175
8.75795
8.76225
8.776875
8.94955
8.9505
9.0009
9.019225
9.0331
9.038425
9.05795
9.0779
379
