0.000975
0.043075
0.05045
0.076025
0.206775
0.221075
0.252225
0.2553
0.2669
0.281825
0.3892
0.501125
0.525
0.55165
0.571225
0.57635
0.59025
0.596825
0.632775
0.63395
0.8013
0.802825
0.803025
0.8036
0.806725
0.80725
0.80935
0.81745
0.819475
0.890575
0.8961
0.9104
0.954425
0.966925
0.9843
1.1004
1.146375
1.146975
1.18695
1.195875
1.19595
1.20545
1.207725
1.21
1.212175
1.221225
1.230175
1.246975
1.273425
1.40445
1.45775
1.460775
1.46405
1.471
1.4975
1.504625
1.516475
1.5543
1.5701
1.7141
1.74185
1.7456
1.75545
1.76995
1.7804
1.843425
1.846825
1.84715
1.883375
1.88945
1.891275
2.018
2.028925
2.051125
2.0519
2.055875
2.078325
2.0788
2.08545
2.095025
2.097825
2.11545
2.11985
2.1231
2.12375
2.124625
2.124975
2.129
2.14275
2.14375
2.1515
2.158825
2.1811
2.18625
2.30435
2.307625
2.329875
2.3307
2.355075
2.363725
2.3651
2.36915
2.38255
2.4055
2.413575
2.4434
2.443425
2.46645
2.48365
2.60415
2.615525
2.65285
2.666175
2.675625
2.6927
2.696225
2.697
2.705725
2.762825
2.7919
2.912675
2.9146
2.964525
2.98055
2.985225
3.023475
3.024275
3.033875
3.06565
3.0925
3.2038
3.232975
3.263
3.26935
3.27025
3.318
3.333975
3.335225
3.34585
3.355225
3.385225
3.38715
3.398075
3.526525
3.528075
3.529025
3.540825
3.557475
3.572575
3.576425
3.580875
3.604575
3.651275
3.66125
3.668025
3.81385
3.828625
3.833525
3.834925
3.885125
3.897375
3.89845
3.913675
3.97245
4.113675
4.144875
4.15415
4.172725
4.1925
4.1953
4.2073
4.234375
4.23645
4.238925
4.262475
4.26875
4.29015
4.299225
4.4116
4.42385
4.44245
4.443425
4.4439
4.465825
4.4982
4.499175
4.50825
4.534875
4.54095
4.57475
4.588425
4.709
4.737325
4.74415
4.749275
4.781175
4.798725
4.8156
4.820025
4.82215
4.843625
4.844325
4.8644
4.8703
4.8884
5.0307
5.037075
5.03905
5.062125
5.0955
5.0976
5.117375
5.12275
5.152275
5.157725
5.17725
5.30705
5.31515
5.351375
5.355525
5.357125
5.357225
5.409725
5.44605
5.446225
5.46015
5.47715
5.48205
5.63275
5.641175
5.64125
5.643425
5.64355
5.646025
5.65315
5.65645
5.684875
5.689675
5.698775
5.737125
5.7391
5.74075
5.744575
5.762875
5.77315
5.774575
5.782825
5.907
5.91095
5.919475
5.95465
5.978775
5.979075
5.989575
6.0034
6.010375
6.0268
6.052725
6.0592
6.204575
6.221875
6.224875
6.2704
6.2709
6.288375
6.2916
6.2979
6.2991
6.311825
6.3121
6.3271
6.3524
6.366775
6.37
6.5516
6.58085
6.5871
6.6379
6.647825
6.662075
6.669225
6.6711
6.693
6.694775
6.803
6.8365
6.838875
6.84215
6.852525
6.88
6.892275
6.895875
6.9093
6.912675
6.923475
6.9365
6.945675
6.94925
6.9503
6.952775
6.9532
6.9557
6.9863
7.12805
7.141025
7.1467
7.161025
7.1992
7.218175
7.247925
7.24995
7.260375
7.285975
7.445325
7.507
7.536075
7.578675
7.59055
7.729075
7.732175
7.7509
7.752
7.76245
7.77765
7.78445
7.78925
7.828025
7.8322
7.84215
8.005225
8.0063
8.0184
8.0186
8.052375
8.07135
8.09795
8.106925
8.1263
8.131675
8.174425
8.1892
8.310575
8.3216
8.331825
8.3625
8.3818
8.395625
8.398775
8.431325
8.444525
8.449175
8.458675
8.488575
8.492975
8.494775
8.614175
8.63645
8.6408
8.645225
8.646875
8.6517
8.665975
8.6714
8.68235
8.692025
8.693325
8.709625
8.71465
8.725475
8.74525
8.7503
8.7512
8.797775
8.91205
8.98625
8.995675
9.031125
9.03195
9.041375
9.09095
380
