0.0021
0.010375
0.018725
0.0325
0.05165
0.073475
0.0827
0.083575
0.205
0.20555
0.2147
0.21735
0.258675
0.336225
0.348025
0.35345
0.354475
0.3628
0.364475
0.370475
0.37665
0.379825
0.382675
0.52445
0.5342
0.583075
0.610775
0.6216
0.80525
0.867575
0.882225
0.886025
0.889725
0.9068
0.95535
0.981825
0.992325
1.11565
1.13395
1.17465
1.207475
1.228
1.238425
1.249125
1.252325
1.2775
1.28445
1.400025
1.40705
1.43865
1.4443
1.460725
1.495825
1.502275
1.506075
1.507425
1.517425
1.531575
1.538725
1.5468
1.550925
1.555125
1.5936
1.700775
1.7309
1.755425
1.769275
1.7789
1.7815
1.794125
1.799675
1.812675
1.8267
1.846125
1.867675
2.0126
2.01595
2.033775
2.0495
2.078875
2.096075
2.102025
2.120625
2.1357
2.1394
2.14455
2.186875
2.305975
2.316475
2.3548
2.418175
2.4555
2.46935
2.469575
2.477625
2.499125
2.6142
2.626575
2.65025
2.65625
2.6574
2.660075
2.7103
2.735025
2.7601
2.77195
2.7769
2.912725
2.925925
2.92805
2.945575
2.94735
2.954525
2.9703
2.9704
2.98695
2.989075
3.0086
3.022075
3.022225
3.036525
3.0401
3.059875
3.090575
3.0955
3.2191
3.24475
3.246875
3.26255
3.263875
3.278425
3.290525
3.3104
3.313
3.315025
3.3235
3.35235
3.364825
3.38
3.385125
3.392425
3.39865
3.51125
3.552825
3.560875
3.5745
3.576025
3.597475
3.612725
3.64505
3.654475
3.6619
3.81815
3.844725
3.856525
3.866125
3.867425
3.867825
3.8771
3.8924
3.913725
3.919975
3.98875
4.130225
4.1403
4.1415
4.18545
4.18845
4.230275
4.2506
4.262125
4.270625
4.271625
4.2889
4.409425
4.442825
4.4612
4.503025
4.545925
4.546325
4.552625
4.552725
4.55435
4.5742
4.579775
4.58785
4.700525
4.772975
4.782775
4.790575
4.83165
4.85395
4.856575
4.88485
5.010175
5.020325
5.021225
5.021425
5.025875
5.0313
5.032775
5.03395
5.0341
5.0635
5.066525
5.09285
5.1791
5.305325
5.306175
5.3267
5.35135
5.355025
5.360875
5.404675
5.419625
5.42995
5.444025
5.4821
5.4932
5.499025
5.65475
5.705075
5.705875
5.730975
5.7424
5.7864
5.7878
5.797175
5.927625
5.9375
5.96475
5.965875
5.980575
6.0023
6.00805
6.01555
6.040425
6.05405
6.068225
6.073725
6.084525
6.094725
6.097675
6.2459
6.2679
6.289325
6.328075
6.336125
6.36895
6.38345
6.38895
6.390525
6.50775
6.551025
6.579025
6.5957
6.62165
6.665325
6.687825
6.6936
6.695575
6.818425
6.819825
6.830525
6.84145
6.876075
6.89555
6.9549
6.9848
7.1331
7.1368
7.142475
7.160375
7.166475
7.167025
7.18305
7.18605
7.260825
7.2662
7.40475
7.40845
7.425
7.476025
7.491775
7.539925
7.544925
7.5522
7.562825
7.565375
7.569
7.72525
7.807825
7.8133
7.83025
8.0341
8.03865
8.0609
8.091525
8.1059
8.154475
8.178875
8.34275
8.355825
8.43385
8.4645
8.4966
8.609025
8.620275
8.728375
8.766775
8.9226
8.930325
8.995625
9.0052
9.009825
9.0555
9.068175
9.07415
318
