0.02635
0.0353
0.054
0.07485
0.079075
0.087625
0.204675
0.2516
0.25595
0.269725
0.3093
0.3114
0.327375
0.329975
0.3326
0.3502
0.370975
0.509725
0.523225
0.52805
0.539975
0.553975
0.554375
0.561325
0.563675
0.574625
0.5862
0.5973
0.6118
0.64165
0.6468
0.647625
0.6913
0.801975
0.825725
0.83325
0.8494
0.856975
0.857025
0.893075
0.9303
0.936925
0.966025
1.10355
1.1158
1.119925
1.177375
1.18325
1.1878
1.21075
1.225725
1.245375
1.26715
1.4077
1.455525
1.4648
1.472575
1.488575
1.50505
1.5063
1.5226
1.52985
1.54595
1.5694
1.58635
1.701625
1.734675
1.7538
1.758775
1.76645
1.77685
1.810525
1.815775
1.8376
1.8639
1.87905
2.013875
2.0178
2.02475
2.098125
2.114225
2.1376
2.1553
2.1614
2.163925
2.165025
2.1704
2.177075
2.183525
2.19765
2.345375
2.3522
2.364775
2.379
2.414825
2.4248
2.429575
2.43695
2.44365
2.453925
2.4562
2.4671
2.474725
2.492675
2.4989
2.607525
2.611825
2.62235
2.62265
2.644
2.6593
2.729425
2.772925
2.78185
2.913325
2.974725
2.988075
3.027675
3.034525
3.0377
3.04465
3.0533
3.084675
3.222725
3.22355
3.234275
3.2345
3.253075
3.26125
3.26385
3.26905
3.276025
3.315575
3.3354
3.339
3.398325
3.504025
3.511875
3.516275
3.531275
3.5607
3.566625
3.5742
3.575775
3.5827
3.595675
3.602375
3.62475
3.64315
3.679025
3.6792
3.681775
3.69275
3.8115
3.862125
3.89015
3.897525
3.902325
3.903
3.95775
3.987525
3.9967
4.123925
4.140825
4.15725
4.17335
4.2264
4.288475
4.467175
4.470875
4.473525
4.487775
4.49665
4.51375
4.519775
4.554325
4.560725
4.5612
4.5709
4.730925
4.73255
4.74165
4.7458
4.7481
4.78465
4.785575
4.78725
4.8153
4.8193
4.824875
4.8317
4.83595
4.849725
4.86275
4.87775
4.89085
5.0051
5.025825
5.052025
5.0764
5.080175
5.084275
5.1104
5.1201
5.1424
5.1518
5.1989
5.3001
5.319475
5.33315
5.360375
5.36915
5.374
5.3807
5.38565
5.44095
5.457225
5.46795
5.490775
5.49125
5.49725
5.499675
5.6
5.6414
5.65805
5.659025
5.66005
5.701525
5.70315
5.70825
5.708525
5.7214
5.742425
5.7838
5.904575
5.914175
5.9359
5.938725
5.939
5.9541
5.9728
5.9953
5.997925
6.00715
6.01515
6.025325
6.028475
6.035375
6.041225
6.05085
6.203175
6.21045
6.212275
6.2283
6.233225
6.281325
6.285625
6.287575
6.316075
6.3415
6.34835
6.371475
6.394325
6.3949
6.39825
6.50765
6.50805
6.529875
6.530825
6.5333
6.53635
6.5583
6.565225
6.5672
6.58705
6.609425
6.61265
6.639825
6.64455
6.66915
6.679
6.824625
6.861375
6.8816
6.884725
6.888625
6.9094
6.91935
6.96805
6.9963
7.1167
7.16485
7.18055
7.181525
7.195475
7.209775
7.21485
7.237325
7.238325
7.246
7.253575
7.26415
7.2669
7.2886
7.40205
7.411975
7.428475
7.4364
7.440825
7.4448
7.4853
7.498275
7.50255
7.51045
7.520475
7.523975
7.541525
7.5429
7.565725
7.5697
7.57985
7.596525
7.598175
7.707475
7.7077
7.724
7.726475
7.7428
7.776625
7.80135
7.81345
7.81805
7.82
7.843825
7.88495
7.89155
7.898975
8.000275
8.008025
8.024325
8.043475
8.057175
8.08025
8.110175
8.122775
8.155125
8.164825
8.169525
8.1852
8.18675
8.1872
8.3069
8.316675
8.333625
8.347
8.374275
8.387275
8.3888
8.398225
8.409375
8.41935
8.42135
8.450475
8.46455
8.475775
8.48495
8.60135
8.607575
8.6303
8.69195
8.708225
8.723975
8.7352
8.750925
8.7513
8.770775
8.790075
8.797475
8.901
8.9208
8.921075
8.93565
8.9603
8.99705
9.000925
9.008125
9.0138
9.015725
9.0184
9.029025
9.0356
9.03935
9.05005
9.0584
9.0596
395
