0.0524
0.0633
0.06845
0.0759
0.0774
0.080825
0.2051
0.2063
0.286475
0.313425
0.320575
0.32875
0.3338
0.375225
0.538975
0.544
0.550525
0.561625
0.5703
0.5765
0.585675
0.5886
0.58885
0.5924
0.618825
0.62005
0.621025
0.627875
0.6517
0.6708
0.678175
0.8017
0.8139
0.81625
0.8755
0.8757
0.886025
0.890275
0.90095
0.913625
0.9336
0.9545
0.95715
0.96675
0.97435
0.97565
1.116025
1.121475
1.1293
1.13075
1.19955
1.206175
1.2595
1.261525
1.296975
1.416675
1.4263
1.4376
1.447475
1.4576
1.493175
1.512475
1.523275
1.549675
1.549975
1.558975
1.57175
1.579775
1.58085
1.5951
1.707325
1.712725
1.716125
1.719525
1.7412
1.7794
1.80115
1.80515
1.8075
1.809825
1.8249
1.82925
1.892325
1.898125
2.000275
2.017025
2.02595
2.02605
2.027175
2.050625
2.055625
2.060075
2.069525
2.087925
2.092875
2.103
2.1132
2.139075
2.15455
2.159925
2.169025
2.173375
2.1743
2.195775
2.1969
2.300425
2.310925
2.31185
2.320575
2.3296
2.3406
2.345875
2.3633
2.371175
2.3991
2.434875
2.4354
2.43825
2.438625
2.445675
2.4499
2.494775
2.60685
2.646575
2.649525
2.677075
2.686275
2.686525
2.6958
2.696525
2.70085
2.71945
2.721675
2.726775
2.75465
2.76115
2.766925
2.914725
2.93185
2.95255
3.008425
3.01075
3.0335
3.047075
3.05325
3.0669
3.0786
3.085375
3.200275
3.218775
3.2192
3.22275
3.249775
3.26635
3.269
3.29405
3.3065
3.307625
3.313825
3.335025
3.3427
3.355025
3.3554
3.373375
3.37445
3.37915
3.5027
3.515975
3.5439
3.574825
3.6035
3.61255
3.612825
3.613175
3.6153
3.620725
3.633675
3.6384
3.6503
3.6538
3.6982
3.802025
3.80795
3.8123
3.835675
3.837725
3.864025
3.8675
3.872375
3.90415
3.9085
3.912425
3.962175
3.99005
3.9961
4.175525
4.26405
4.29525
4.407025
4.4126
4.4794
4.4892
4.5051
4.528775
4.5297
4.56305
4.569925
4.596075
4.7025
4.711075
4.7165
4.7392
4.7614
4.763225
4.768125
4.775175
4.78875
4.81895
4.84135
4.8766
5.05665
5.07205
5.081
5.107425
5.1107
5.1526
5.1551
5.15945
5.17885
5.18315
5.19225
5.304025
5.322975
5.330825
5.334025
5.3464
5.34715
5.35965
5.610425
5.6437
5.7048
5.72795
5.74015
5.74215
5.752225
5.754875
5.7639
5.78445
5.79075
5.798175
5.9091
5.927625
5.956525
5.95655
5.9599
5.96035
6.0185
6.0207
6.04465
6.081125
6.08235
6.09095
6.092725
6.20925
6.21455
6.2266
6.22875
6.2349
6.24925
6.276125
6.343075
6.3891
6.396725
6.500175
6.50945
6.511175
6.52475
6.5258
6.5534
6.56435
6.5751
6.582875
6.588
6.5888
6.5901
6.6137
6.63025
6.696175
6.813925
6.816
6.823775
6.835875
6.840075
6.84775
6.849775
6.8513
6.901025
6.906475
6.93525
6.9406
6.948825
6.9569
6.9994
7.136475
7.1635
7.2253
7.235
7.25715
7.281375
7.2847
7.292075
7.29535
7.444975
7.51505
7.564475
7.56885
7.5693
7.599025
7.70565
7.707375
7.71435
7.73225
7.735425
7.747025
7.75775
7.767225
7.7961
7.797975
7.82335
7.8257
7.865675
7.8811
7.88145
8.02535
8.03485
8.053025
8.061075
8.06295
8.067225
8.068575
8.0794
8.105375
8.14655
8.162625
8.193625
8.307475
8.30845
8.31465
8.3602
8.372075
8.385475
8.390675
8.392925
8.455125
8.4997
8.601625
8.621925
8.622825
8.6335
8.643275
8.69475
8.70745
8.738225
8.7914
8.7999
8.9065
8.9179
8.919525
8.9399
8.943975
8.9445
8.94685
8.990075
9.064725
9.07305
9.08175
9.08895
9.099725
378
