0.00365
0.02155
0.025775
0.027875
0.039725
0.061225
0.0978
0.225375
0.24035
0.275325
0.30195
0.302875
0.315
0.324175
0.356625
0.5024
0.54025
0.552825
0.570225
0.579425
0.607675
0.61515
0.65145
0.669475
0.683425
0.6892
0.805125
0.80835
0.842775
0.84695
0.8956
0.904525
0.932525
0.94245
0.9427
0.99065
0.995625
1.1341
1.15215
1.19045
1.2274
1.227925
1.2334
1.269225
1.2759
1.280875
1.404075
1.41485
1.4389
1.439125
1.463325
1.48045
1.484825
1.497275
1.49755
1.515925
1.5219
1.55305
1.55675
1.561225
1.56725
1.577775
1.5838
1.723725
1.733925
1.745825
1.758825
1.780825
1.812625
1.8197
1.847775
1.851225
1.870775
1.878525
1.8888
1.893675
1.89595
2.0038
2.030725
2.05265
2.056125
2.058
2.069025
2.073275
2.080275
2.08605
2.10815
2.12555
2.129075
2.1519
2.30885
2.3107
2.324025
2.363925
2.372725
2.391775
2.3988
2.4124
2.42735
2.458225
2.465625
2.469625
2.47865
2.495875
2.617575
2.6255
2.62825
2.6681
2.6711
2.6733
2.6738
2.700425
2.74505
2.78635
2.792
2.79985
2.9093
2.92965
2.93795
2.938425
2.9698
3.0093
3.0118
3.02655
3.047375
3.08315
3.084
3.09255
3.096025
3.211875
3.213
3.25225
3.272075
3.278925
3.292875
3.340475
3.372625
3.3774
3.3914
3.507675
3.5123
3.526725
3.563025
3.58685
3.60625
3.621075
3.621975
3.632175
3.646825
3.684525
3.8073
3.815975
3.8351
3.876225
3.881875
3.88625
3.88895
3.90445
4.101275
4.12725
4.1525
4.192275
4.218325
4.2258
4.23365
4.243925
4.280175
4.2978
4.4043
4.4226
4.4338
4.4401
4.44145
4.46145
4.4792
4.517475
4.59395
4.70985
4.7248
4.731325
4.748775
4.761075
4.790825
4.807625
4.810375
4.81095
4.8119
4.8272
4.841025
4.844075
5.009625
5.016325
5.06765
5.070575
5.08945
5.1029
5.1224
5.186125
5.306425
5.3163
5.33315
5.334275
5.3344
5.35885
5.389425
5.392825
5.3976
5.40245
5.435025
5.46385
5.4663
5.636175
5.64485
5.6579
5.6688
5.6694
5.68115
5.6887
5.69055
5.699725
5.72255
5.752525
5.75715
5.771625
5.7761
5.7809
5.7938
5.79565
5.925625
5.956425
5.961175
6.025
6.058125
6.0833
6.083625
6.2207
6.22695
6.245625
6.2834
6.3421
6.380825
6.554975
6.555825
6.5577
6.572475
6.627125
6.635425
6.651325
6.655
6.66735
6.69705
6.81145
6.856675
6.86365
6.86855
6.902825
6.906375
6.921975
6.96145
6.96845
6.9702
6.974675
6.976825
6.98025
7.102825
7.106225
7.11265
7.1148
7.12225
7.169225
7.182875
7.197275
7.202375
7.209025
7.230325
7.25555
7.28225
7.2876
7.2913
7.296025
7.299125
7.40475
7.43285
7.439225
7.488825
7.5039
7.55985
7.566875
7.58325
7.72745
7.728425
7.7302
7.7305
7.76805
7.7915
7.8037
7.81015
7.8162
7.8195
7.8249
7.833675
7.8388
7.884975
7.885925
8.0036
8.022875
8.02605
8.0772
8.10715
8.1132
8.127125
8.13035
8.1629
8.172225
8.30165
8.301925
8.314
8.3346
8.3418
8.3938
8.3986
8.4064
8.4162
8.430725
8.445775
8.448125
8.45545
8.492825
8.4953
8.495825
8.621975
8.635825
8.640275
8.67315
8.7156
8.725875
8.73065
8.732825
8.752725
8.7608
8.77165
8.923125
8.94995
8.9709
8.9721
9.031025
9.040875
9.04695
9.06165
9.07215
350
