0.0397
0.060975
0.06405
0.07855
0.07975
0.09975
0.223425
0.247925
0.2639
0.264875
0.272425
0.274625
0.288
0.3209
0.322325
0.3733
0.503375
0.512925
0.522725
0.556925
0.57155
0.603075
0.61265
0.62055
0.667675
0.6686
0.6932
0.8177
0.81805
0.8332
0.845725
0.8721
0.967175
0.972725
0.990825
1.1057
1.110225
1.11915
1.1346
1.140675
1.1474
1.18655
1.18945
1.230925
1.2348
1.2476
1.27315
1.430825
1.4367
1.449775
1.4515
1.465925
1.471175
1.47495
1.499875
1.516475
1.519425
1.574725
1.596125
1.7127
1.72
1.733925
1.748225
1.7524
1.762075
1.7663
1.77095
1.776025
1.77995
1.8021
1.8037
1.8038
1.81455
1.816375
1.830325
1.84815
1.853875
1.88535
1.892325
2.050575
2.05185
2.059275
2.1118
2.136325
2.1599
2.161775
2.1701
2.19585
2.19995
2.320875
2.339925
2.342275
2.3573
2.394125
2.39565
2.39625
2.4224
2.435075
2.62655
2.65155
2.656625
2.722525
2.732325
2.748825
2.757275
2.7577
2.770525
2.7872
2.7981
2.798575
2.91185
2.9148
2.922475
2.92815
2.9344
2.9653
2.986875
2.9887
2.999775
3.000575
3.00595
3.02075
3.0487
3.0682
3.07065
3.0713
3.085625
3.23405
3.262825
3.264425
3.274775
3.288975
3.293275
3.298725
3.310225
3.32815
3.32835
3.33825
3.3562
3.37345
3.376775
3.39115
3.500625
3.51135
3.5165
3.53195
3.553775
3.603525
3.64865
3.67005
3.683875
3.80445
3.82665
3.8289
3.86165
3.868225
3.906575
3.923975
3.943775
3.94475
3.986425
3.998125
4.1077
4.1149
4.12885
4.147425
4.154675
4.1592
4.219625
4.249825
4.2743
4.2832
4.286425
4.29905
4.450375
4.488
4.499325
4.524925
4.5412
4.56195
4.565675
4.568225
4.700475
4.734425
4.77515
4.7893
4.805775
4.816125
4.82085
4.822875
4.83215
4.83845
4.859925
4.873825
4.88085
4.887375
5.030325
5.04035
5.046375
5.05645
5.058775
5.0659
5.1012
5.120975
5.122425
5.12845
5.128825
5.138075
5.1418
5.1576
5.304025
5.347175
5.367125
5.37235
5.382875
5.383025
5.41345
5.4344
5.438
5.4648
5.46825
5.486425
5.6236
5.65225
5.6604
5.664475
5.67265
5.712825
5.723475
5.73005
5.731375
5.76885
5.779225
5.79905
5.9194
5.92645
5.93055
5.9399
5.972625
6.010125
6.03315
6.0627
6.091525
6.201125
6.21425
6.2227
6.24745
6.2544
6.2617
6.290625
6.30265
6.336125
6.341975
6.34575
6.347475
6.353025
6.372875
6.380825
6.396225
6.509625
6.526975
6.562425
6.5663
6.576
6.577925
6.586
6.5942
6.68205
6.683325
6.686975
6.69115
6.69135
6.80915
6.8451
6.861825
6.88345
6.891275
6.892475
6.900025
6.91135
6.915025
6.91785
6.923775
6.934875
6.94505
6.953075
6.976125
6.993725
7.1041
7.106075
7.121675
7.142925
7.16105
7.173275
7.1848
7.19825
7.218925
7.22485
7.235125
7.277475
7.293325
7.40745
7.424975
7.451425
7.511375
7.5321
7.7023
7.71495
7.717025
7.7191
7.729275
7.762175
7.787625
7.84475
7.847125
7.857875
7.86925
8.0099
8.0287
8.0557
8.0843
8.10195
8.111525
8.1216
8.121825
8.14775
8.149325
8.15545
8.158175
8.184675
8.18615
8.3409
8.35535
8.372
8.390775
8.39265
8.42405
8.4439
8.446325
8.453225
8.463225
8.4799
8.6018
8.6554
8.6771
8.67715
8.68525
8.6923
8.7175
8.721125
8.78915
8.938675
8.95495
8.9922
9.003475
9.00435
9.03005
9.055975
9.07205
359
