0.015775
0.017875
0.038
0.042275
0.05
0.227275
0.23225
0.233975
0.250425
0.25455
0.278125
0.296525
0.308625
0.309125
0.3195
0.327025
0.339375
0.36085
0.365125
0.372075
0.507575
0.51255
0.515
0.523525
0.554
0.576375
0.5857
0.58725
0.6088
0.608875
0.6639
0.66485
0.6711
0.699475
0.808175
0.833725
0.8562
0.856475
0.859525
0.86185
0.8979
0.91155
0.915125
0.926175
0.9274
0.95725
0.966275
0.971125
0.975925
1.121375
1.13155
1.15605
1.18125
1.182375
1.213925
1.219725
1.2428
1.244325
1.249975
1.40245
1.437275
1.48845
1.517275
1.704675
1.7397
1.740175
1.747925
1.76685
1.782375
1.78435
1.8071
1.808575
1.81845
1.838675
1.84945
1.8799
1.891
2.043425
2.1013
2.11425
2.1146
2.1745
2.194975
2.319925
2.32165
2.35625
2.359475
2.364925
2.386
2.391225
2.417375
2.440675
2.481475
2.65045
2.650825
2.67905
2.681375
2.68925
2.6999
2.70105
2.7091
2.710625
2.736925
2.740475
2.75265
2.75795
2.7799
2.781775
2.793575
2.902375
2.9112
2.93865
2.96515
3.01005
3.050825
3.065875
3.066275
3.071225
3.0775
3.08435
3.203375
3.207425
3.22535
3.277375
3.29385
3.30635
3.32225
3.34345
3.501375
3.57135
3.5787
3.599
3.60275
3.60485
3.604875
3.605575
3.612425
3.627425
3.642775
3.643575
3.655975
3.660525
3.677575
3.695125
3.829475
3.84835
3.85315
3.871925
3.89025
3.904825
3.9217
3.9375
3.95455
3.969525
3.974175
3.976625
3.9785
4.10515
4.12155
4.185575
4.192825
4.211125
4.258975
4.273725
4.40305
4.417475
4.4478
4.44805
4.5043
4.551775
4.560775
4.595625
4.71485
4.723075
4.74965
4.80815
4.80875
4.838725
4.856625
4.858625
4.8898
5.00195
5.011825
5.0354
5.092775
5.101275
5.1049
5.12005
5.124925
5.127275
5.136275
5.15535
5.159075
5.166825
5.18365
5.303625
5.31405
5.3402
5.363825
5.375875
5.378175
5.3865
5.44435
5.4444
5.45705
5.605375
5.627575
5.662425
5.66975
5.6814
5.7124
5.717075
5.744275
5.7741
5.783025
5.785575
5.917075
5.94585
5.95745
5.96565
5.995075
6.001175
6.0202
6.029025
6.06285
6.204
6.213
6.22365
6.234975
6.26615
6.267075
6.27605
6.287025
6.290675
6.305475
6.3221
6.3551
6.37355
6.39955
6.515575
6.555125
6.5597
6.5713
6.586875
6.612075
6.622775
6.636675
6.645725
6.68905
6.6936
6.80835
6.81445
6.874375
6.883675
6.951925
6.966925
6.98135
6.9837
6.98585
6.999075
7.1222
7.1569
7.158175
7.160725
7.182725
7.182925
7.233825
7.237075
7.24985
7.28775
7.291525
7.4005
7.407025
7.42085
7.43035
7.438925
7.4485
7.457125
7.457425
7.465275
7.503875
7.535375
7.539225
7.5529
7.5726
7.59745
7.72495
7.72505
7.73275
7.734975
7.73665
7.75615
7.758475
7.7892
7.80935
7.822375
7.8232
7.833575
7.837525
7.8461
7.89505
8.02285
8.04225
8.0468
8.099375
8.123775
8.12595
8.130625
8.132475
8.1457
8.147875
8.166375
8.166475
8.1734
8.324075
8.331375
8.337725
8.33955
8.3437
8.348625
8.360675
8.370125
8.37915
8.3925
8.41475
8.43435
8.442775
8.44645
8.496075
8.60665
8.630275
8.661625
8.66525
8.667675
8.667725
8.680525
8.6901
8.753925
8.755475
8.76805
8.790325
8.79195
8.79625
8.7966
8.933175
8.950025
8.986975
8.9918
9.009875
9.01475
9.018775
9.082125
9.091975
353
