0.0005
0.00085
0.01175
0.013575
0.031375
0.049175
0.085675
0.216025
0.220075
0.237475
0.2478
0.2526
0.2561
0.28435
0.291525
0.335225
0.336975
0.3995
0.522625
0.537875
0.5459
0.5531
0.56235
0.56665
0.5807
0.600425
0.60175
0.60205
0.6162
0.687825
0.69035
0.818525
0.88615
0.93945
0.945925
0.97785
0.979675
0.995625
1.116275
1.132075
1.1347
1.1493
1.15915
1.168125
1.2065
1.208625
1.2411
1.2643
1.2718
1.283075
1.40315
1.415
1.425225
1.4339
1.4404
1.441425
1.45695
1.4846
1.499425
1.50195
1.5025
1.5097
1.5122
1.548925
1.557075
1.558025
1.57955
1.7108
1.729375
1.732525
1.76695
1.794325
1.795225
1.807075
1.83425
1.8459
1.85595
2.03175
2.052575
2.09785
2.09875
2.1156
2.13245
2.13665
2.1382
2.173625
2.199225
2.338575
2.343875
2.344025
2.42115
2.4565
2.47195
2.479975
2.493775
2.615775
2.618025
2.61805
2.6255
2.6292
2.637475
2.644025
2.6453
2.65545
2.66025
2.666475
2.673325
2.68545
2.6941
2.70165
2.70625
2.733375
2.733525
2.736575
2.746775
2.7697
2.78585
2.92475
2.951525
2.965425
2.9667
2.974575
2.98035
2.99285
3.030275
3.07355
3.076525
3.083825
3.099675
3.228
3.24475
3.260925
3.2728
3.2767
3.277425
3.2851
3.289525
3.315775
3.3306
3.331175
3.339325
3.3565
3.36935
3.395125
3.513
3.5183
3.51945
3.535725
3.566125
3.5886
3.59445
3.631325
3.64505
3.65095
3.69495
3.811675
3.815275
3.8161
3.835625
3.866525
3.873325
3.88875
3.889225
3.920675
3.9219
3.9344
3.939475
3.9751
3.997275
3.998675
4.110825
4.112825
4.124
4.1253
4.1293
4.145975
4.154325
4.157475
4.205125
4.2077
4.211325
4.2196
4.22555
4.2333
4.233825
4.2662
4.41815
4.429625
4.455225
4.46165
4.482925
4.499
4.543975
4.5486
4.57005
4.5865
4.71735
4.724675
4.731975
4.779125
4.802725
4.80695
4.823925
4.83055
4.8374
4.850875
4.8564
5.0166
5.016975
5.0251
5.03265
5.042825
5.053475
5.055425
5.0777
5.0824
5.085475
5.095325
5.126225
5.137275
5.14455
5.146175
5.1774
5.1806
5.19345
5.194825
5.3445
5.3581
5.411
5.419825
5.44925
5.47645
5.607475
5.636625
5.637875
5.65165
5.6518
5.696025
5.7278
5.73295
5.73395
5.740725
5.743125
5.766475
5.775325
5.79755
5.912725
5.913125
5.93375
5.9594
5.96385
5.985225
5.99625
6.010975
6.012225
6.012325
6.017875
6.02885
6.029025
6.058625
6.075525
6.08615
6.098275
6.20635
6.225125
6.2631
6.297575
6.301025
6.31595
6.34805
6.349275
6.378875
6.3801
6.3978
6.503525
6.509025
6.519475
6.570575
6.5739
6.579375
6.581575
6.5897
6.5924
6.5974
6.600825
6.60625
6.62295
6.627575
6.633475
6.642525
6.655025
6.809125
6.8341
6.836225
6.8372
6.83725
6.8386
6.840025
6.862525
6.886275
6.9192
6.9243
6.93675
6.959875
6.967575
6.9738
6.9753
6.996725
7.124775
7.138375
7.139875
7.1752
7.195075
7.209325
7.2282
7.231475
7.254875
7.26725
7.2748
7.2752
7.28155
7.2958
7.40995
7.426675
7.427025
7.430125
7.44445
7.466175
7.4732
7.478025
7.47815
7.498525
7.5075
7.560125
7.571575
7.714175
7.718825
7.7229
7.731025
7.739275
7.747075
7.747275
7.749425
7.79055
7.8135
7.82975
7.841525
7.8539
7.881425
7.8861
8.008475
8.037025
8.043325
8.04875
8.054975
8.060125
8.064775
8.069675
8.106375
8.1186
8.137075
8.137825
8.16265
8.16605
8.173725
8.184525
8.303125
8.311275
8.339325
8.400475
8.4036
8.41525
8.435325
8.48045
8.60265
8.60605
8.6374
8.6445
8.6687
8.7064
8.7325
8.767125
8.7696
8.777625
8.791475
8.797625
8.9108
8.92145
8.921575
8.92245
8.933825
8.93855
8.95435
8.957
8.958325
8.982675
8.9923
9.01295
9.018925
9.02065
9.042975
9.044175
9.04765
9.053925
9.0695
405
