0.0076
0.0189
0.033975
0.04555
0.065175
0.07745
0.0838
0.225025
0.238425
0.27975
0.2819
0.312925
0.325225
0.3833
0.386875
0.393375
0.39375
0.503175
0.513775
0.535875
0.588775
0.591625
0.601025
0.643075
0.6452
0.84965
0.8648
0.902175
0.92525
0.96785
0.973175
0.97985
0.997775
1.102725
1.137175
1.14655
1.153325
1.17235
1.17615
1.18475
1.191725
1.193075
1.2075
1.254125
1.266425
1.2794
1.402075
1.424675
1.453075
1.46955
1.473875
1.499975
1.52055
1.710925
1.714475
1.7404
1.7475
1.796725
1.80005
1.808775
1.81425
1.815075
1.8275
1.850275
1.85435
2.00045
2.016925
2.02735
2.033125
2.0611
2.064575
2.06685
2.0823
2.144375
2.153825
2.1618
2.1786
2.193075
2.3383
2.368925
2.42375
2.43035
2.430375
2.435575
2.43965
2.47615
2.49055
2.619175
2.6201
2.66395
2.7016
2.708625
2.720725
2.745575
2.779
2.78295
2.786975
2.796575
2.91195
2.928125
2.962525
3.01935
3.04035
3.0615
3.2648
3.278775
3.31075
3.339525
3.365075
3.369575
3.53915
3.5459
3.55425
3.5631
3.575475
3.5907
3.611675
3.617725
3.649675
3.653325
3.688375
3.81725
3.8295
3.83715
3.84645
3.890975
3.9245
3.931325
3.9322
3.9437
3.95585
3.979425
3.979925
4.12925
4.14615
4.168475
4.204225
4.213475
4.2188
4.232675
4.274225
4.27795
4.290125
4.45775
4.460425
4.467725
4.4703
4.47485
4.478425
4.482975
4.5021
4.5195
4.52805
4.546475
4.5484
4.563175
4.591975
4.715
4.732225
4.7342
4.7865
4.7934
4.804375
5.0366
5.06935
5.074925
5.085675
5.155
5.190425
5.310375
5.312675
5.31435
5.32605
5.37145
5.39345
5.402875
5.422
5.4343
5.44055
5.4457
5.4577
5.461075
5.4676
5.4814
5.61645
5.6952
5.7083
5.716825
5.72505
5.727475
5.78015
5.7972
5.99785
5.998775
6.010375
6.011925
6.0239
6.0323
6.03865
6.051075
6.07445
6.2036
6.2076
6.212925
6.23265
6.2386
6.252025
6.273675
6.293125
6.300775
6.348
6.350475
6.3694
6.37325
6.39115
6.3956
6.514925
6.574775
6.587975
6.6014
6.607
6.618875
6.629
6.629575
6.6348
6.63545
6.642075
6.66135
6.682
6.81075
6.856425
6.8776
6.888075
6.892625
6.92545
6.944075
6.952925
6.9728
6.9812
7.125175
7.17265
7.17525
7.203625
7.20905
7.2194
7.286875
7.405475
7.407575
7.4118
7.436575
7.4467
7.493625
7.507025
7.558175
7.5643
7.564475
7.700575
7.716725
7.744875
7.761
7.768475
7.7869
7.82985
7.83395
7.873175
7.8805
8.012975
8.0425
8.068025
8.0746
8.09725
8.116875
8.1425
8.192675
8.313925
8.32285
8.335925
8.354575
8.3588
8.39095
8.3957
8.40035
8.4123
8.41435
8.427075
8.449975
8.4754
8.4814
8.622
8.736425
8.767375
8.9083
8.955775
8.9575
8.964825
8.974925
8.98385
8.9939
9.01555
9.06085
9.0614
301
