0.02375
0.17865
0.311
0.321175
0.405075
0.418025
0.4331
0.61045
0.656775
0.707475
0.829225
1.141525
1.3133
1.3455
1.3802
1.4444
1.54375
1.575575
1.605425
2.066925
2.210275
2.25635
2.25705
2.2636
2.29425
2.438675
2.5247
2.574025
2.681425
2.93835
2.95945
3.134225
3.181475
3.1862
3.24815
3.256025
3.5024
3.7452
3.877925
4.1203
4.134325
4.17195
4.3376
4.347025
4.535625
4.5851
4.636225
4.67545
4.818675
5.047175
5.159575
5.2017
5.20645
5.23005
5.24355
5.357725
5.4585
5.46985
5.48665
5.51375
5.536275
5.65995
5.68355
5.71875
5.784025
5.7856
5.864075
5.9075
6.130825
6.15285
6.1893
6.37165
6.699475
6.8511
6.910725
6.920875
7.0134
7.0149
7.113125
7.132475
7.2892
7.391875
7.4555
7.598325
7.628975
7.6942
7.875125
7.977875
7.99075
8.147325
8.428775
8.48175
8.591225
8.6072
8.63855
8.70035
8.720425
8.76945
8.902625
8.91015
8.911175
9.0057
9.0137
9.031875
9.216275
9.252825
9.30495
9.40155
9.595925
9.684575
9.8805
9.93765
9.9836
113
