0.03725
0.0869
0.23735
0.3953
0.60215
0.643875
0.68755
0.822
0.9995
1.182675
1.363125
1.5449
1.55235
1.743525
1.7505
1.798375
1.9204
2.033
2.063175
2.077175
2.189425
2.246
2.247125
2.4689
2.481925
2.53905
2.5744
2.582375
2.6569
2.6742
2.839925
2.9308
2.937225
2.95845
3.08815
3.22005
3.2804
3.3527
3.433525
3.4471
3.5006
3.61645
3.7387
3.854625
3.85835
3.955925
3.96355
3.98275
4.199075
4.378825
4.441125
4.444125
4.4627
4.47895
4.5264
4.53755
4.696175
4.78315
4.89885
4.974625
5.284525
5.2952
5.32115
5.656725
5.6703
5.683325
5.793075
5.995725
6.2832
6.357225
6.52615
6.59395
6.673875
6.721275
6.802025
7.13775
7.34775
7.371075
7.465675
7.563625
7.65125
7.725825
7.779675
7.82715
7.83
7.84845
7.871375
7.88605
7.95175
8.100775
8.111525
8.178675
8.233275
8.238725
8.285325
8.3335
8.3595
8.535825
8.547775
8.86195
8.9618
8.9684
9.01185
9.1052
9.106875
9.2325
9.2548
9.53655
9.6122
9.64705
9.6509
9.70655
9.88145
113
