0.073175
0.105675
0.134875
0.304225
0.3522
0.4137
0.44625
0.6045
0.643375
0.8335
0.88135
0.8976
0.920875
0.960775
0.9933
1.071375
1.082275
1.097875
1.162225
1.20335
1.28595
1.50285
1.616
1.6489
1.812225
1.866925
1.903725
1.909025
1.917475
2.030775
2.093025
2.196275
2.3622
2.567525
2.578475
2.77925
2.90785
3.1708
3.2278
3.32645
3.341125
3.616125
3.721475
3.8351
3.89205
3.9009
4.011525
4.250575
4.37275
4.4798
4.50795
4.665425
4.687675
5.17825
5.409975
5.788975
5.92355
6.06245
6.0843
6.141775
6.165675
6.220475
6.225125
6.279775
6.627375
6.741725
6.99435
7.0456
7.116575
7.289675
7.292025
7.638775
7.652725
7.83755
7.892975
8.138875
8.1523
8.17095
8.176225
8.199275
8.4949
8.591075
8.623875
8.641025
8.64875
8.700325
8.712675
8.90305
8.919
8.989025
9.0095
9.119875
9.17525
9.3716
9.66285
9.71745
9.7896
9.87145
9.8739
9.9025
100
