0.03735
0.205125
0.4957
0.51835
0.973275
1.030325
1.049475
1.2676
1.346175
1.367875
1.428825
1.453775
1.550925
1.649125
1.659425
1.727675
1.729925
1.7664
1.76915
1.80245
1.836125
1.9885
2.157875
2.47425
2.53555
2.59555
2.877825
2.921475
3.149875
3.556225
3.649875
3.776775
3.799375
3.984225
4.024275
4.2744
4.28535
4.29985
4.363825
4.3918
4.463825
4.545475
4.714925
4.804125
4.85445
4.8623
4.8625
4.924575
4.985625
5.359025
5.50795
5.609075
5.7573
5.790125
5.8003
5.834
5.9852
6.01595
6.25985
6.2687
6.2885
6.47845
6.503325
6.5423
6.846425
7.037875
7.266225
7.3332
7.63605
7.73885
7.7619
7.963575
8.06335
8.083675
8.14035
8.148825
8.3615
8.6267
8.62945
8.6919
8.7878
8.83405
8.852
8.961025
9.002825
9.12765
9.141225
9.175225
9.312775
9.441675
9.454925
9.5436
9.555225
9.61235
9.809325
9.811975
9.8463
9.8744
9.880575
9.9245
9.9399
9.96845
102
