0.129475
0.294125
0.380475
0.4823
0.525275
0.60425
0.627075
0.659175
0.671875
0.84755
0.87325
1.1178
1.27255
1.297025
1.460275
1.465625
1.550325
1.611
1.6794
2.046375
2.047
2.059625
2.279275
2.327175
2.343225
2.352925
2.3861
2.50115
2.8035
2.8701
2.889
2.913975
2.968825
3.01225
3.0565
3.103525
3.259825
3.290925
3.301625
3.352525
3.425975
3.476875
3.625675
3.8476
3.978525
4.120425
4.25275
4.34585
4.51895
4.614
4.6582
4.72245
4.9636
5.896375
5.90215
5.904625
5.972425
6.185275
6.23455
6.28295
6.3398
6.583425
6.620175
6.751225
6.806775
6.843675
6.917475
6.92755
6.928275
6.9798
7.001825
7.017525
7.11655
7.187475
7.210875
7.2902
7.300975
7.3021
7.418175
7.456925
7.471075
7.599825
7.74925
7.789975
7.8167
7.9626
8.0236
8.3477
8.4145
8.614125
9.149575
9.153475
9.156975
9.283975
9.3464
9.431325
9.4686
9.704025
9.780775
9.804725
9.929425
101
