0.01075
0.231
0.42305
0.91165
0.968075
1.2184
1.218525
1.2265
1.324775
1.5622
1.649625
1.722325
1.814225
1.920075
2.046175
2.047925
2.056075
2.362175
2.510425
2.603575
2.63535
2.6979
2.7202
2.754825
2.78875
2.8366
2.8488
3.039075
3.069875
3.10305
3.12175
3.1458
3.257425
3.312225
3.375425
3.549475
3.8639
4.00745
4.06475
4.3743
4.42945
4.4421
4.5185
4.717925
4.940825
5.11205
5.249075
5.37045
5.43
5.515675
5.727975
5.8578
5.91005
5.952625
5.987925
6.052875
6.082675
6.23845
6.255875
6.293125
6.4047
6.42255
6.466075
6.546925
6.55745
6.58205
7.02865
7.032675
7.194575
7.614425
7.675825
7.75725
7.82845
7.879625
7.908025
8.1615
8.7325
8.77795
8.887375
8.897125
9.481175
9.53375
9.58275
9.5865
9.66485
9.793375
9.796975
9.89845
9.933025
89
