0.2157
0.38405
0.397975
0.560375
0.735825
0.843275
0.8483
0.85595
0.872525
1.085075
1.311075
1.43905
1.535225
1.539375
1.615125
2.11525
2.254925
2.2844
2.301
2.43635
2.505125
2.594425
2.631775
2.6709
2.74375
2.874725
2.892475
2.973775
3.22295
3.342325
3.395025
3.41705
3.52275
3.555675
3.85315
3.94885
4.079125
4.1991
4.240125
4.324975
4.4842
4.5612
4.6136
4.672475
4.737225
4.920425
4.92275
4.94365
5.022225
5.09755
5.195325
5.220425
5.3301
5.570125
6.01795
6.07005
6.08415
6.0861
6.308875
6.7614
6.832675
7.131225
7.335425
7.414325
7.701225
7.82175
7.9022
7.9624
8.117725
8.205175
8.403375
8.42425
8.673475
8.830625
8.918025
9.06235
9.06595
9.200975
9.204625
9.422075
9.464475
9.52165
9.52335
9.561375
9.707375
9.8786
9.940775
9.99855
88
