0.007625
0.16555
0.271325
0.3086
0.60695
0.719475
0.767725
0.768575
0.89395
1.0648
1.079775
1.08965
1.2573
1.3787
1.408225
1.4114
1.543625
1.725525
1.879875
1.886275
2.00615
2.1913
2.223725
2.442525
2.554575
2.744875
2.7925
2.834525
2.9434
2.956275
3.05615
3.1222
3.123225
3.12585
3.237
3.3218
3.384525
3.548975
3.5665
3.59155
3.6731
3.73625
3.8734
3.9762
4.010625
4.0949
4.1273
4.14125
4.248975
4.407825
4.4134
4.714825
4.7572
4.770775
4.886275
5.0406
5.0439
5.222675
5.295025
5.523725
5.57655
5.5939
5.60305
5.6036
5.624225
5.644625
5.71385
5.836075
5.908575
5.9846
5.99855
6.034075
6.187475
6.188475
6.4696
6.4835
6.5916
6.620675
6.639725
6.683
6.7096
6.7916
6.80375
6.933325
6.9434
6.997475
7.3063
7.310025
7.387675
7.993325
8.053475
8.17005
8.22435
8.3046
8.3802
8.462075
8.704
8.75045
8.949325
9.24465
9.307575
9.3081
9.320975
9.3786
9.477225
9.506575
9.713575
9.8879
9.94035
9.9566
110
