0.00625
0.0106
0.039025
0.0589
0.076525
0.18635
0.206275
0.326375
0.347675
0.4181
0.456875
0.562175
0.64095
0.725125
0.852325
0.9481
1.003325
1.091575
1.5022
1.5141
1.672475
1.688775
1.692
1.7016
1.815925
1.8263
1.89805
2.0475
2.1209
2.255575
2.3727
2.6003
2.6313
2.6698
2.749225
2.862525
2.879575
2.883325
3.018225
3.071175
3.109225
3.242325
3.268625
3.59535
3.674275
3.923825
3.9241
3.940625
3.982375
4.094625
4.164525
4.24055
4.261575
4.29005
4.351375
4.416175
4.4366
4.5982
4.658125
4.828675
4.83555
4.97075
5.268575
5.30015
5.354625
5.51045
5.56535
5.711975
5.802975
5.82725
5.844975
5.9757
6.159075
6.19585
6.196275
6.21065
7.020325
7.022575
7.070425
7.09505
7.3503
7.4639
7.51145
7.6024
7.67655
7.72065
7.81675
7.841575
8.196375
8.198825
8.26355
8.31025
8.388525
8.4363
8.483725
8.6731
8.91915
9.052625
9.163175
9.172425
9.21225
9.2139
9.249925
9.2753
9.305175
9.33735
9.495875
9.51775
9.65105
9.7889
9.81155
9.969975
112
