0.024125
0.0348
0.03915
0.103875
0.1039
0.127425
0.131325
0.32775
0.53285
0.815575
0.8944
0.98765
1.0118
1.015425
1.249875
1.29665
1.41115
1.604925
1.700675
1.8458
1.848875
1.871275
2.0026
2.1193
2.1283
2.1748
2.317725
2.447175
2.60225
3.1854
3.24055
3.344425
3.356075
3.43775
3.480275
3.621075
3.6296
3.673625
3.713925
3.864275
3.94515
3.990475
4.315825
4.336275
4.4436
4.571025
4.5739
4.60205
4.77705
4.838525
4.9201
5.029475
5.09155
5.10985
5.12285
5.152425
5.192475
5.23665
5.55205
5.670225
5.791725
5.9875
6.0843
6.132775
6.178875
6.277925
6.3738
6.586625
6.711275
6.80455
7.064
7.385225
7.485575
7.487025
7.5841
7.596425
7.64045
7.64385
7.89655
8.089775
8.324
8.33675
8.402525
8.540525
8.5804
8.725775
8.750375
9.040825
9.065625
9.1078
9.257075
9.326525
9.3507
9.43175
9.4529
9.5012
9.534
9.595625
9.64485
9.75395
9.83715
9.869125
9.97945
103
