0.17615
0.284525
0.29315
0.377525
0.38645
0.432975
0.506375
0.622
0.740725
1.02765
1.065675
1.1219
1.20135
1.3267
1.434575
1.449625
1.60295
1.7634
1.908425
1.961975
2.01155
2.303375
2.32825
2.443325
2.60365
2.72885
2.733675
2.8238
2.886
2.903875
3.089475
3.1197
3.282825
3.307075
3.6132
3.638275
3.6739
3.945675
3.96685
4.019775
4.0716
4.1343
4.2488
4.325025
4.3467
4.37155
4.590675
4.628325
4.675275
4.756125
4.79145
5.055225
5.123225
5.188625
5.260875
5.361475
5.642975
5.725875
5.789875
5.814625
5.834825
5.963775
6.1014
6.1371
6.21225
6.360625
6.4333
6.43595
6.44215
6.6391
6.85685
7.1004
7.244625
7.24865
7.2564
7.293375
7.6056
7.706075
7.83615
7.9225
8.105675
8.111875
8.178025
8.291575
8.313825
8.389825
8.5419
8.57935
8.650175
8.6556
8.67825
8.6991
8.712125
9.017075
9.21565
9.21735
9.236875
9.440775
9.485275
9.754675
9.891425
101
