0.021575
0.193025
0.1992
0.2884
0.343025
0.35285
0.59445
0.6216
0.634825
0.64135
0.736325
1.044475
1.062375
1.11995
1.169025
1.1849
1.251975
1.4343
1.437925
1.546075
1.5926
1.786325
2.1139
2.11965
2.12745
2.391725
2.447725
2.500675
2.518625
2.63555
2.76475
3.087075
3.13805
3.265775
3.2714
3.272375
3.366325
3.754875
3.759675
3.76225
3.82825
4.008675
4.0259
4.0548
4.1755
4.25015
4.25275
4.373275
4.4358
4.584525
4.63955
4.8105
4.8526
5.07405
5.287025
5.395275
5.45285
5.61415
5.659375
5.71145
5.74865
5.757975
5.761525
5.78395
5.8071
5.869875
5.885525
5.902975
5.94065
6.03615
6.371275
6.44415
6.45735
6.53805
6.558375
6.682225
6.73635
6.7834
6.817425
6.8287
6.904775
7.164025
7.194075
7.264325
7.3175
7.4842
7.596025
7.60485
7.622225
7.994
8.002225
8.053625
8.14195
8.226175
8.233075
8.269325
8.466375
8.50125
8.666125
8.87055
9.018975
9.05445
9.095975
9.257875
9.43365
9.4697
9.607425
9.607675
9.690775
9.748425
9.842575
9.9218
112
