0.2895
0.490575
0.6368
0.7186
0.869175
1.102125
1.242825
1.274525
1.36465
1.4354
1.4767
1.570775
1.658875
1.792425
1.87675
2.008
2.1909
2.22945
2.493875
2.785075
2.785575
2.80665
2.91075
2.9188
2.972275
3.018875
3.284625
3.3099
3.3543
3.375425
3.4452
3.5314
3.72175
3.7526
3.7923
3.803975
3.9231
4.0036
4.01755
4.095125
4.1791
4.411075
4.5824
4.650175
4.70155
5.044175
5.0794
5.271525
5.34385
5.37365
5.375825
5.459425
5.78975
5.81825
6.052
6.0748
6.07835
6.135475
6.176575
6.23085
6.234625
6.278075
6.663875
6.71025
6.926925
7.00015
7.147075
7.1783
7.711675
8.01345
8.145575
8.19145
8.20605
8.2961
8.40945
8.5633
8.589175
8.828
8.976825
9.14565
9.232325
9.31545
9.3248
9.336025
9.351625
9.690425
9.72775
9.731625
9.83835
9.9427
9.967575
91
