0.0132
0.0232
0.08935
0.144325
0.28585
0.289625
0.29725
0.41025
0.6414
0.71475
0.759575
0.779225
0.796825
0.8412
1.177925
1.2815
1.311275
1.398675
1.4593
1.5059
1.5151
1.53055
1.66195
1.74295
1.756025
1.760025
1.965725
2.14335
2.172525
2.207775
2.21915
2.38185
2.419175
2.427475
2.509075
2.5222
2.598375
2.624675
2.77505
2.88915
2.894075
3.06315
3.206525
3.2917
3.39725
3.436825
3.43935
3.613625
3.76735
3.917075
4.0583
4.225575
4.4873
4.55925
4.633125
4.67645
4.72055
4.76265
4.86445
4.9303
5.08505
5.1358
5.157175
5.219175
5.5299
5.561075
5.63585
5.659725
5.883675
5.949825
5.97655
6.0118
6.0189
6.08975
6.1439
6.169325
6.232025
6.325825
6.418225
6.822825
6.8674
7.24555
7.3109
7.35305
7.8531
7.875775
8.1862
8.281725
8.286225
8.516725
8.72805
8.75215
8.804475
8.829375
9.001925
9.153425
9.253575
9.468675
9.47735
9.57955
9.822975
9.850825
102
