0.221375
0.672925
0.696
0.7919
0.8708
0.978225
1.033125
1.4447
1.6667
1.6772
1.927725
1.991525
2.13965
2.15785
2.165525
2.19275
2.45915
2.4695
2.57615
2.58025
2.7152
2.7703
2.860425
3.0741
3.167075
3.3371
3.370875
3.412525
3.4375
3.604575
3.884975
4.037775
4.18005
4.18625
4.35925
4.517525
4.801525
4.8519
4.86465
4.976475
5.0202
5.1274
5.145
5.449
5.486525
5.579725
5.69715
5.796775
5.87445
6.380875
6.44345
6.558825
6.617625
6.94885
6.9731
7.00495
7.10645
7.43915
7.592825
7.6265
7.932375
8.12565
8.1634
8.199025
8.3201
8.335875
8.45485
8.562025
8.831575
8.867675
9.087675
9.087725
9.174325
9.198625
9.3449
9.868025
9.9041
77
