0.164825
0.25965
0.33625
0.459625
0.50165
0.569675
0.623025
0.6615
0.66935
0.824225
1.09985
1.1322
1.18655
1.27945
1.578075
1.61955
1.73365
1.9478
2.688925
2.741175
2.7991
3.38045
3.384575
3.457325
3.4924
3.558425
3.71845
3.72835
3.76435
3.861475
4.020675
4.1156
4.21685
4.226375
4.248475
4.289775
4.477425
4.524675
4.74155
4.8078
4.853225
5.0156
5.07245
5.07955
5.08445
5.165025
5.257425
5.36755
5.467825
5.59295
5.630925
5.758975
5.7954
6.076625
6.14065
6.185575
6.23505
6.343025
6.3862
6.409675
6.4119
6.433425
6.498775
6.593725
6.632
6.783925
6.798975
6.9033
6.983425
7.120075
7.186575
7.232725
7.352275
7.40375
7.487275
7.511
7.737175
7.762525
8.072625
8.192575
8.196
8.26995
9.138275
9.273725
9.33565
9.3746
9.51075
9.62735
9.6451
9.65125
9.661775
9.662025
9.698925
9.759425
9.880275
9.92805
96
