0.359975
0.812825
0.8715
0.872125
0.89015
0.911625
0.9644
0.970225
1.113725
1.153675
1.16985
1.285775
1.31705
1.435975
1.439025
1.740725
1.900025
2.283025
2.429825
2.468325
2.5877
2.831425
2.928875
2.933875
3.167475
3.3977
3.50065
3.55185
3.555875
3.7717
3.80235
3.905125
3.905625
3.914675
3.919825
3.97445
4.027725
4.0282
4.197975
4.226875
4.232625
4.350025
4.452075
4.46035
4.5528
4.575075
4.668025
4.684475
4.696275
4.714825
4.7386
4.84775
4.850925
4.91615
5.040325
5.222525
5.3112
5.355475
5.471525
5.525975
5.591375
5.69965
5.71355
5.90445
6.154725
6.2006
6.3042
6.41955
6.42435
6.504225
6.519525
6.5436
6.716225
6.72205
6.8633
7.007475
7.3758
7.5235
7.55825
7.635575
7.742025
7.7865
7.7868
8.01125
8.053675
8.18705
8.43235
8.433275
8.498475
8.509875
8.549575
8.68085
8.7331
8.76845
8.805575
8.91465
9.142825
9.297275
9.302075
9.332225
9.339025
9.4737
9.5186
9.64775
9.6554
9.8393
9.9319
107
