0.2131
0.286425
0.288475
0.327225
0.4113
0.42225
0.46205
0.66135
0.6991
0.713425
0.995775
1.21605
1.34415
1.43775
1.5335
1.579125
1.7149
1.715475
1.97925
1.979275
1.996025
2.00945
2.113725
2.1657
2.31605
2.5774
2.595625
3.028325
3.0913
3.1561
3.240275
3.4322
3.51275
3.6551
3.684925
3.712675
3.77325
3.798125
3.869425
4.1083
4.133775
4.1414
4.1578
4.26775
4.27585
4.309975
4.328375
4.3288
4.53205
4.626025
4.656225
4.6634
4.759975
4.949675
4.953725
5.011075
5.039625
5.062975
5.307125
5.307325
5.6624
5.79515
5.797575
5.84825
5.877525
5.8926
6.00315
6.042475
6.08195
6.0912
6.200225
6.2518
6.4345
6.534225
6.86895
6.8693
7.396775
7.6052
7.701525
7.713625
7.74525
7.830775
7.872425
7.968325
8.00605
8.04605
8.214525
8.28785
8.4252
8.430825
8.438475
8.4421
8.524925
8.590925
8.6838
8.766575
8.778925
9.035225
9.043775
9.106325
9.1508
9.242025
9.26305
9.46345
9.467125
9.54865
9.797775
9.924525
108
