0.007725
0.036925
0.074125
0.13585
0.240425
0.438125
0.80495
0.88865
0.89555
1.001125
1.02495
1.07995
1.30385
1.421725
1.525475
1.616125
1.745875
1.825275
1.95135
1.99765
2.1093
2.256225
2.2768
2.423875
2.432225
2.444775
2.499125
2.531625
2.5747
2.67975
2.765775
2.8315
3.095025
3.189275
3.23785
3.2959
3.34015
3.652625
3.693325
3.879175
4.0674
4.135425
4.282
4.284225
4.427875
4.44585
4.566075
4.56655
4.611625
4.684725
4.8989
4.95735
4.96715
4.96895
5.147575
5.267925
5.318025
5.328625
5.637075
5.702775
5.746875
5.7642
5.8621
5.899325
6.1182
6.1392
6.28565
6.54205
6.6253
6.671725
6.809675
6.88995
6.97395
7.064475
7.828425
7.873725
8.0106
8.3715
8.373975
8.3944
8.4352
8.46945
8.4884
8.633575
8.699925
8.7729
8.7783
8.786675
9.0815
9.08185
9.218725
9.2914
9.311825
9.45275
9.50285
9.51485
9.64685
9.700025
9.7709
9.8135
9.851225
9.922425
9.93265
9.950875
104
