0.046125
0.11195
0.124725
0.138375
0.215625
0.255575
0.3126
0.31785
0.354575
0.476975
0.498275
0.514125
0.5221
0.578475
0.676575
0.7169
0.71755
0.755675
0.818475
0.90535
0.911525
0.9583
1.036075
1.061975
1.2265
1.24665
1.26345
1.27415
1.366625
1.41425
1.4583
1.48775
1.54925
1.554475
1.61905
1.846
1.903325
1.933225
1.968425
2.059775
2.11275
2.146925
2.171475
2.288475
2.379725
2.490375
2.62025
2.83695
2.85775
2.865225
2.88005
2.8855
2.913775
2.941125
3.083825
3.11245
3.290975
3.2981
3.445075
3.468225
3.60655
3.6391
3.67695
3.75845
3.763175
3.89625
3.9539
3.9815
4.0158
4.062475
4.21645
4.2684
4.3152
4.342175
4.349925
4.4113
4.4584
4.4707
4.4957
4.541925
4.77835
4.824975
4.967475
5.104775
5.1911
5.443025
5.634525
5.6562
5.660125
5.731675
5.90045
5.9014
5.921375
5.939325
6.037625
6.096325
6.331225
6.3893
6.450675
6.484925
6.54305
6.654575
6.7695
6.8491
6.9842
7.02585
7.11975
7.14175
7.21255
7.223275
7.303875
7.340075
7.3716
7.41885
7.71045
7.855325
7.885975
7.8876
7.998325
8.07815
8.124975
8.23045
8.249925
8.305825
8.3143
8.46235
8.5088
8.784375
8.7905
8.8638
8.864075
8.943775
9.016725
9.0397
9.35215
9.35405
9.3605
9.45765
9.513825
9.5952
9.59565
9.882275
9.92065
143
