0.001425
0.013275
0.2491
0.2648
0.3719
0.564625
0.70295
0.781275
0.82605
0.87285
0.9923
1.008375
1.2466
1.3463
1.365125
1.49965
1.5215
1.54695
1.630575
1.791
1.921625
1.960675
1.960825
2.0062
2.0432
2.2438
2.244275
2.253425
2.2878
2.28945
2.30065
2.3638
2.37005
2.37425
2.39315
2.4014
2.4246
2.557625
2.57445
2.6122
2.647375
2.65785
2.68365
2.782
2.81375
2.8667
3.0098
3.062875
3.066625
3.28745
3.3389
3.3525
3.3748
3.3802
3.417575
3.53515
3.5403
3.544875
3.55355
3.6797
3.70915
3.728475
3.7656
3.859675
3.9477
3.98305
4.1314
4.136275
4.363775
4.38335
4.58585
4.69885
4.730275
4.84705
4.852775
4.86205
5.033525
5.05575
5.195025
5.244875
5.291275
5.297675
5.33285
5.3493
5.3965
5.455175
5.482025
5.535625
5.5523
5.609025
5.72465
5.755025
5.93675
6.03835
6.05855
6.0752
6.07555
6.151375
6.1593
6.2466
6.33765
6.44935
6.5405
6.62685
6.686925
6.77195
6.77665
6.811075
6.8348
6.8605
7.1701
7.207425
7.265525
7.511225
7.518175
7.57275
7.574975
7.622825
7.64915
7.675875
7.700875
7.7666
7.781175
7.818175
7.830325
7.913275
7.9439
8.018825
8.096925
8.154725
8.265575
8.3012
8.463175
8.494525
8.615125
8.632675
8.6589
8.7346
8.754
8.860975
8.864525
8.934625
8.937625
8.956825
9.15155
9.292875
9.371125
9.41615
9.47285
9.4916
9.499375
9.54695
9.5976
9.631225
9.649575
9.70635
9.860125
9.89515
9.968275
159
