0.1769
0.2373
0.376075
0.48125
0.576275
0.5802
0.6162
0.642325
0.6664
0.8001
0.8684
0.96085
1.12675
1.1382
1.3834
1.3888
1.419225
1.445575
1.529025
1.609675
1.611025
1.6338
1.6743
1.715325
1.729375
1.76205
1.843325
1.859425
1.9257
2.054375
2.08605
2.250025
2.320975
2.389775
2.419325
2.507525
2.5145
2.741025
2.803775
2.8112
2.826075
2.851775
2.957725
3.010425
3.020675
3.09875
3.153775
3.2269
3.256625
3.259375
3.3878
3.442225
3.624675
3.627375
3.6869
4.05095
4.07585
4.13975
4.2441
4.285625
4.313375
4.403775
4.4453
4.525275
4.62795
4.630675
4.652175
4.66
4.672725
4.707475
4.7505
4.776525
4.876225
5.039575
5.07855
5.2435
5.261825
5.460975
5.531075
5.5682
5.5768
5.869475
5.948475
5.956225
5.973275
6.023725
6.059375
6.063775
6.0949
6.134625
6.274475
6.3884
6.418325
6.451975
6.467575
6.486175
6.557375
6.569375
6.6812
6.684
6.825375
6.901625
6.90395
6.96085
6.9903
6.99275
7.023025
7.059875
7.13595
7.143975
7.15055
7.1658
7.205575
7.26235
7.31915
7.40505
7.485525
7.550825
7.568
7.655975
7.75055
7.916075
7.9859
8.004775
8.096275
8.191775
8.23145
8.316075
8.348475
8.3834
8.38995
8.499925
8.568625
8.630175
8.637575
8.70055
8.70675
8.721375
8.73685
9.05255
9.065825
9.19395
9.253275
9.30105
9.3114
9.331275
9.347075
9.380625
9.477525
9.489075
9.499875
9.73125
9.888675
9.89825
154
