0.0258
0.118525
0.140075
0.187475
0.208025
0.21585
0.346775
0.3858
0.485375
0.5338
0.5747
0.745575
0.781675
0.83615
0.911975
0.9279
0.9451
1.043775
1.0793
1.132625
1.15965
1.1884
1.19025
1.200875
1.227425
1.257625
1.2592
1.308625
1.323575
1.366825
1.45845
1.49005
1.523675
1.532225
1.547325
1.637925
1.747925
1.772675
1.775025
1.795525
1.88065
2.04065
2.0709
2.11265
2.145925
2.23545
2.25235
2.346575
2.41265
2.41985
2.48585
2.512075
2.51845
2.521625
2.563725
2.6433
2.718125
2.7944
2.83675
2.887775
2.89795
2.899175
2.914775
2.967325
2.97395
3.066625
3.20255
3.3003
3.4591
3.467575
3.509625
3.578475
3.622125
3.633525
3.66495
3.680825
3.800875
3.889075
4.0298
4.087275
4.1085
4.21125
4.2833
4.339525
4.36385
4.420325
4.43535
4.4654
4.578875
4.5874
4.7214
4.723925
4.77395
4.81625
5.055425
5.074575
5.144725
5.18465
5.218725
5.41025
5.449575
5.453975
5.5524
5.64675
5.682025
5.7721
5.88685
5.9245
5.9705
5.99665
6.02525
6.038
6.039225
6.052225
6.158325
6.2019
6.227675
6.456525
6.483775
6.48445
6.495125
6.584525
6.617875
6.623475
6.640825
6.67115
6.6984
6.6992
6.703725
6.723575
6.77475
6.794575
6.817025
6.8237
7.034575
7.1912
7.286025
7.3016
7.3912
7.504725
7.521
7.577325
7.668575
7.68005
7.775
7.78765
7.88965
7.989475
8.016125
8.02185
8.085525
8.2454
8.362625
8.586025
8.616925
8.7029
8.786325
8.808375
8.845125
8.8497
8.866525
8.901325
8.9809
8.984825
9.0273
9.063975
9.070075
9.127375
9.200425
9.217825
9.218625
9.222225
9.3029
9.326025
9.366775
9.3814
9.392
9.47995
9.548125
9.576275
9.5945
9.690725
9.875475
9.976025
9.991575
185
