0.04755
0.087025
0.198225
0.22325
0.226275
0.2344
0.24875
0.417425
0.44655
0.45965
0.507225
0.5545
0.566825
0.8416
0.881175
1.013625
1.041325
1.095425
1.20785
1.3382
1.470675
1.5297
1.546025
1.6541
1.866325
2.030925
2.071475
2.1192
2.15645
2.188425
2.21335
2.24945
2.326375
2.36575
2.51785
2.7127
2.740325
2.755575
2.765775
2.876575
2.879325
2.980625
3.034225
3.070725
3.1198
3.130875
3.162575
3.346625
3.3773
3.38685
3.42405
3.4748
3.5267
3.526775
3.64185
3.751975
3.850375
3.921025
3.96375
4.00455
4.052225
4.053825
4.09415
4.14475
4.155275
4.1625
4.20875
4.2431
4.299375
4.3292
4.34865
4.50635
4.55895
4.600075
4.714075
4.72635
4.7679
4.77775
4.8489
4.878625
4.901825
4.978875
5.127825
5.150125
5.17365
5.3232
5.44865
5.457425
5.650675
5.654325
5.751025
5.78485
5.887425
5.900925
5.914225
5.95435
5.957225
6.02935
6.0832
6.1126
6.375725
6.48075
6.59635
6.607575
6.6866
6.774325
6.8006
6.862325
6.864725
6.908725
6.91115
6.965825
6.987975
7.144375
7.192525
7.19735
7.309475
7.316825
7.331025
7.3436
7.37275
7.41475
7.462025
7.53605
7.59965
7.62225
7.689725
7.7683
7.770725
7.8363
7.87155
7.98495
7.99005
8.0225
8.049425
8.09865
8.1929
8.2826
8.4268
8.4439
8.6374
8.7915
8.8566
8.872925
9.056975
9.059275
9.16595
9.169225
9.1704
9.21025
9.226525
9.338275
9.412475
9.500075
9.50705
9.513525
9.5739
9.607125
9.76835
9.775275
9.80005
9.84175
9.84645
9.85885
9.962775
9.9749
166
