0.028725
0.046625
0.091025
0.2062
0.3458
0.34595
0.36785
0.430925
0.43555
0.49305
0.5005
0.554075
0.633425
0.6887
0.886575
1.019525
1.120925
1.25305
1.311375
1.465475
1.47
1.53535
1.6245
1.725825
1.8196
1.83545
1.94625
2.231875
2.26705
2.28755
2.3535
2.450675
2.4768
2.496325
2.49915
2.67295
2.713225
2.954675
2.964225
3.095125
3.1547
3.2045
3.247325
3.314925
3.378625
3.452625
3.54685
3.558625
3.5852
3.64395
3.688475
3.68915
3.744875
3.80475
3.823225
3.85955
3.875875
4.045325
4.38355
4.47615
4.6284
4.69095
4.76185
4.840275
4.878575
4.8921
5.13435
5.197025
5.1976
5.2233
5.2285
5.29705
5.419775
5.4905
5.53775
5.5708
5.603825
5.800075
5.828225
5.87185
5.892225
6.052175
6.093775
6.1443
6.1865
6.2815
6.299975
6.31315
6.4078
6.432575
6.446575
6.454
6.478575
6.488575
6.7456
6.895725
6.93315
6.953575
7.017925
7.059525
7.0706
7.12665
7.142525
7.27235
7.27505
7.3094
7.325175
7.364375
7.527975
7.56485
7.585375
7.692575
7.762125
7.762575
7.809525
7.827875
7.86195
7.905
7.933275
8.016725
8.0353
8.15585
8.322
8.414975
8.426825
8.460375
8.496875
8.52615
8.67715
8.692325
8.72455
8.759475
8.806475
8.845225
8.90405
9.00275
9.021275
9.032
9.042175
9.081675
9.25455
9.3304
9.334675
9.387025
9.392825
9.5062
9.510025
9.811675
9.84555
9.9528
150
