0.1019
0.171025
0.225475
0.37065
0.388325
0.395675
0.44615
0.528425
0.5813
0.64985
0.692925
0.8157
0.83415
0.8919
0.902075
0.9051
0.98965
1.0247
1.0263
1.173025
1.280325
1.330325
1.4564
1.4813
1.54965
1.563075
1.671175
1.686825
1.791625
1.92565
2.15605
2.1909
2.437475
2.54705
2.57245
2.585475
2.641325
2.6943
2.72945
2.7815
2.825975
2.9601
2.98985
3.1711
3.186575
3.33325
3.4148
3.483725
3.619625
3.735625
3.80655
3.845925
3.918325
3.94575
4.098775
4.1123
4.2495
4.35025
4.356675
4.383075
4.43945
4.482825
4.5364
4.581625
4.6968
4.704525
4.727675
4.7665
4.84275
5.038325
5.067875
5.085275
5.10355
5.20025
5.217525
5.339625
5.3778
5.452625
5.4788
5.551475
5.6239
5.91255
5.918625
6.121175
6.154425
6.1824
6.265775
6.324525
6.414675
6.58805
6.634175
6.76885
6.8854
6.995325
7.15045
7.172825
7.27115
7.420675
7.595
7.620525
7.7136
7.73705
7.862175
7.865075
7.88405
7.9137
7.9802
8.03495
8.067425
8.14005
8.17215
8.181475
8.223725
8.28355
8.37175
8.5971
8.682475
8.73295
8.941725
8.95725
9.01655
9.049275
9.090075
9.116125
9.1299
9.18425
9.2802
9.412625
9.4153
9.565125
9.626525
9.645175
9.645425
9.675675
9.68925
9.740275
9.750575
137
