0.05965
0.239425
0.37545
0.430825
0.4854
0.58205
0.667025
0.674375
0.72055
0.778175
0.7983
0.872925
0.8746
0.998475
1.0577
1.15785
1.23715
1.2624
1.4094
1.7652
1.997325
2.108675
2.1093
2.114475
2.275575
2.4575
2.5762
2.634975
2.718475
2.73615
2.793875
2.8408
2.8623
2.86815
2.878325
2.92035
3.045475
3.148325
3.29285
3.303725
3.329
3.509
3.517225
3.54555
3.555275
3.585575
3.611075
3.6444
3.701775
3.862275
3.86645
3.928225
4.15855
4.181
4.3599
4.395225
4.4389
4.488525
4.521875
4.5659
4.605
4.60555
4.612875
4.62515
4.73465
4.785025
4.898075
4.901725
4.928025
5.097125
5.1348
5.2167
5.40725
5.47065
5.480275
5.483875
5.564425
5.6488
5.7613
5.783375
5.809625
5.84005
5.95085
5.962125
6.0467
6.137625
6.141675
6.226225
6.288425
6.303275
6.371325
6.503925
6.55915
6.5648
6.569925
6.755925
6.76505
6.794425
6.84425
6.990025
7.144325
7.208525
7.22555
7.369075
7.437125
7.450375
7.518275
7.526775
7.533525
7.559875
7.638275
7.766625
7.848475
8.229325
8.390925
8.402825
8.457625
8.49135
8.502525
8.62765
8.706325
8.83895
8.970675
9.004175
9.041425
9.0568
9.112675
9.12465
9.165725
9.183475
9.236275
9.31465
9.3253
9.417875
9.4393
9.5243
9.600575
9.6317
9.690625
9.813775
9.8269
9.830225
9.861825
9.87475
9.89065
9.90875
146
