0.044275
0.212175
0.2457
0.282
0.3145
0.422725
0.726675
0.8034
0.810675
0.883175
0.90635
1.0283
1.065375
1.111875
1.248375
1.283275
1.293675
1.36775
1.4475
1.447975
1.465775
1.49305
1.676525
1.692325
1.73925
1.7601
1.776075
1.854475
1.88715
2.170725
2.228275
2.23315
2.23615
2.445375
2.578475
2.5808
2.658725
2.674875
2.7149
2.728025
2.797725
2.81205
2.818975
2.853575
2.859925
2.988675
3.004475
3.05395
3.089575
3.12595
3.157375
3.286075
3.322175
3.3504
3.363675
3.5091
3.588
3.632525
3.64905
3.77105
3.79945
4.006175
4.010125
4.03115
4.0571
4.091425
4.0982
4.3982
4.64655
4.7626
4.82005
4.83265
4.966075
5.045425
5.055175
5.159475
5.160925
5.321375
5.37125
5.444325
5.49745
5.570275
5.596525
5.61405
5.637825
5.64135
5.80275
5.8375
5.94445
5.972925
5.977775
6.148525
6.15835
6.323925
6.32725
6.3834
6.613125
6.6372
6.78685
6.83095
6.872375
7.039225
7.3847
7.422525
7.469125
7.57935
7.586525
7.827575
7.82885
7.85685
7.925575
7.93125
7.947575
7.973
7.9804
7.983075
8.1027
8.19635
8.21235
8.234025
8.324825
8.339225
8.566625
8.60345
8.7315
8.7539
8.766325
8.8004
8.8183
8.88565
8.90165
8.98775
9.012325
9.081975
9.105575
9.111775
9.127625
9.13735
9.154875
9.469925
9.5
9.6656
9.8318
143
