0.059425
0.06575
0.1386
0.204425
0.3411
0.35575
0.541375
0.625275
0.635275
0.68325
0.753725
0.794475
0.956375
1.03815
1.0948
1.18335
1.285175
1.333875
1.4425
1.473225
1.521775
1.53415
1.5954
1.606275
1.67815
1.681025
1.764575
1.9863
2.1285
2.195325
2.230025
2.25905
2.286
2.37375
2.394775
2.419425
2.421575
2.60685
2.616025
2.67205
2.689225
2.7693
2.834925
2.8843
2.896975
3.171725
3.245675
3.360325
3.498675
3.511675
3.5818
3.58865
3.602325
3.7253
3.814575
3.878
3.9022
4.01705
4.034825
4.0943
4.27635
4.293975
4.3235
4.3284
4.450075
4.51205
4.890575
5.030575
5.365
5.448325
5.5248
5.536225
5.626975
5.6292
5.632625
5.64925
5.659175
5.669375
5.782375
5.9953
6.036425
6.13055
6.1588
6.2305
6.3145
6.3819
6.38255
6.5303
6.559275
6.653975
6.712875
6.740575
6.7531
6.77165
6.82085
6.849675
6.88315
6.896125
6.948675
6.970275
7.032425
7.065525
7.120975
7.122525
7.158525
7.17225
7.205175
7.3319
7.413675
7.46435
7.48295
7.4942
7.56225
7.582375
7.6822
7.771725
7.94895
8.060725
8.164775
8.226725
8.29215
8.3461
8.37225
8.55345
8.555225
8.595075
8.6632
8.6694
8.75655
8.7574
8.90405
8.914525
8.919325
8.933675
8.98005
9.072925
9.16925
9.261325
9.371075
9.38355
9.41495
9.5346
9.553775
9.621275
9.813
9.8188
9.9248
147
