0.05515
0.156425
0.4387
0.534975
0.5865
0.6413
0.695875
0.790625
0.90845
1.2019
1.235475
1.237125
1.28735
1.33305
1.375475
1.380225
1.44025
1.444725
1.46555
1.4902
1.518625
1.5556
1.632825
1.7176
1.80105
1.815975
1.882075
1.88775
1.979575
2.0507
2.17985
2.2535
2.2735
2.2998
2.359
2.483275
2.554075
2.674
2.682225
2.696525
2.809
2.904175
2.97825
3.01605
3.0313
3.114
3.11975
3.250325
3.264625
3.3002
3.42125
3.459975
3.554875
3.698925
3.804325
4.03535
4.109775
4.1137
4.2536
4.29395
4.337325
4.4832
4.633575
4.639125
4.77785
4.83065
4.913575
4.928125
5.1452
5.204975
5.216625
5.2335
5.254675
5.281625
5.31775
5.422975
5.501925
5.5333
5.665
5.725275
5.7258
5.730025
5.752575
5.85225
5.917525
6.005275
6.01
6.09135
6.111275
6.1869
6.227575
6.2439
6.269325
6.314275
6.326
6.37395
6.6089
6.6721
6.680775
6.868725
6.9143
7.112675
7.2845
7.316125
7.3348
7.409375
7.470075
7.5844
7.593075
7.601075
7.629075
7.62975
7.71745
7.851975
7.870975
7.8806
7.973225
8.02985
8.030975
8.059025
8.062575
8.08195
8.10535
8.2046
8.231325
8.29765
8.3583
8.6525
8.67745
8.78
8.78425
8.790075
8.95
9.41775
9.525425
9.57025
9.6178
9.91135
9.937525
9.9864
140
