0.17315
0.24165
0.254975
0.296125
0.34405
0.35835
0.466575
0.492125
0.5346
0.6499
0.7056
0.7819
0.87645
0.957125
1.01365
1.03895
1.181275
1.3514
1.385875
1.41045
1.41955
1.6455
1.673525
1.68085
1.6861
1.745375
1.784675
1.810825
1.9238
1.936925
1.956275
2.128325
2.18685
2.3018
2.338775
2.3419
2.369525
2.3936
2.644525
2.768675
2.860975
3.0006
3.013125
3.0223
3.031
3.101975
3.409075
3.535575
3.600975
3.6883
3.759175
3.772375
3.83715
3.861725
3.969175
4.020225
4.151925
4.163325
4.1856
4.309475
4.41935
4.446275
4.49055
4.6836
4.755875
4.7582
4.75965
4.7756
4.78445
4.7878
4.835425
4.9918
5.000875
5.0137
5.100525
5.135725
5.189775
5.4638
5.555925
5.68775
5.793475
5.82975
5.877675
5.9604
6.023875
6.13035
6.21745
6.3137
6.34365
6.4185
6.514775
6.55115
6.59315
6.596975
6.635325
6.935
6.9548
6.97885
6.99325
7.05005
7.134725
7.21935
7.3347
7.355525
7.451275
7.58695
7.762225
7.8923
7.969775
7.99885
8.02035
8.024025
8.05735
8.1445
8.220025
8.26845
8.317275
8.344975
8.345925
8.35445
8.377975
8.401175
8.47405
8.67325
8.695225
8.77845
8.800725
8.914425
8.929575
8.9627
9.10235
9.1033
9.14625
9.277125
9.457325
9.4741
9.539425
9.60495
9.66155
9.681
9.763775
9.93225
9.97865
143
