0.013875
0.042425
0.142675
0.15005
0.150725
0.157675
0.16465
0.247475
0.26065
0.38265
0.389975
0.481875
0.491
0.52705
0.591
0.60285
0.726925
0.879525
0.887025
0.97215
0.984025
1.1496
1.224075
1.36015
1.383775
1.636475
1.64345
1.685225
1.71105
1.806825
1.872125
1.8873
1.9726
2.097725
2.211075
2.2355
2.249875
2.578425
2.65775
2.66835
2.82685
2.91255
2.9195
2.9677
3.04155
3.09555
3.10495
3.3721
3.4669
3.538675
3.568325
3.643425
3.689175
3.712275
3.73225
3.908425
3.911575
3.984275
4.0624
4.086825
4.089925
4.224575
4.344875
4.404975
4.4422
4.469475
4.551925
4.559375
4.5625
4.626625
4.652275
4.667
4.723775
4.8707
4.931625
5.22465
5.2699
5.313325
5.395975
5.481175
5.56855
5.7419
5.7587
5.76485
5.7796
5.8222
5.843625
5.8703
5.934325
5.951425
5.95145
6.008175
6.029775
6.0338
6.102075
6.239125
6.2791
6.290775
6.34485
6.34615
6.42155
6.4595
6.482225
6.52755
6.551925
6.652375
6.747925
6.78845
7.033125
7.159675
7.35145
7.379325
7.482125
7.56985
7.647725
7.682275
7.707075
7.76215
7.763375
7.85965
7.867
7.873225
7.893625
7.9298
7.9522
8.0162
8.091125
8.11575
8.16125
8.293925
8.339825
8.39285
8.602675
8.6106
8.63555
8.764975
8.83225
8.889475
8.9627
8.9933
9.033725
9.094275
9.2362
9.26935
9.372425
9.38505
9.409425
9.48295
9.5002
9.669825
9.745375
9.7756
9.801575
9.81245
9.8424
9.862125
9.885525
157
