0.01155
0.12545
0.1964
0.257625
0.292525
0.321475
0.364875
0.3811
0.397325
0.42275
0.5045
0.552325
0.589225
0.64575
0.708925
0.725275
0.889625
0.9003
0.92345
0.980825
0.983025
0.99495
1.022475
1.031325
1.06805
1.243025
1.28
1.40015
1.45015
1.54175
1.542125
1.731625
1.772075
1.84095
2.000825
2.058875
2.0922
2.096125
2.15875
2.262275
2.297575
2.368925
2.379425
2.414275
2.492975
2.7932
2.8598
2.903925
2.912075
2.974725
3.143575
3.2299
3.400875
3.456775
3.51635
3.5298
3.60125
3.64005
3.6886
3.76985
3.7947
3.799175
3.824725
3.894075
3.9119
3.9277
3.974825
4.00775
4.038175
4.2576
4.279025
4.3019
4.40355
4.458025
4.51395
4.637375
4.662075
4.7217
4.774925
4.834275
4.85075
4.870225
4.890875
4.9814
5.060825
5.105425
5.1938
5.20685
5.207925
5.212275
5.234425
5.24495
5.25775
5.33635
5.35635
5.4595
5.54085
5.557575
5.5703
5.6773
5.7557
5.79655
5.8296
5.87895
6.24335
6.25595
6.262575
6.415675
6.43705
6.4719
6.675275
6.686075
6.69685
6.739825
6.795425
6.9785
6.991225
6.998475
7.08345
7.117775
7.13135
7.159375
7.1863
7.1999
7.2653
7.350825
7.51535
7.6823
7.6882
7.74845
7.865
7.93825
7.972275
8.16725
8.247925
8.4106
8.45545
8.4897
8.508475
8.5114
8.652875
8.8145
8.827175
8.847025
8.859625
8.8864
9.125925
9.14
9.3199
9.327775
9.37405
9.5034
9.5309
9.553375
9.576625
9.724425
9.77615
9.82215
9.866175
9.87775
9.890775
9.97455
162
