0.035025
0.0477
0.050725
0.077525
0.0861
0.132875
0.1402
0.176875
0.268175
0.35335
0.35835
0.399675
0.4166
0.433175
0.58055
0.6709
0.6725
0.7625
0.8678
0.8684
0.901975
1.005175
1.0152
1.157875
1.201575
1.291675
1.29435
1.3316
1.372225
1.4011
1.409475
1.530825
1.66225
1.784575
2.033775
2.063725
2.14175
2.199425
2.314275
2.352175
2.426925
2.4908
2.652225
2.767
2.79565
2.8586
2.877125
2.904425
2.90545
2.932875
3.01015
3.02765
3.045725
3.129025
3.310475
3.3361
3.347825
3.383
3.3851
3.43425
3.51435
3.5345
3.53495
3.597625
3.599775
3.71445
3.765675
3.828475
4.02205
4.055325
4.05645
4.139225
4.29725
4.354725
4.3743
4.445975
4.53025
4.692225
4.742325
4.83035
5.12085
5.19245
5.224425
5.31455
5.394425
5.52415
5.690925
5.7259
5.75635
5.839175
5.85275
5.8631
5.950825
5.951625
6.024475
6.0472
6.05505
6.2398
6.268225
6.3513
6.3549
6.3903
6.39915
6.474475
6.5413
6.5467
6.588925
6.595575
6.9631
7.26485
7.561725
7.564375
7.601175
7.6456
7.664075
7.679225
7.9114
8.046925
8.07245
8.22515
8.2347
8.2407
8.27505
8.32445
8.40565
8.433325
8.471875
8.573525
8.610125
8.640425
8.64685
8.648475
8.678025
8.799975
8.811025
8.855525
8.889025
8.911925
9.01775
9.098275
9.1007
9.315
9.3846
9.392725
9.437
9.45265
9.47045
9.532325
9.633225
9.670125
9.693875
9.73555
9.741075
9.78885
9.7903
9.87995
9.909425
9.95695
9.99
159
