0.092925
0.261575
0.376125
0.6299
0.670575
0.692675
0.73695
0.755825
0.76405
0.883925
0.89145
0.9095
0.94405
1.122575
1.140725
1.22555
1.2638
1.30855
1.3628
1.387375
1.52865
1.5409
1.552875
1.819125
1.95715
2.014
2.0484
2.1143
2.201225
2.2025
2.31735
2.359325
2.47975
2.7631
2.868425
2.895525
2.910925
3.06335
3.077625
3.145825
3.158275
3.161675
3.194825
3.2244
3.23055
3.259775
3.63005
3.704325
3.708175
3.721775
3.834875
3.992425
4.0176
4.06
4.060725
4.233325
4.342425
4.383325
4.5471
4.5641
4.6109
4.621975
4.6457
4.768575
4.822225
4.84135
4.9257
4.9767
5.155075
5.292075
5.34165
5.3419
5.39765
5.469925
5.47535
5.5929
5.594425
5.67665
5.694725
5.79325
5.838825
5.9031
6.0384
6.0451
6.0942
6.100675
6.169575
6.194325
6.270175
6.314075
6.350175
6.49015
6.55345
6.783075
6.813275
7.000025
7.00345
7.01705
7.035325
7.1038
7.316325
7.32865
7.403525
7.481025
7.5381
7.915625
8.0052
8.01005
8.0181
8.0555
8.239725
8.27715
8.34575
8.374275
8.436725
8.51805
8.56165
8.607625
8.6515
8.671425
8.71485
8.78155
8.78805
8.84635
8.98775
8.994525
9.081075
9.30665
9.35135
9.459525
9.467525
9.5194
9.52215
9.555325
9.5895
9.6563
9.70135
9.9159
138
