0.014075
0.0366
0.049525
0.182675
0.2707
0.30335
0.4016
0.4188
0.724775
0.809825
0.8339
0.982575
0.998475
1.021525
1.05575
1.075275
1.08185
1.20875
1.29695
1.305175
1.415875
1.446375
1.48315
1.506425
1.56025
1.707925
1.964475
2.09975
2.272675
2.295225
2.30255
2.390225
2.395775
2.444475
2.4752
2.55785
2.5726
2.584375
2.672
2.74665
2.898675
3.01865
3.030125
3.059675
3.101275
3.116825
3.160575
3.1903
3.342325
3.356
3.3807
3.435375
3.531675
3.59145
3.66385
3.665875
3.7277
3.7814
3.82905
3.8299
3.857225
3.86255
3.89575
3.901125
3.9582
4.01815
4.032025
4.0664
4.2484
4.281
4.36755
4.3738
4.558825
4.56095
4.58105
4.585375
4.69145
4.711225
4.7316
4.739575
4.75765
4.833975
4.91795
4.93105
5.003725
5.0112
5.171
5.18205
5.265725
5.328425
5.510925
5.572975
5.596575
5.6196
5.628075
5.7201
5.74505
5.816375
5.833425
5.8971
6.147875
6.163325
6.18355
6.20375
6.292125
6.35825
6.609325
6.6769
6.779125
6.808925
6.918575
6.99795
7.067275
7.1342
7.280125
7.362125
7.51765
7.5345
7.59145
7.6367
7.7255
7.7837
7.79865
7.818
7.8217
7.93975
7.9422
8.002725
8.0244
8.043575
8.09885
8.22275
8.320625
8.3582
8.42205
8.455425
8.492375
8.62475
8.700075
8.76505
8.769575
8.77595
9.0306
9.03295
9.06885
9.13955
9.171825
9.253025
9.2852
9.29435
9.37655
9.386275
9.41355
9.435875
9.643925
9.855325
156
