0.006025
0.036725
0.0511
0.0689
0.1316
0.14745
0.3618
0.408
0.440825
0.44535
0.5133
0.603125
0.604
0.827275
0.901125
0.9239
0.932925
0.98985
1.00765
1.009825
1.0679
1.213975
1.2339
1.23925
1.24585
1.2612
1.276275
1.3954
1.5353
1.563675
1.582675
1.733625
1.94965
2.0338
2.036925
2.2174
2.2455
2.2678
2.3168
2.32255
2.44395
2.449
2.5601
2.576
2.5786
2.61225
2.6238
2.654
2.732425
2.7806
2.960175
2.973125
3.007175
3.049125
3.09585
3.161875
3.247525
3.2787
3.295125
3.3273
3.36445
3.40235
3.41835
3.564175
3.5667
3.620775
3.71135
3.72295
3.74035
3.74095
3.753875
3.795875
3.823425
3.873625
3.913275
4.08425
4.094325
4.138625
4.167275
4.197625
4.451225
4.579325
4.663375
4.7047
4.836675
4.865975
5.0077
5.016975
5.036725
5.075575
5.1941
5.255775
5.2739
5.283975
5.3481
5.427975
5.430225
5.453575
5.48725
5.572075
5.648825
5.65025
5.6944
5.694725
5.880975
6.05465
6.06325
6.2492
6.347475
6.417175
6.42835
6.437375
6.51535
6.602375
6.734275
6.745
6.800325
6.8737
6.962675
6.999875
7.00965
7.08805
7.08955
7.113475
7.3148
7.33115
7.512125
7.609575
7.668875
7.719075
7.79375
7.8188
8.05735
8.065275
8.239075
8.289125
8.4649
8.48065
8.7106
8.714575
8.9431
9.021125
9.085475
9.118575
9.150025
9.165775
9.174875
9.2269
9.34055
9.37655
9.389575
9.452375
9.470475
9.5011
9.534825
9.53645
9.6509
9.677225
9.6831
9.685575
9.790475
9.997525
162
