0.062925
0.09605
0.1069
0.1426
0.177275
0.245075
0.415325
0.456175
0.638675
0.69755
0.7329
0.769275
0.77715
0.794425
0.836625
0.9849
1.083525
1.086975
1.191425
1.25105
1.28935
1.328625
1.367675
1.388025
1.437675
1.639425
1.6708
1.69445
1.743175
1.793875
1.8105
1.866425
1.9008
1.918025
1.942275
1.9426
1.977075
2.007725
2.113
2.1171
2.164525
2.194675
2.3084
2.3848
2.4655
2.48305
2.540975
2.7177
2.728875
2.729025
2.842525
2.90715
3.081175
3.259875
3.323675
3.38395
3.4142
3.431625
3.571675
3.649
3.719525
3.79605
3.7973
3.839925
3.853925
3.8639
3.919125
4.011925
4.1371
4.310525
4.335075
4.33645
4.37495
4.458625
4.533925
4.54175
4.794675
4.877625
4.907425
4.913975
4.97965
4.982225
4.993325
5.02485
5.071325
5.1498
5.201675
5.33235
5.352175
5.424275
5.429125
5.429625
5.511575
5.554825
5.580975
5.6702
5.7201
5.73585
5.826925
5.8693
6.0246
6.13365
6.142575
6.156225
6.19685
6.317475
6.52005
6.5854
6.638375
6.6664
6.712
6.835525
7.036775
7.2324
7.34945
7.36815
7.52695
7.534725
7.5725
7.647425
7.86245
7.9907
8.075975
8.082875
8.1449
8.301875
8.3377
8.380125
8.398475
8.411125
8.53745
8.587325
8.611075
8.61785
8.62185
8.65665
8.6988
8.7057
8.7105
8.719325
8.765875
8.79315
8.839825
8.996975
9.011
9.045275
9.274875
9.515975
9.546625
9.63455
9.6449
9.708575
9.8624
9.880275
154
