0.551475
0.614575
0.6205
0.6292
0.845925
0.906275
0.92605
0.93395
0.97595
1.04545
1.04755
1.069375
1.0735
1.130375
1.156475
1.3601
1.5321
1.581275
1.71205
1.719875
1.916725
1.969225
1.9791
2.186225
2.2807
2.282225
2.3346
2.36975
2.37825
2.409075
2.436325
2.6403
2.658425
2.783625
2.936525
2.9398
2.94565
3.07155
3.141625
3.2003
3.244675
3.257225
3.29655
3.30705
3.35295
3.3536
3.500125
3.545575
3.5988
3.621525
3.629225
3.779675
3.824525
3.923775
3.939125
3.939875
3.985025
4.0361
4.05
4.16085
4.251225
4.2737
4.4047
4.426075
4.495575
4.76045
4.76685
4.886375
4.951425
4.9636
4.9724
5.19765
5.26815
5.318675
5.328875
5.3787
5.385175
5.430275
5.469175
5.508475
5.52325
5.979675
6.05855
6.064475
6.093925
6.15205
6.2069
6.26145
6.440375
6.46235
6.4748
6.659575
6.741675
6.785575
6.807075
6.87055
6.88025
6.937125
7.105175
7.363625
7.408375
7.50685
7.5599
7.7265
7.842475
7.9635
7.9977
8.011725
8.050675
8.128125
8.15995
8.170475
8.2365
8.29585
8.3958
8.581825
8.6099
8.68995
8.72665
8.732325
8.772075
8.781475
8.809475
8.84875
8.957
8.98545
9.0079
9.15515
9.178325
9.183025
9.190125
9.20925
9.295125
9.3943
9.507625
9.536575
9.553375
9.5754
9.7989
9.813525
9.89025
9.891425
9.89915
9.9351
9.954475
9.97225
9.9794
147
