0.052525
0.077075
0.184175
0.270025
0.271825
0.324725
0.443475
0.45175
0.552675
0.555
0.7266
0.812675
0.868825
0.915675
0.97575
1.012675
1.11575
1.1531
1.39075
1.453275
1.505325
1.616175
1.694675
1.740775
1.77995
1.8633
1.8676
1.983675
2.0736
2.201375
2.2038
2.2391
2.254
2.2917
2.4637
2.636275
2.777525
2.928975
2.951025
2.992
3.009575
3.211675
3.267675
3.3055
3.3835
3.49965
3.537425
3.5586
3.64045
3.67265
3.714625
3.730125
3.79575
3.957425
4.252675
4.297625
4.423825
4.525
4.60665
4.8135
4.83855
4.853725
4.9021
4.924
4.935
5.039175
5.10485
5.231775
5.4087
5.4809
5.59815
5.601525
5.638725
5.7381
5.8791
5.9433
6.0029
6.17115
6.1835
6.298725
6.31125
6.441175
6.566925
6.60595
6.65215
6.711325
6.844725
7.0819
7.12325
7.258425
7.28215
7.381275
7.421825
7.42195
7.4278
7.4399
7.4628
7.466875
7.543875
7.57295
7.588025
7.780275
7.902375
7.920675
7.9593
8.003375
8.02175
8.079425
8.153
8.192425
8.2049
8.2478
8.30415
8.7557
8.807925
8.84985
8.894275
8.899125
8.902625
8.923975
9.023025
9.02525
9.043125
9.077125
9.080075
9.1476
9.22395
9.227275
9.2854
9.2925
9.46165
9.472175
9.54235
9.743875
9.7705
9.81675
9.85995
9.86785
9.9053
9.91145
140
