0.040325
0.055525
0.1333
0.14115
0.16815
0.353075
0.64805
0.652625
0.785025
0.79685
0.8171
0.886425
0.9293
0.95055
1.010375
1.017175
1.023175
1.074025
1.083225
1.1042
1.367375
1.39235
1.413175
1.48685
1.58035
1.63535
1.636175
1.8393
1.840575
1.85
2.036775
2.110475
2.150275
2.192375
2.204325
2.210725
2.293375
2.3548
2.4763
2.67815
2.728225
2.765175
2.774025
2.778775
2.884775
2.90185
2.9688
2.98315
2.986725
2.99965
3.157175
3.171825
3.2932
3.3837
3.41565
3.513975
3.53595
3.590975
3.60345
3.671125
3.680125
3.73065
3.79995
3.904
4.00965
4.203
4.296125
4.39755
4.4948
4.62765
4.6474
4.701925
4.753025
4.775675
4.871725
4.892375
4.9998
5.03925
5.069625
5.3103
5.344025
5.36315
5.424775
5.45185
5.455375
5.467875
5.474925
5.47525
5.529375
5.5393
5.556625
5.642375
5.8351
5.965275
6.04985
6.179125
6.212475
6.259125
6.2619
6.421975
6.593925
6.61305
6.65035
6.775525
6.803875
6.831525
6.8511
6.96805
7.0031
7.02015
7.036125
7.049025
7.115075
7.1291
7.152175
7.242175
7.257125
7.28715
7.543
7.547375
7.69705
7.72975
7.9129
7.92595
7.971675
7.98945
8.027775
8.033225
8.15125
8.2371
8.277075
8.3541
8.37605
8.41695
8.571525
8.585625
8.6823
8.70945
8.96975
8.99855
9.037475
9.095225
9.21245
9.34035
9.377575
9.384225
9.668325
9.73135
9.747625
9.9176
9.94195
9.94785
152
