0.046925
0.0636
0.1275
0.21715
0.26065
0.32875
0.44215
0.461875
0.490275
0.5256
0.62495
0.83755
1.048475
1.065375
1.08755
1.100175
1.118925
1.165625
1.170825
1.180175
1.182925
1.208775
1.300425
1.409025
1.4106
1.500475
1.582425
1.639525
1.674875
1.688975
1.8879
1.915475
1.97815
2.131975
2.14
2.201075
2.204425
2.255575
2.33225
2.334275
2.43255
2.478975
2.5926
2.62805
3.2228
3.26865
3.2965
3.34605
3.426425
3.447375
3.4841
3.630075
3.640425
3.70815
3.721575
3.92785
3.98565
4.316625
4.3392
4.5849
4.705975
4.77635
4.81935
4.824925
4.874975
4.894025
5.06675
5.235825
5.277775
5.288125
5.4008
5.647225
5.7063
5.75035
5.762575
5.76855
5.879825
5.937375
5.94725
6.007675
6.0091
6.06035
6.06535
6.08675
6.101675
6.3874
6.413275
6.510525
6.59945
6.691875
6.7237
6.73685
6.78785
6.83075
6.8802
6.937575
7.02865
7.084075
7.1865
7.25585
7.28505
7.302725
7.388675
7.400625
7.5016
7.711425
7.925275
7.968625
7.978725
8.1059
8.126075
8.1992
8.204675
8.2204
8.4573
8.463175
8.5489
8.693275
8.70545
8.71115
8.943
8.9886
8.998425
9.14145
9.1719
9.271375
9.35925
9.54735
9.593225
9.685025
9.707075
9.73805
9.754475
9.76155
9.78445
9.799525
9.870325
9.880925
9.903425
9.916575
9.93025
141
