0.03585
0.0389
0.042075
0.2021
0.230875
0.259375
0.60115
0.606375
0.624325
0.66035
0.679725
0.82815
0.938975
0.9862
1.0828
1.08915
1.098975
1.1008
1.224525
1.2445
1.287675
1.30445
1.338
1.3828
1.428775
1.4428
1.4588
1.508675
1.6205
1.70505
1.74385
1.782875
1.8095
1.81935
1.89695
2.0106
2.32345
2.55685
2.706125
2.766825
2.9741
3.010375
3.073125
3.073925
3.18845
3.464025
3.47945
3.555375
3.749575
3.839175
3.87665
3.886675
3.939575
3.944875
4.101375
4.173
4.176675
4.227175
4.257625
4.299425
4.359125
4.701575
4.813475
4.90625
4.965025
4.982125
5.048675
5.2747
5.2773
5.306325
5.32585
5.4574
5.608075
5.62295
5.637675
5.822725
5.869725
5.901725
5.971325
5.990275
6.27555
6.277225
6.333525
6.758375
6.889675
6.901075
7.069025
7.090925
7.1644
7.381775
7.4672
7.50605
7.55155
7.690475
7.703975
7.935175
7.9706
7.996275
8.058525
8.1232
8.1761
8.193425
8.2491
8.3116
8.3412
8.351325
8.489125
8.511025
8.596925
8.668025
8.86735
8.868425
8.873025
8.9572
8.95765
8.972025
8.98035
9.036725
9.087775
9.089375
9.100125
9.1491
9.20435
9.300375
9.324625
9.371775
9.453325
9.581025
9.704125
9.72595
9.73545
9.754225
9.76105
9.894425
134
