0.079675
0.220225
0.410375
0.484175
0.486525
0.508375
0.716975
0.74965
0.949725
0.9779
0.987425
1.19665
1.3048
1.385225
1.393575
1.53095
1.654925
1.793175
1.807125
2.00415
2.0268
2.032225
2.157575
2.159875
2.26725
2.343475
2.357475
2.376575
2.38735
2.445675
2.454725
2.5083
2.5612
2.61265
2.665175
2.702875
2.818675
2.902725
2.9802
3.065
3.195625
3.225425
3.334975
3.36925
3.371775
3.609675
3.7533
3.814075
3.84825
3.991825
4.000625
4.150425
4.2331
4.2346
4.3208
4.698425
4.76315
5.13145
5.140025
5.34755
5.3976
5.43945
5.4562
5.494375
5.6401
5.685025
5.68735
5.733675
5.781175
5.8318
5.951175
5.9992
6.0257
6.07825
6.146925
6.149525
6.166475
6.17495
6.272175
6.3073
6.33135
6.34485
6.41005
6.421325
6.4739
6.4948
6.546625
6.58895
6.744775
6.890375
6.92325
6.956175
7.1582
7.17665
7.2105
7.23415
7.3049
7.355975
7.40295
7.41105
7.417775
7.462225
7.51325
7.518975
7.6434
7.777
7.833575
7.853
7.898475
7.9725
7.986375
7.994625
8.11915
8.13695
8.177275
8.235325
8.340075
8.414025
8.53665
8.619775
8.665625
8.6919
8.84255
8.865325
8.9557
8.9715
9.047425
9.0591
9.158775
9.224875
9.29475
9.345475
9.35175
9.363525
9.372
9.442925
9.4943
9.508
9.5274
9.54095
9.611625
9.7613
9.82705
9.860825
9.876025
145
