0.0165
0.04275
0.104525
0.112275
0.1699
0.237475
0.337875
0.392375
0.5141
0.550575
0.56785
0.8529
0.986575
0.992875
0.993325
0.994625
1.02795
1.089725
1.13765
1.1641
1.2117
1.23705
1.31385
1.330825
1.34525
1.416225
1.4479
1.4874
1.512475
1.533
1.5373
1.6372
1.722275
1.751125
1.8075
1.83635
1.839625
1.9451
1.97105
2.06605
2.095575
2.407025
2.416425
2.56795
2.569475
2.632825
2.65545
2.686725
2.829725
3.050575
3.06615
3.242925
3.258675
3.46365
3.6772
3.779475
3.92305
4.051875
4.354375
4.5937
4.605375
4.63665
4.715925
4.769125
4.8719
5.09435
5.193775
5.256875
5.303525
5.3155
5.422475
5.4241
5.4857
5.56545
5.5676
5.580175
5.63125
5.6633
5.717375
5.819025
5.834025
5.9039
5.997225
6.003225
6.085625
6.12795
6.23505
6.266
6.4262
6.430325
6.482125
6.61405
6.6252
6.6417
6.7538
6.804775
6.81125
6.822975
6.8412
6.8658
7.020075
7.1504
7.2497
7.26485
7.4449
7.444925
7.490375
7.513475
7.54875
7.5814
7.601725
7.7901
7.86195
7.916625
7.964725
7.97545
7.980275
8.05795
8.061375
8.077725
8.118
8.13795
8.29755
8.33635
8.4756
8.582525
8.622875
8.640025
8.781525
8.8702
8.918
8.969425
9.10455
9.140375
9.27935
9.294525
9.295375
9.370325
9.371875
9.52305
9.676575
9.6817
9.689175
9.801375
9.8014
9.8433
146
