0.141225
0.1597
0.276475
0.3678
0.43365
0.47825
0.5206
0.524025
0.55835
0.576875
0.7583
0.768625
0.7755
0.871575
0.960575
1.028225
1.0873
1.0912
1.1407
1.154775
1.351025
1.363575
1.36815
1.418
1.446325
1.53605
1.613375
1.905925
1.93205
1.970775
2.137725
2.179475
2.196875
2.2555
2.3449
2.388375
2.4005
2.5104
2.515875
2.539375
2.547625
2.55135
2.557975
2.63875
2.66995
2.670175
2.674875
2.775925
2.857625
2.957175
3.145725
3.14895
3.181075
3.19695
3.29865
3.3013
3.335875
3.409275
3.578725
3.613025
3.92865
3.985425
4.1616
4.1736
4.1849
4.206025
4.288125
4.4193
4.42085
4.4371
4.59315
4.665575
4.70625
4.81945
4.843125
4.846975
4.8677
5.12275
5.163875
5.298225
5.44635
5.59805
5.626975
5.641725
5.72795
5.738075
5.74215
5.8888
5.8969
6.058275
6.144
6.1672
6.267125
6.267375
6.283725
6.33165
6.3693
6.53955
6.725975
6.746075
6.8718
6.953825
6.97045
7.099275
7.107025
7.2404
7.515425
7.55
7.607325
7.69595
7.7656
7.928425
7.992325
8.10695
8.13315
8.16475
8.21115
8.547775
8.72525
8.9884
8.9915
9.057425
9.256625
9.2799
9.349075
9.403875
9.5361
9.539525
9.7461
129
