0.0603
0.078375
0.1041
0.173525
0.30755
0.312425
0.38005
0.628825
0.657975
0.725525
0.89635
0.90595
0.9872
0.994175
1.0227
1.1432
1.152075
1.1652
1.22225
1.3348
1.419725
1.463275
1.6726
1.75745
1.8005
1.9379
1.958025
2.052975
2.06055
2.182
2.2106
2.270725
2.40625
2.49635
2.54955
2.65505
2.755575
2.775125
2.795525
2.88495
3.004975
3.032325
3.0369
3.0489
3.077325
3.318275
3.351575
3.36695
3.37275
3.378575
3.407575
3.4336
3.437925
3.59
3.69015
3.7006
3.8375
3.859975
3.87405
4.033225
4.11105
4.12765
4.1662
4.296225
4.34045
4.4639
4.5715
4.576975
4.62785
4.64265
4.699825
4.710025
4.730275
4.8131
5.074525
5.106025
5.23305
5.330925
5.356525
5.356925
5.42445
5.504425
5.748325
5.7752
5.822875
5.964775
6.00155
6.0398
6.196425
6.202075
6.29775
6.3503
6.3536
6.3679
6.5684
6.6446
6.726925
6.730975
6.848725
6.92225
7.021575
7.049125
7.105275
7.128025
7.1568
7.157775
7.2496
7.250525
7.281975
7.320075
7.467025
7.47985
7.4843
7.65955
7.75045
7.78895
7.806575
7.8157
7.839825
7.915125
7.916275
7.92
7.951475
8.11385
8.148175
8.154625
8.1699
8.212825
8.216
8.306225
8.3191
8.355525
8.40325
8.50915
8.511525
8.58705
8.602075
8.625925
8.73
8.772725
8.9005
8.931875
8.9729
9.01445
9.36325
9.528275
9.69
9.728275
9.8283
149
