0.0723
0.11535
0.399175
0.417925
0.7022
0.771025
0.776625
0.7945
0.8014
0.839525
0.852975
1.001225
1.069275
1.077875
1.133225
1.23775
1.2446
1.2639
1.3082
1.403875
1.43025
1.5139
1.78605
1.847125
1.981775
2.0343
2.063425
2.16215
2.21685
2.251625
2.349725
2.393425
2.672875
2.810625
2.84235
2.9158
2.967875
2.9694
2.986475
3.02835
3.2405
3.26675
3.2776
3.41325
3.4178
3.4568
3.4673
3.797625
3.805375
3.820625
3.905125
3.979275
4.007125
4.049275
4.068975
4.1343
4.255075
4.370075
4.466525
4.471675
4.666575
4.7701
4.799225
4.821425
4.84565
4.918575
5.0223
5.029625
5.061925
5.219425
5.247525
5.423525
5.476025
5.5038
5.54775
5.558525
5.628325
5.908
5.910425
5.916225
6.00335
6.0997
6.1653
6.3548
6.515775
6.527425
6.623875
6.6709
6.795725
6.829725
6.831225
6.857075
6.8596
6.90875
6.932
7.005325
7.0062
7.073275
7.156925
7.26245
7.330875
7.514775
7.580525
7.589225
7.646525
7.795775
7.855475
7.863125
7.89935
7.9369
7.9973
8.01805
8.12495
8.154525
8.1744
8.185775
8.1891
8.442125
8.486775
8.565575
8.58715
8.6074
8.7062
8.727675
8.732125
8.8937
8.935925
8.9987
9.15615
9.160925
9.225075
9.273775
9.2995
9.3244
9.5828
9.583025
9.88035
9.926725
9.98625
139
