0.069475
0.081475
0.128275
0.146125
0.18365
0.29505
0.400675
0.5109
0.528825
0.697175
0.8683
0.937
0.9623
1.008975
1.100775
1.2169
1.32355
1.582775
1.703275
1.729775
1.747025
1.777625
1.779425
1.812975
1.821025
1.8251
1.877775
1.96715
2.059225
2.096325
2.167225
2.269725
2.296625
2.329225
2.3559
2.449025
2.6718
2.7647
2.957125
3.0455
3.2086
3.78665
3.819425
3.91825
3.958225
4.0585
4.11715
4.174125
4.236225
4.285425
4.3778
4.4167
4.507075
4.563175
4.565975
4.56775
4.61195
4.62255
4.697675
4.763325
4.78115
4.796025
4.8151
4.83215
4.9198
5.098525
5.12745
5.169425
5.199075
5.256225
5.2649
5.3848
5.434325
5.448275
5.515475
5.545275
5.56955
5.62105
5.68595
5.821775
5.9181
5.987225
6.06455
6.07555
6.131225
6.177125
6.23715
6.25455
6.40185
6.418575
6.42395
6.5271
6.73325
6.956725
6.978275
7.001075
7.223125
7.2392
7.35715
7.445125
7.487525
7.5104
7.527575
7.582025
7.793925
7.798425
8.1021
8.12705
8.16985
8.2852
8.360225
8.4776
8.511
8.5274
8.607025
8.76045
8.84415
8.86515
8.961425
8.9849
8.98735
9.0598
9.06475
9.12385
9.269725
9.293375
9.3441
9.3505
9.36875
9.3913
9.440425
9.54185
9.560625
9.713525
9.882
9.90825
9.927275
9.959875
138
