0.032625
0.291225
0.53145
0.795175
0.852275
0.958
1.0348
1.2233
1.32035
1.334525
1.35345
1.397175
1.4113
1.4422
1.563275
1.677025
1.6996
1.820375
1.959525
2.022775
2.05815
2.1179
2.1637
2.25825
2.283125
2.283175
2.3109
2.348075
2.48205
2.721525
2.854525
2.9314
2.97945
3.061775
3.118825
3.3576
3.37585
3.425925
3.44385
3.48315
3.5158
3.518725
3.5596
3.57285
3.74765
3.81435
3.928475
3.936675
4.110175
4.1703
4.1906
4.2615
4.35385
4.3621
4.4855
4.519675
4.6799
4.701025
4.704325
4.7654
4.7714
4.7881
4.78815
4.80805
4.8521
5.132925
5.192225
5.256275
5.2895
5.30595
5.326125
5.3495
5.460475
5.561325
5.626625
5.701
5.701525
5.741825
5.760975
5.806125
5.824375
5.8405
6.011225
6.07595
6.241125
6.243875
6.275025
6.2825
6.36775
6.434075
6.4556
6.493225
6.519825
6.561075
6.669675
6.692375
6.698075
6.739825
6.748275
6.77745
6.9414
6.96935
7.033
7.041125
7.0525
7.330725
7.358975
7.36235
7.41315
7.423
7.47315
7.708275
7.81775
7.91245
7.937075
7.9888
8.0168
8.048
8.14235
8.2423
8.380625
8.442125
8.569175
8.73795
8.7856
8.91395
8.933775
8.950275
9.004625
9.03195
9.038325
9.044375
9.228
9.254175
9.270575
9.321125
9.398
9.424375
9.607025
9.673875
9.705825
9.726475
9.7806
9.7903
9.853775
9.8634
9.94435
9.966925
9.987225
149
