0.071175
0.187225
0.201925
0.369025
0.409975
0.451625
0.526125
0.577725
0.717125
0.740775
0.841425
0.84265
0.971375
0.9888
1.04485
1.073075
1.176525
1.197
1.2285
1.251225
1.607975
1.6181
1.6359
1.657
2.090075
2.150325
2.2341
2.31825
2.389775
2.441525
2.476975
2.5606
2.57445
2.594325
2.771975
2.926825
2.962175
3.0045
3.089
3.134175
3.20295
3.284675
3.292175
3.3851
3.400025
3.401625
3.5494
3.64055
3.784075
3.8745
3.875075
3.881425
3.91665
3.962925
4.051625
4.157375
4.339975
4.35205
4.410775
4.441275
4.52095
4.52635
4.542225
4.555525
4.573925
4.60775
4.6274
4.68415
4.75125
4.9645
4.9746
5.052325
5.197075
5.202225
5.264675
5.30115
5.3044
5.308225
5.4135
5.44165
5.53105
5.773175
5.803675
5.803975
5.93265
5.9974
6.12935
6.1724
6.229525
6.239025
6.431775
6.453125
6.454275
6.503225
6.5442
6.62275
6.626025
6.652525
6.70785
6.7081
6.75995
6.8325
6.833925
6.841875
6.958075
7.0047
7.079475
7.114675
7.2124
7.23415
7.24205
7.264175
7.330875
7.5173
7.60385
7.64695
7.761375
7.931425
8.018175
8.021925
8.176275
8.18495
8.19505
8.2032
8.2033
8.227825
8.23585
8.25185
8.29285
8.3333
8.412975
8.57185
8.66845
8.705075
8.729825
8.751125
8.83
8.8657
8.93705
9.102275
9.14355
9.2246
9.311075
9.315275
9.3288
9.330225
9.460525
9.47035
9.478
9.51415
9.55115
9.56485
9.599125
9.621525
9.670475
9.700025
9.803175
9.831025
9.8367
159
