0.087475
0.10695
0.136
0.276925
0.319025
0.3394
0.34615
0.36765
0.368575
0.420125
0.460525
0.50005
0.652075
0.6815
0.69335
0.7118
0.89895
0.905975
1.02165
1.157975
1.30405
1.31935
1.354575
1.4478
1.56105
1.61925
1.734125
1.89665
1.983725
2.059125
2.074125
2.086225
2.182025
2.305875
2.3182
2.335025
2.40305
2.411125
2.433025
2.4523
2.492375
2.495475
2.532475
2.642625
2.659725
2.719575
2.74825
2.771275
2.792425
2.8642
2.894275
2.9204
2.960375
2.977575
3.060225
3.061125
3.090975
3.136125
3.48715
3.54765
3.55545
3.633325
3.76375
3.891775
3.9023
3.926125
4.210075
4.3092
4.349725
4.375125
4.504975
4.614925
4.9738
5.025175
5.065425
5.102075
5.1818
5.24395
5.371625
5.421325
5.43035
5.538825
5.6204
5.6781
5.777075
5.89485
5.934575
6.12885
6.17005
6.173825
6.1776
6.28065
6.357525
6.416775
6.429425
6.477325
6.52725
6.5675
6.597325
6.74185
6.7707
6.7752
6.898875
6.9141
6.924925
6.94995
6.9942
6.99735
7.01055
7.029725
7.043175
7.047925
7.096925
7.111375
7.137225
7.18045
7.233325
7.431825
7.53315
7.7
7.788925
7.9071
7.909475
7.923075
7.94185
7.961025
7.99145
8.0157
8.15665
8.514175
8.5232
8.5752
8.67885
8.694775
8.706325
8.79995
8.807775
8.814875
8.820425
8.8502
8.91465
8.9282
8.9294
8.989675
9.025875
9.0704
9.2558
9.278475
9.3502
9.425825
9.528875
9.541375
9.58055
9.614625
9.6783
9.7193
9.773325
9.85995
9.89785
9.9152
9.93735
9.98965
162
