0.05045
0.170125
0.192575
0.204425
0.21605
0.224925
0.30225
0.381075
0.703875
1.010325
1.103475
1.153575
1.202575
1.210025
1.270125
1.3652
1.40475
1.40575
1.494325
1.573825
1.699225
1.74165
1.836625
1.86705
2.0316
2.0548
2.0665
2.088275
2.097625
2.1116
2.1976
2.2151
2.235725
2.395425
2.44885
2.46625
2.4712
2.478375
2.482075
2.5236
2.5542
2.62265
2.63495
2.798025
2.8245
2.837
2.838375
2.884725
2.901925
2.95225
2.998525
3.099475
3.21965
3.219925
3.236825
3.335625
3.412975
3.475575
3.482675
3.50465
3.56945
3.8323
3.925225
3.9567
4.008675
4.244375
4.291475
4.3786
4.43575
4.465175
4.49905
4.52125
4.730625
4.76165
4.81285
4.952225
5.088425
5.303175
5.41825
5.439675
5.473275
5.647625
5.703725
5.7043
5.714775
5.968325
6.001775
6.0061
6.247025
6.305475
6.468425
6.486475
6.596075
6.660025
6.70085
6.7191
6.7339
6.82935
6.88285
6.94925
7.048275
7.055875
7.10815
7.186525
7.19
7.255075
7.38265
7.411275
7.424625
7.522025
7.535175
7.6195
7.6381
7.6457
7.766175
7.788975
7.81215
7.86285
7.955975
8.122775
8.213125
8.2552
8.322925
8.43965
8.5109
8.572125
8.601625
8.63075
8.64955
8.680375
8.73975
8.960275
8.969175
8.9828
8.99615
9.0421
9.068525
9.0748
9.131
9.142275
9.180025
9.21555
9.221175
9.311725
9.506525
9.556075
9.55895
9.595675
9.59835
9.6135
9.6758
9.771975
9.773675
9.802275
9.900225
9.958275
9.96195
9.9718
158
