0.0668
0.210225
0.224975
0.23715
0.2499
0.2849
0.49015
0.5314
0.6196
0.838575
0.958
1.088475
1.094225
1.125175
1.182375
1.4039
1.6088
1.690125
1.736475
2.067125
2.1628
2.167025
2.29225
2.403025
2.472425
2.545
2.593675
2.70105
2.87775
2.8813
2.894525
2.903975
2.9427
2.950175
3.01265
3.09315
3.11635
3.1238
3.203575
3.214775
3.543675
3.703225
3.717875
3.728325
3.801575
3.92265
3.95135
3.9878
4.2559
4.408675
4.491825
4.5196
4.682175
4.697125
4.875575
4.987925
5.084025
5.128975
5.256925
5.393125
5.400225
5.48975
5.6104
5.6291
5.6707
5.751675
5.771025
5.809625
5.92905
6.1392
6.187975
6.214325
6.224325
6.288825
6.40045
6.433325
6.4506
6.474525
6.507075
6.5359
6.5382
6.5487
6.578325
6.688725
6.74645
6.78795
6.8107
6.878625
6.890625
6.9099
6.92735
6.947375
6.95635
6.9727
6.982975
7.092925
7.226025
7.336075
7.3388
7.37115
7.425125
7.429375
7.489475
7.561375
7.77045
7.7753
7.820725
7.822925
8.149475
8.237425
8.270475
8.276175
8.339975
8.4111
8.455625
8.4672
8.537025
8.604525
8.673125
8.688275
8.80475
8.847175
8.986625
9.1063
9.141575
9.2017
9.236625
9.248125
9.282075
9.289425
9.3129
9.37145
9.516425
9.65765
9.817075
9.8446
9.890675
137
