0.10335
0.106025
0.2006
0.328525
0.536525
0.555275
0.813275
0.925525
1.051375
1.0977
1.098875
1.1376
1.225125
1.25415
1.2711
1.29675
1.416
1.477325
1.537975
1.6057
1.745575
1.750325
1.767725
1.846
1.854575
1.901725
1.993425
2.03915
2.0789
2.1485
2.1993
2.2653
2.448825
2.54165
2.6704
2.722075
2.771875
2.8107
2.8303
2.9293
2.95385
3.0867
3.086825
3.1055
3.11855
3.1947
3.275675
3.287275
3.469725
3.516475
3.553925
3.645775
3.7067
3.7216
3.732175
3.7499
3.786225
3.78985
3.8099
3.9637
3.99605
4.0309
4.065275
4.06875
4.12945
4.20725
4.290275
4.3359
4.46085
4.5822
4.680425
4.717975
4.734425
4.808225
4.965725
5.10475
5.1964
5.37895
5.3922
5.4033
5.43475
5.47255
5.48745
5.57795
5.6461
5.7021
5.716075
5.872075
5.98525
6.0192
6.030725
6.07275
6.154375
6.217125
6.386475
6.66785
6.699375
6.719775
6.9496
7.1171
7.1203
7.250125
7.396075
7.494175
7.682475
7.7118
7.7123
7.9194
8.01455
8.0774
8.103025
8.205475
8.2137
8.34655
8.492675
8.4955
8.5563
8.588575
8.7499
8.772025
8.949025
9.0033
9.011125
9.128475
9.175825
9.2295
9.44855
9.490725
9.532575
9.53705
9.549275
9.572125
9.65845
9.803625
9.8637
9.868375
9.880975
9.912325
9.9522
9.983975
140
