0.115475
0.148225
0.22895
0.281525
0.28425
0.2951
0.380825
0.53705
0.54835
0.7928
0.816125
1.05095
1.10995
1.119025
1.1363
1.1758
1.273275
1.3196
1.359175
1.38805
1.525225
1.616825
1.676725
1.694525
1.775075
1.933325
1.9478
1.9512
2.002725
2.0297
2.150325
2.227825
2.290825
2.336075
2.381175
2.395925
2.40305
2.4256
2.48815
2.6349
2.6537
2.6581
2.65995
2.878375
2.906475
2.95445
3.085075
3.26325
3.489075
3.54215
3.5984
3.603925
3.872725
3.995625
4.270325
4.432225
4.452375
4.499925
4.50335
4.5136
4.778
4.876125
4.886825
4.928975
4.9565
5.00035
5.05115
5.06145
5.21265
5.223875
5.232925
5.2832
5.579475
5.622675
5.626875
5.672525
5.7191
5.727925
5.831775
5.84935
5.867925
6.2109
6.3993
6.435175
6.532675
6.578825
6.633425
6.703975
6.828725
6.9122
6.91955
6.9577
7.129325
7.13805
7.161725
7.235575
7.2599
7.3024
7.364275
7.446475
7.49075
7.5476
7.580075
7.587525
7.665975
7.80785
7.820875
7.8364
8.05875
8.0732
8.08645
8.12685
8.142425
8.17565
8.25105
8.26705
8.357575
8.36905
8.515125
8.515375
8.658025
8.703
8.75555
8.769825
8.8879
8.98105
8.9895
9.073375
9.143175
9.179925
9.20275
9.317675
9.39615
9.861875
9.916775
9.985825
136
