0.020775
0.1557
0.236125
0.244275
0.35435
0.3618
0.38745
0.3992
0.558925
0.605425
0.701125
0.747925
0.840175
0.9109
1.093075
1.131125
1.1809
1.2546
1.264425
1.28635
1.7406
1.75925
1.7869
1.81055
1.961125
2.221425
2.283275
2.350825
2.502275
2.54765
2.726175
2.7677
2.793175
2.798125
2.86645
2.9734
2.98505
3.083025
3.090575
3.198025
3.2072
3.236225
3.3077
3.39335
3.45235
3.485175
3.56425
3.57445
3.575475
3.725575
3.756775
3.763
3.795475
3.827
3.975025
4.0103
4.14715
4.225125
4.249825
4.28215
4.294175
4.414825
4.441675
4.543025
4.620675
4.650425
4.6675
4.667575
4.683875
4.6991
4.71965
4.767
4.817525
4.82475
4.92725
4.9284
4.98875
5.28945
5.30515
5.345425
5.459
5.547125
5.592125
5.593425
5.6032
5.67235
5.7382
5.80825
5.81325
5.8575
5.998875
6.118275
6.3079
6.344875
6.36505
6.414025
6.415775
6.485675
6.535
6.557025
6.564025
6.62785
6.915175
6.980875
7.10755
7.14475
7.298025
7.3911
7.401525
7.4089
7.542425
7.591275
7.60155
7.691625
7.717325
7.8918
7.99695
8.072725
8.244575
8.422075
8.5026
8.6163
8.6339
8.658975
8.74965
8.812325
8.813675
8.887075
8.999175
9.06015
9.282625
9.375075
9.375325
9.46115
9.647025
9.6669
9.777475
9.81895
9.8706
139
