0.00125
0.010075
0.0671
0.07465
0.1996
0.259675
0.27405
0.78015
0.830625
0.8807
0.8823
1.04365
1.06835
1.135775
1.19545
1.2644
1.337775
1.35945
1.386175
1.471975
1.5326
1.615025
1.692225
1.715575
1.73655
1.774575
1.776475
1.786525
1.894175
2.1075
2.1117
2.144225
2.147675
2.148775
2.22035
2.26485
2.3908
2.437375
2.5115
2.52585
2.587525
2.97145
3.070625
3.29575
3.4011
3.4279
3.458775
3.554175
3.562
3.586375
3.605175
3.632075
3.861375
3.8857
3.92365
4.00145
4.098075
4.197775
4.205275
4.227525
4.23675
4.39185
4.412325
4.571575
4.66555
4.702175
4.965075
5.034875
5.04095
5.147925
5.231325
5.4047
5.542525
5.60065
5.674175
5.81845
5.8187
5.93175
5.984075
6.010825
6.0265
6.03405
6.043875
6.11295
6.127225
6.146475
6.32125
6.333475
6.33715
6.459225
6.476275
6.706075
6.8524
6.93385
7.08715
7.089475
7.110925
7.18405
7.22005
7.279125
7.43975
7.467975
7.4752
7.59005
7.636975
7.661575
7.71525
7.784125
7.860825
7.870425
8.008175
8.019375
8.050075
8.06135
8.18445
8.254275
8.26345
8.284025
8.44745
8.47305
8.6139
8.6989
8.705825
8.8571
8.9389
9.1117
9.172975
9.18365
9.26055
9.331125
9.33215
9.3849
9.443925
9.46395
9.6858
9.68985
9.699125
9.729075
9.801275
9.87345
140
