0.004775
0.048375
0.130875
0.15015
0.2206
0.26645
0.324075
0.35045
0.352625
0.36385
0.54155
0.575825
0.654075
0.7303
0.9753
1.0012
1.0172
1.060275
1.07405
1.146275
1.2507
1.413025
1.432975
1.488475
1.5536
1.653875
1.7997
1.819725
1.98985
2.096625
2.114775
2.18045
2.203925
2.2553
2.315775
2.41125
2.497275
2.526
2.53735
2.669025
2.69725
2.80085
2.8409
2.877175
2.892175
3.010775
3.039425
3.0442
3.145175
3.1588
3.174675
3.316125
3.362175
3.381225
3.38465
3.535475
3.53595
3.5826
3.6809
3.731825
3.77935
3.838825
3.8742
3.9253
4.205325
4.283325
4.338075
4.6028
4.651625
4.701375
4.721575
4.765175
4.768625
4.970475
5.21445
5.244625
5.258475
5.30375
5.31025
5.330825
5.345675
5.368675
5.448475
5.459925
5.5315
5.58135
5.5865
5.648775
5.652425
5.6776
5.7821
5.867425
5.87165
5.922375
5.934725
6.2195
6.222225
6.229475
6.297325
6.358125
6.39335
6.442175
6.45325
6.566725
6.568025
6.5872
6.596675
6.612
6.9253
6.9576
7.019275
7.066275
7.2074
7.2487
7.2628
7.348825
7.43435
7.4719
7.638575
7.644575
7.668625
7.6873
7.73015
7.743375
7.7648
7.838475
7.842125
8.063975
8.076525
8.139975
8.19975
8.269
8.3272
8.421
8.4361
8.442525
8.52715
8.542325
8.687075
8.694325
8.802575
8.859075
8.8673
8.993325
9.004425
9.013625
9.10885
9.1362
9.150825
9.217675
9.320575
9.37515
9.4723
9.57885
9.6191
9.794625
9.8309
9.927675
9.981175
159
