0.05375
0.1045
0.23945
0.2736
0.27375
0.33935
0.391575
0.4096
0.42745
0.60945
0.63525
0.654425
0.79835
1.139075
1.18755
1.2142
1.231
1.242025
1.244225
1.2762
1.33325
1.536325
1.667325
1.679925
1.84875
2.012225
2.0969
2.165575
2.21565
2.2438
2.2999
2.433525
2.487825
2.554875
2.556975
2.615975
2.6512
2.715225
2.759
2.780675
2.81005
2.856975
3.053375
3.2576
3.2781
3.355675
3.3641
3.4614
3.52845
3.615725
3.713025
3.771075
3.795925
3.811425
3.81685
3.832575
3.84705
3.867
3.88255
3.9558
4.0308
4.045425
4.061825
4.06925
4.097925
4.22785
4.35945
4.60025
4.6607
4.70305
4.7352
4.85035
4.8664
4.888575
4.938275
5.006625
5.0365
5.0569
5.081775
5.140975
5.2031
5.26065
5.29575
5.305275
5.361375
5.436175
5.59365
5.7294
5.735725
5.7587
5.8118
5.944075
5.962525
6.164975
6.360725
6.450775
6.48795
6.54945
6.57455
6.85065
6.88525
6.955825
6.97115
7.035675
7.039325
7.067025
7.17695
7.420625
7.50935
7.575425
7.66355
7.711475
7.7126
7.83375
7.925325
7.94925
8.0539
8.078775
8.1184
8.169975
8.170125
8.205625
8.2115
8.220275
8.264025
8.299275
8.40855
8.49205
8.7059
8.77195
8.8139
8.849375
8.861675
8.867675
8.9102
9.079875
9.1409
9.24745
9.37045
9.373125
9.5329
9.6205
9.628575
9.632825
9.719675
9.7362
9.858725
147
