0.09535
0.127325
0.198975
0.27215
0.30655
0.4818
0.486025
0.5371
0.76825
0.8298
0.8462
0.9347
0.963575
0.96725
0.974325
1.025025
1.10325
1.32745
1.3751
1.410925
1.46815
1.49055
1.53095
1.938625
1.9691
2.03655
2.065775
2.101225
2.128275
2.351875
2.3757
2.394675
2.399425
2.423025
2.42795
2.543775
2.574975
2.63355
2.6724
2.7575
2.8885
2.91565
2.919075
2.924425
2.995925
3.006675
3.116025
3.17805
3.18975
3.226575
3.2576
3.275275
3.325575
3.38265
3.742125
3.9421
3.971025
4.065725
4.092625
4.09485
4.16415
4.2109
4.2925
4.5816
4.66355
4.73765
4.839725
4.854425
4.9105
4.911975
4.98115
5.0305
5.055275
5.102125
5.320175
5.38445
5.43195
5.47745
5.517875
5.529175
5.569725
5.57965
5.659375
5.660275
5.68035
5.812025
5.866725
6.291525
6.4445
6.567275
6.82425
6.9413
6.950675
6.950875
6.969225
6.99015
7.1709
7.211275
7.24185
7.2574
7.2808
7.291175
7.3369
7.36685
7.40025
7.447175
7.45795
7.493875
7.70495
7.748925
7.777475
7.858875
7.8816
7.972175
7.99535
8.057225
8.211725
8.28965
8.3973
8.48005
8.559125
8.580825
8.6326
8.67015
8.7976
8.890675
8.91115
8.926
8.9308
8.968675
9.064625
9.117025
9.157225
9.176125
9.204
9.25325
9.2587
9.36455
9.517225
9.609425
9.831375
9.834
9.84295
9.853275
9.88855
9.9217
9.942575
147
