0.041
0.1152
0.234525
0.284225
0.299825
0.3974
0.5328
0.5674
0.610525
0.7686
0.910875
1.0018
1.03965
1.060175
1.11645
1.2681
1.293775
1.30015
1.307775
1.440575
1.460025
1.4841
1.54815
1.657525
1.68775
1.716125
1.8569
1.914425
1.986375
2.0796
2.213325
2.219325
2.4101
2.6605
2.685425
2.835125
2.8378
2.8512
3.002175
3.0483
3.1497
3.18155
3.25475
3.273325
3.329375
3.411575
3.458475
3.4683
3.53505
3.60635
3.77195
3.7751
3.84015
3.93265
3.9962
4.055525
4.057125
4.13285
4.286675
4.287175
4.326325
4.38085
4.409575
4.4491
4.48445
4.49475
4.4973
4.5248
4.54145
4.558375
4.5647
4.64275
4.736375
4.76515
5.032475
5.04365
5.06505
5.1754
5.3516
5.42555
5.530575
5.539075
5.552525
5.630225
5.698825
5.7681
5.813475
5.827225
5.91095
5.921325
5.943225
6.120125
6.168525
6.200575
6.2392
6.262375
6.328575
6.654475
6.72455
6.729875
6.733375
6.792725
6.9618
7.028175
7.11345
7.18505
7.248625
7.270975
7.3814
7.4316
7.4827
7.513125
7.543375
7.647925
7.73785
7.8832
7.8959
8.159275
8.19325
8.23765
8.2607
8.2722
8.32675
8.3801
8.463525
8.5175
8.527975
8.617425
8.6185
8.64955
8.700825
8.708475
8.78015
8.813425
8.8469
9.075875
9.083275
9.247475
9.266675
9.29295
9.36465
9.481525
9.503425
9.6754
9.6797
9.691625
9.697425
9.707875
9.83545
9.910825
150
