0.131925
0.175625
0.40075
0.46255
0.47715
0.69625
0.826525
0.869575
0.875725
0.91555
0.9761
0.986775
1.3518
1.40275
1.446725
1.559275
1.605825
1.689325
1.74005
1.796775
1.874875
1.92235
1.94495
1.97645
2.069675
2.196575
2.255075
2.3003
2.336
2.34755
2.358725
2.450625
2.4606
2.577575
2.5828
2.71865
2.7368
2.754425
2.79565
2.8954
2.926575
2.9505
2.987525
3.05785
3.15285
3.176475
3.21865
3.233125
3.235725
3.25665
3.441725
3.48045
3.500825
3.566375
3.6122
3.641675
3.6626
3.67
3.7328
3.747725
3.748575
3.7516
3.7557
4.1605
4.16845
4.3379
4.4021
4.571875
4.602975
4.666775
4.842
5.044825
5.0637
5.112925
5.1513
5.2665
5.2824
5.304575
5.332425
5.35525
5.368225
5.3695
5.473075
5.75175
5.7803
5.786825
5.810575
6.07665
6.0768
6.1064
6.18975
6.24905
6.372575
6.410925
6.543475
6.614675
6.67015
6.869925
6.87165
6.8742
6.958525
6.9668
7.05265
7.069875
7.1599
7.2393
7.433975
7.449425
7.487825
7.551925
7.6345
7.897925
7.94565
7.9907
7.995825
8.016975
8.12035
8.122775
8.2138
8.241825
8.2517
8.415575
8.465525
8.4774
8.4956
8.54745
8.556975
8.62505
8.631225
8.64415
8.66785
8.8987
8.986925
9.188425
9.263125
9.2859
9.34925
9.349325
9.369925
9.42965
9.469525
9.473225
9.4792
9.504925
9.52705
9.5685
9.60525
9.668125
9.773925
9.789975
9.828275
9.939625
9.9601
153
