0.031025
0.05445
0.095425
0.103025
0.107
0.119225
0.1323
0.160375
0.197825
0.2215
0.3099
0.5254
0.55575
0.6675
0.716525
0.720225
0.827
0.927425
0.933875
0.959875
1.023125
1.031475
1.0724
1.080025
1.146525
1.39845
1.4954
1.697625
1.842525
2.015925
2.197525
2.273825
2.327525
2.60415
2.6111
2.6241
2.720325
2.762725
2.8782
3.01955
3.0553
3.17615
3.3235
3.357525
3.376225
3.449525
3.81915
3.8707
3.900975
4.02315
4.05515
4.1139
4.191225
4.3423
4.370875
4.448175
4.5332
4.5705
4.587025
4.70075
4.9223
4.925475
4.933475
4.99675
5.023675
5.104925
5.106675
5.132725
5.149825
5.262875
5.534025
5.5469
5.786775
5.93625
5.9627
6.028625
6.0417
6.173275
6.18745
6.276025
6.3084
6.3459
6.380825
6.4618
6.52
6.62995
6.652475
6.682325
6.72405
6.82565
6.8811
6.900925
6.910675
6.914025
6.96445
7.025875
7.041375
7.1052
7.158425
7.22085
7.2645
7.338925
7.345625
7.46645
7.613925
7.633675
7.66015
7.701775
7.748875
7.86275
7.955175
7.98815
8.1228
8.147525
8.224825
8.232075
8.269175
8.285625
8.3461
8.370675
8.406675
8.514175
8.622725
8.69675
8.77215
8.806375
8.814075
8.962675
9.165025
9.20645
9.25975
9.32615
9.42885
9.550175
9.678475
9.766875
9.865575
9.9949
138
