0.128525
0.188175
0.438075
0.493225
0.6002
0.61425
0.70665
0.800375
0.81995
0.899175
0.9685
1.030325
1.079725
1.1434
1.22855
1.230425
1.256675
1.3378
1.599475
1.622875
1.9784
1.98725
2.08945
2.11085
2.1323
2.2596
2.45665
2.4725
2.48355
2.5989
2.653125
2.851925
2.88035
2.934525
3.0599
3.06945
3.1052
3.2043
3.430325
3.47415
3.48705
3.498675
3.547725
3.68415
3.69725
3.6973
3.817125
3.8257
3.844825
3.8665
4.12285
4.170275
4.20965
4.367875
4.434325
4.437375
4.457575
4.460875
4.480225
4.498825
4.509675
4.53135
4.571625
4.5943
4.6025
4.67115
4.73085
4.820125
4.925025
4.96765
5.0826
5.16125
5.258975
5.29575
5.31725
5.333075
5.3696
5.449675
5.527825
5.573525
5.65425
5.71045
5.809225
5.90555
6.1904
6.20565
6.351525
6.476625
6.556075
6.569075
6.58295
6.6339
6.6384
6.68855
6.71985
6.742375
6.771925
6.80395
6.827375
6.929025
7.0322
7.065925
7.214425
7.268225
7.305525
7.4296
7.4319
7.438725
7.508475
7.5838
7.699625
7.7221
7.728575
7.74845
7.805375
7.808575
7.8276
7.83845
7.858475
7.903675
7.9202
7.9323
8.12415
8.21865
8.23735
8.238125
8.269025
8.337375
8.418325
8.6094
8.71745
8.7769
8.787575
8.8331
8.8738
8.942025
8.96865
8.98945
9.129075
9.1625
9.2413
9.380175
9.46955
9.50225
9.559275
9.7277
9.736075
9.809525
9.815675
9.830175
9.84975
9.887975
9.897075
9.966875
9.998625
155
