0.0797
0.1142
0.303375
0.32205
0.32905
0.396475
0.449375
0.59355
0.651625
0.68785
0.7266
0.7892
0.830525
0.863025
0.961725
1.073925
1.1021
1.1484
1.185175
1.19585
1.21015
1.282875
1.32235
1.366925
1.4757
1.654175
1.67235
1.83785
1.871825
1.92015
1.9766
2.021125
2.032875
2.06525
2.0741
2.1143
2.120225
2.21035
2.26165
2.267875
2.3089
2.3233
2.333325
2.338575
2.392875
2.495675
2.666775
2.755975
2.813775
2.83295
2.867025
2.886475
3.1599
3.246375
3.32255
3.3671
3.39475
3.541375
3.6262
3.6402
3.800875
3.892275
3.986575
4.226375
4.257125
4.309175
4.39275
4.46255
4.46425
4.48695
4.49625
4.5215
4.595175
4.606525
4.809725
4.839525
4.864375
5.021325
5.21865
5.337525
5.4558
5.51305
5.6604
5.6923
5.7377
5.81385
5.827275
5.8382
5.873075
5.9452
5.9811
6.017975
6.02175
6.054025
6.14845
6.383325
6.451375
6.465875
6.538025
6.677325
6.760525
6.808525
6.911625
6.9469
6.949575
6.9767
7.00615
7.10735
7.12995
7.377075
7.49185
7.60265
7.612325
7.773975
7.80065
7.801825
7.817425
7.968225
8.171225
8.3142
8.436
8.453575
8.526475
8.686075
8.78625
8.84205
8.853275
8.855425
8.9272
9.232925
9.310425
9.447475
9.4757
9.49575
9.512
9.55265
9.598575
9.605075
9.641025
9.690725
9.7067
9.790675
9.852075
9.9099
9.99855
145
