0.264375
0.281175
0.4364
0.4544
0.5171
0.590325
0.685875
0.8405
0.860375
0.8678
1.200075
1.2011
1.233825
1.404175
1.49625
1.635725
1.692925
1.733125
1.7496
1.773025
1.774075
1.829275
1.87395
1.906925
1.9896
2.3237
2.342025
2.409775
2.41805
2.4255
2.519525
2.55545
2.574925
2.599025
2.81875
2.908325
2.98395
3.0863
3.1713
3.193275
3.196875
3.496125
3.537975
3.70195
3.73375
3.826725
3.8347
3.84855
3.91025
3.99745
4.006625
4.01035
4.151475
4.16545
4.186625
4.241825
4.2711
4.3233
4.405025
4.6155
4.7303
4.746625
4.75965
4.777675
4.82045
4.83075
4.836225
4.846425
4.884925
4.95405
4.96365
5.114275
5.1377
5.22795
5.240425
5.573425
5.634875
5.64905
5.799475
5.8006
5.9035
5.910175
5.9476
6.056325
6.085875
6.2367
6.347125
6.376275
6.4077
6.4277
6.4915
6.5472
6.5919
6.61525
6.64925
6.650775
6.681625
6.6955
6.73025
6.769425
6.786525
6.876925
6.881225
6.9679
6.976325
6.986625
7.29685
7.407325
7.43385
7.445525
7.4546
7.5138
7.570775
7.8373
7.83825
7.848575
7.945925
7.967725
7.98555
8.002375
8.039425
8.0528
8.0614
8.09525
8.118175
8.13385
8.241025
8.311775
8.45995
8.55185
8.563425
8.566225
8.689
8.75115
8.8763
9.02715
9.03785
9.0503
9.18845
9.3547
9.387225
9.51675
9.642075
9.6911
9.75305
9.761975
9.76575
9.782875
9.8096
9.923025
9.974275
9.988425
152
