0.018725
0.05075
0.1863
0.2525
0.27095
0.314425
0.440375
0.5971
0.618075
0.662775
0.689575
0.691975
0.761175
0.924125
1.01845
1.1203
1.2874
1.325925
1.327925
1.360225
1.407975
1.61085
1.614675
1.640475
1.678425
1.69825
1.75075
1.8172
1.8356
1.8437
2.048475
2.122725
2.600125
2.676025
2.770025
2.782375
2.791075
2.798325
2.834425
2.84125
2.85415
2.89065
2.892425
3.058675
3.43165
3.432325
3.4509
3.62
3.77215
3.8877
4.0818
4.109225
4.206325
4.296425
4.30035
4.3273
4.41355
4.431475
4.438975
4.64235
4.770175
4.9882
4.996625
5.066225
5.1354
5.1439
5.144
5.147875
5.33895
5.449075
5.492775
5.528325
5.560525
5.695425
5.7011
5.736425
5.7762
5.791725
5.7935
5.84755
5.903175
5.922275
5.98315
6.004525
6.061925
6.114925
6.15345
6.2356
6.2784
6.53315
6.55575
6.613925
6.68815
6.770025
6.848425
6.890175
7.026325
7.1019
7.127025
7.180675
7.191075
7.201275
7.306825
7.40815
7.469825
7.486025
7.50865
7.6186
7.71615
7.731375
7.733025
7.7411
7.76325
7.801575
7.829275
7.850575
7.93545
8.01305
8.027375
8.062875
8.17275
8.28455
8.378575
8.447525
8.5999
8.8872
8.983575
9.180575
9.18625
9.351325
9.414525
9.573925
9.645075
9.83345
9.8481
9.886625
136
