0.00655
0.024425
0.04205
0.057975
0.116225
0.1964
0.2514
0.41465
0.527075
0.608525
0.655225
0.706525
0.70825
0.72685
0.939325
0.9736
0.994475
1.00775
1.15255
1.16085
1.4972
1.651575
1.748275
1.838075
1.91435
1.9311
2.067475
2.0961
2.1302
2.18185
2.269775
2.33855
2.370825
2.387375
2.4392
2.458375
2.561975
2.567025
2.584225
2.669375
2.706075
2.740525
2.74095
2.7724
2.933575
3.0007
3.04935
3.096625
3.1594
3.183225
3.19685
3.202275
3.229825
3.38975
3.50225
3.61255
3.6217
3.699525
3.9202
4.10145
4.12155
4.122175
4.12955
4.175275
4.193825
4.45765
4.475025
4.5042
4.506625
4.529275
4.570125
4.604325
4.6329
4.64145
4.642225
4.64505
4.68175
4.7069
4.749025
5.0731
5.08425
5.084875
5.37185
5.40735
5.446075
5.492175
5.52915
5.568475
5.606775
5.607025
5.62065
5.7092
5.813825
5.974475
6.112325
6.15895
6.171925
6.2418
6.248375
6.28035
6.301275
6.3289
6.3674
6.4003
6.4106
6.4144
6.6436
6.68625
6.7314
6.785425
6.89195
6.938325
6.9572
7.01035
7.02755
7.06125
7.16165
7.17575
7.36485
7.425625
7.437275
7.47355
7.48055
7.5084
7.510175
7.557675
7.668675
7.675675
7.777925
7.814525
7.966275
8.006325
8.27035
8.295825
8.336275
8.5495
8.60605
8.64025
8.7281
8.84225
8.847925
8.85925
8.91255
8.949925
8.971325
9.027475
9.045075
9.112475
9.167725
9.39165
9.4009
9.45785
9.48965
9.518825
9.60665
9.6267
9.738125
9.8802
9.8912
9.929625
160
