0.029675
0.082425
0.12445
0.17945
0.189475
0.253025
0.2798
0.312225
0.39985
0.41495
0.574575
0.632475
0.7286
0.748075
0.833
0.951075
1.071
1.115875
1.15785
1.2235
1.3419
1.4872
1.554375
1.556325
1.713575
1.736725
1.788675
1.82495
1.896625
2.0058
2.017625
2.06205
2.103075
2.120125
2.288075
2.293425
2.360275
2.4181
2.65535
2.664775
2.731175
2.74355
2.820125
2.873325
3.020725
3.040775
3.041725
3.06055
3.068725
3.19345
3.196125
3.25525
3.31785
3.35105
3.413825
3.434675
3.45075
3.4852
3.623775
3.7471
3.75185
3.78815
3.807675
3.936375
3.9449
4.055075
4.194475
4.220925
4.25225
4.3205
4.33375
4.39055
4.535275
4.647875
4.75925
4.8365
4.89055
5.0542
5.09275
5.239325
5.26735
5.330175
5.33085
5.344975
5.355975
5.39545
5.5182
5.554525
5.686475
5.69505
5.7384
5.757525
5.8504
6.08485
6.113775
6.1324
6.155925
6.16705
6.27985
6.320425
6.35065
6.4045
6.406325
6.6828
6.77005
6.771825
6.807625
6.910425
6.93665
7.0288
7.04255
7.09545
7.170675
7.190375
7.19885
7.326075
7.359525
7.3747
7.375775
7.393125
7.41985
7.42715
7.49055
7.60895
7.84405
7.890775
7.93495
8.222275
8.2941
8.31575
8.328025
8.53895
8.618825
8.627975
8.737775
8.76705
8.79625
8.799325
8.846175
8.86695
8.95715
8.972025
9.010425
9.126575
9.189225
9.33575
9.355525
9.506625
9.60185
9.77845
9.83045
9.923675
9.927525
153
