0.032425
0.06485
0.1984
0.231
0.28465
0.413375
0.4366
0.510275
0.59925
0.622925
0.688075
0.7581
0.776825
0.9356
0.947875
0.9951
0.9962
1.330225
1.331775
1.4659
1.56985
1.5736
1.704075
1.731325
1.8127
1.882475
2.1834
2.18565
2.33505
2.40675
2.46485
2.537775
2.5711
2.769575
3.04305
3.096625
3.114525
3.204525
3.252125
3.509175
3.5366
3.688675
3.789625
3.806525
3.83395
3.852875
3.868625
4.08295
4.10505
4.2936
4.2979
4.310075
4.35335
4.38185
4.406275
4.4152
4.447375
4.466725
4.47275
4.505025
4.5232
4.5985
4.630775
4.632025
4.634675
4.72095
4.757375
4.864275
4.90255
4.975375
5.00895
5.167875
5.19715
5.2181
5.231125
5.25225
5.325475
5.3411
5.39655
5.4684
5.4786
5.629425
5.630675
5.6726
5.871125
5.90395
5.9117
5.964275
6.074925
6.123075
6.1339
6.27785
6.388275
6.45375
6.552725
6.643575
6.654225
6.6881
6.70735
6.8182
6.821525
6.859225
6.869625
6.883675
6.8984
6.96415
6.977975
7.079775
7.1073
7.180125
7.2209
7.25235
7.276075
7.316925
7.372275
7.437925
7.464675
7.4779
7.542675
7.58125
7.688575
7.758275
7.81095
7.9165
7.9211
7.95825
7.988325
8.00375
8.1013
8.193775
8.229675
8.285775
8.3762
8.381575
8.4017
8.53705
8.5511
8.590575
8.6217
8.687775
8.743725
8.749575
8.8093
8.813425
8.8252
8.8699
8.930125
8.93305
8.942925
8.95715
9.019425
9.022925
9.0465
9.058775
9.192875
9.2011
9.20695
9.2605
9.290225
9.3364
9.467625
9.552425
9.6387
9.725275
9.768075
9.7936
9.919325
9.91935
9.947025
9.999125
170
