0.0196
0.038175
0.14005
0.145275
0.160125
0.16775
0.222625
0.25015
0.351275
0.5018
0.513
0.620875
0.776525
0.83175
0.8471
0.95385
0.97605
0.99315
1.040125
1.06555
1.19235
1.261025
1.41955
1.469
1.50235
1.54065
1.6947
2.066625
2.087475
2.13165
2.189
2.463225
2.53895
2.607625
2.630175
2.6379
2.6395
2.679525
2.7369
2.91185
2.9166
2.9825
3.09075
3.136525
3.41895
3.449825
3.495375
3.585275
3.6841
3.687275
3.708875
3.780475
3.95515
3.991875
4.337375
4.3918
4.43125
4.434225
4.557125
4.623175
4.725425
4.87545
5.051025
5.07185
5.13435
5.165425
5.33255
5.361375
5.416225
5.433975
5.4525
5.50145
5.7076
6.03905
6.0407
6.0972
6.101775
6.1308
6.25305
6.266775
6.274775
6.308025
6.38545
6.6179
6.7193
6.7357
6.762925
6.819275
6.844575
6.9364
6.94125
7.07535
7.357325
7.36995
7.6677
7.728725
7.91075
7.9652
8.007875
8.05495
8.131925
8.2029
8.2797
8.29735
8.419625
8.482075
8.535175
8.621625
9.141175
9.144075
9.2591
9.35265
9.3611
9.420925
9.462575
9.70545
9.809
9.87495
9.981625
119
