0.00325
0.137675
0.28845
0.3922
0.401975
0.4778
0.53365
0.546175
0.59275
0.654
0.662375
0.708825
0.738
1.00355
1.0734
1.147625
1.1761
1.209725
1.24745
1.4567
1.581775
1.582325
1.63245
1.6434
1.655225
1.75805
1.78105
1.8754
2.0268
2.063625
2.206375
2.24935
2.296525
2.32105
2.55975
2.7162
2.75085
2.8729
2.8847
2.9972
3.022325
3.022725
3.13095
3.31045
3.62225
3.645275
3.6945
3.708425
3.82595
3.85855
3.958
3.9751
4.039425
4.05725
4.0683
4.27375
4.588175
4.62755
4.82135
4.830525
4.876075
4.956
4.958875
5.075375
5.1751
5.21995
5.22215
5.2899
5.358475
5.3706
5.453275
5.50015
5.55265
5.610225
5.612275
5.6261
5.746875
5.76575
5.81535
5.8919
5.9173
5.959875
6.129
6.1337
6.146975
6.1669
6.191675
6.2482
6.319675
6.47295
6.556475
6.594775
6.5991
6.6741
6.67905
6.73565
6.820125
6.918575
6.92745
6.95065
7.024325
7.048825
7.06405
7.110775
7.119425
7.283125
7.375675
7.509
7.6087
7.67255
7.67965
7.71205
7.96655
8.002775
8.411875
8.4636
8.471025
8.505975
8.51915
8.543025
8.69605
8.827825
8.878675
8.910275
8.924575
8.97225
9.04505
9.21665
9.28005
9.32215
9.365925
9.367575
9.393225
9.4296
9.4567
9.51095
9.5573
9.568825
9.6177
9.6633
9.736675
9.7867
9.8215
9.93095
144
