0.178875
0.200175
0.202825
0.211425
0.231475
0.28085
0.343975
0.375525
0.4014
0.5602
0.561
0.6107
0.769125
0.874075
0.978525
0.988725
1.00675
1.04055
1.159875
1.224975
1.2993
1.3786
1.392425
1.41485
1.4558
1.4591
1.488
1.49935
1.57655
1.5981
1.644
1.7051
1.7779
1.782825
1.894025
1.913175
1.9303
2.119225
2.176875
2.25145
2.38925
2.403875
2.45245
2.45765
2.47565
2.502475
2.645875
2.661
2.678075
2.7475
2.804775
2.88755
2.915925
2.99255
3.03245
3.03735
3.0405
3.0986
3.1048
3.194475
3.26275
3.276575
3.44025
3.49855
3.573775
3.57825
3.6548
3.736525
3.745825
3.804475
3.85585
3.865525
3.9789
3.99505
4.002475
4.01025
4.059275
4.195075
4.307575
4.321075
4.438075
4.442075
4.458125
4.572975
4.693875
4.726675
4.7683
4.772425
4.818175
4.8235
4.87945
4.887725
4.936675
5.034875
5.099875
5.33515
5.40995
5.490175
5.53255
5.695875
5.72
5.72405
5.73585
5.754225
5.83295
5.926375
6.035725
6.2214
6.462325
6.468775
6.5892
6.604625
6.693625
6.857025
6.983875
7.0275
7.049375
7.0678
7.110725
7.126675
7.131925
7.1446
7.1897
7.266925
7.5202
7.564475
7.660525
7.688725
7.71235
7.89865
7.999875
8.006625
8.454925
8.495875
8.648775
8.72155
8.7438
8.78015
8.8324
8.84245
8.8616
8.936625
8.9466
8.981775
9.010625
9.07075
9.09705
9.19955
9.231425
9.30405
9.402075
9.4051
9.46315
9.520525
9.664475
9.6687
9.770125
9.798075
9.92115
9.955325
160
