0.089275
0.12175
0.145125
0.1851
0.21135
0.250525
0.432525
0.457325
0.796875
0.9012
1.01015
1.122475
1.231025
1.2592
1.2652
1.3482
1.360825
1.3856
1.43845
1.571225
1.63255
1.7094
1.8137
1.881725
2.196875
2.217
2.2287
2.306525
2.42045
2.431625
2.488225
2.542325
2.647225
2.6779
2.7602
3.053275
3.125
3.20045
3.240875
3.2667
3.446025
3.4914
3.552475
3.631975
3.689125
3.697825
3.80685
3.897975
3.9711
4.006175
4.098675
4.128125
4.1326
4.140425
4.18135
4.1942
4.2078
4.21605
4.254525
4.35325
4.37665
4.425
4.569875
4.682225
4.7122
4.772725
4.84175
4.9255
4.95345
4.981675
5.125275
5.16675
5.331
5.367975
5.385775
5.410275
5.442625
5.51165
5.6301
5.695775
5.729025
5.785125
6.051775
6.1659
6.22935
6.437725
6.507625
6.552
6.589825
6.60005
6.640275
6.69595
6.732825
6.8536
6.868375
6.87335
6.88135
6.9369
6.943225
6.98575
6.986875
7.0228
7.02785
7.1107
7.254675
7.27075
7.3188
7.371225
7.414
7.5067
7.5167
7.641275
7.814825
7.944175
8.021075
8.0394
8.082675
8.103275
8.16885
8.2157
8.216875
8.239325
8.331075
8.4052
8.4367
8.50655
8.513575
8.523925
8.623075
8.672575
8.67515
8.68195
8.700875
8.738725
8.7449
8.928325
8.97565
9.033875
9.272275
9.320925
9.37705
9.44745
9.4838
9.558325
9.603675
9.633775
9.640625
9.690275
9.921575
9.933675
9.941975
9.97445
9.98745
153
