0.057
0.05735
0.09315
0.196475
0.31305
0.32175
0.590375
0.742675
0.745675
0.766375
0.77205
0.824025
0.84715
0.85155
0.88215
0.95305
1.0197
1.0257
1.153225
1.328075
1.4082
1.462975
1.684975
1.97655
1.97805
2.156575
2.19655
2.448075
2.541625
2.6086
2.621875
2.739325
2.866925
2.9171
2.944875
3.03285
3.080025
3.1031
3.10915
3.1312
3.246775
3.439925
3.514025
3.514625
3.520375
3.577425
3.67275
3.674225
3.751025
3.774425
3.8386
3.8946
4.00665
4.133525
4.17995
4.1958
4.247575
4.252925
4.2777
4.305
4.432
4.506
4.51215
4.57015
4.63175
4.64785
4.67265
4.698475
4.709175
4.7362
4.73905
4.820825
4.883125
5.085975
5.117075
5.160975
5.208875
5.256125
5.550175
5.58405
5.585
5.61045
5.6663
5.83765
5.913025
5.91395
5.953875
5.959075
5.972725
5.9772
6.0034
6.01595
6.0549
6.105425
6.207675
6.221725
6.2597
6.29215
6.360225
6.4301
6.48855
6.589425
6.61435
6.6244
6.626275
6.65035
6.665675
6.739125
6.9125
6.9205
7.023175
7.066
7.12315
7.162175
7.2546
7.277775
7.310625
7.322425
7.409625
7.61345
7.720125
7.952525
7.961225
7.997
8.073875
8.158575
8.25625
8.300175
8.324
8.38735
8.582375
8.67565
8.690025
8.7636
8.7931
8.8256
8.902025
9.04075
9.21155
9.309875
9.349
9.449975
9.462975
9.497
9.52355
9.6375
9.651725
9.72615
9.73115
9.771725
9.8088
9.8177
9.884825
153
