0.06695
0.19505
0.368425
0.40865
0.531
0.60485
0.655
0.691425
0.7371
0.83745
0.88775
0.8973
1.086175
1.08735
1.197875
1.22805
1.2435
1.243925
1.313975
1.42065
1.5225
1.523125
1.782575
1.82005
1.90715
1.9708
2.016025
2.083675
2.404325
2.574225
2.5787
2.6013
2.687625
2.772075
2.818525
2.825675
2.886725
2.964425
3.034225
3.082925
3.2095
3.3118
3.336625
3.359375
3.443075
3.4692
3.47785
3.5216
3.582975
3.631775
3.691925
3.708625
3.714025
3.7881
3.7981
3.8474
3.850225
3.9349
4.12655
4.25265
4.2841
4.285125
4.293175
4.350725
4.403625
4.53295
4.571225
4.572625
4.637125
4.7642
4.783025
4.7977
4.84865
4.87255
4.91865
4.976325
5.000225
5.0135
5.065225
5.2411
5.282425
5.297025
5.375675
5.4324
5.4715
5.58445
5.83185
5.84735
6.079075
6.12435
6.1362
6.16865
6.1796
6.2045
6.207425
6.22815
6.238975
6.306575
6.371625
6.394725
6.4361
6.473375
6.474075
6.547175
6.57365
6.60875
6.613125
6.643875
6.646975
6.678
6.694875
6.71855
6.7188
6.7209
6.84295
6.9257
6.93795
7.009625
7.1567
7.167925
7.180625
7.25435
7.2637
7.32775
7.336875
7.4106
7.45325
7.518075
7.61705
7.6566
7.953025
8.20025
8.30965
8.463975
8.542525
8.697875
8.739375
8.8136
8.9219
8.926675
9.0041
9.014575
9.0573
9.162625
9.2084
9.2249
9.292625
9.392075
9.445125
9.52455
9.5298
9.56295
9.679425
9.76645
9.778775
9.7893
9.8857
157
