0.179575
0.186075
0.20845
0.24035
0.246325
0.30195
0.32645
0.549525
0.55955
0.75855
0.815275
0.913225
0.938975
1.002275
1.0662
1.075675
1.14065
1.1588
1.214325
1.253225
1.32435
1.35665
1.389175
1.39715
1.4611
1.473975
1.5367
1.54695
1.7397
1.859125
1.8926
2.033525
2.139
2.207225
2.326625
2.3597
2.425725
2.456
2.47045
2.516525
2.541975
2.5482
2.5527
2.58625
2.654875
2.666825
2.678
2.7021
2.765375
2.8799
2.882475
2.94105
3.25265
3.284875
3.2947
3.390075
3.4525
3.54165
3.588125
3.601925
3.6592
3.691275
3.7285
3.81365
3.8864
3.905875
4.0696
4.09845
4.2169
4.299025
4.454525
4.482425
4.573325
4.640175
4.70435
4.787275
4.826875
4.905825
4.90735
4.916925
4.9275
4.985475
5.10355
5.114325
5.15965
5.165525
5.210325
5.228825
5.289
5.294475
5.44795
5.528325
5.5333
5.629225
5.6557
5.6591
5.872775
5.931275
5.9454
5.975775
5.9779
5.982275
5.9872
6.007375
6.1318
6.262775
6.27515
6.422625
6.474825
6.50475
6.587175
6.5953
6.658725
6.777725
6.791825
6.898
6.9257
6.993475
7.007175
7.03515
7.050625
7.12955
7.16025
7.165425
7.196675
7.3079
7.3249
7.341
7.405775
7.642425
7.651775
7.663875
7.70615
7.7557
7.828825
7.829925
7.8901
7.891275
8.03355
8.195725
8.22015
8.245525
8.264425
8.283125
8.310175
8.375625
8.47635
8.505275
8.547325
8.562575
8.5849
8.651525
8.666575
8.699025
8.71765
8.808075
8.863775
8.991025
9.014725
9.22825
9.246075
9.3353
9.45225
9.501475
9.617225
9.790425
9.970775
167
