0.008525
0.011825
0.01265
0.01875
0.179075
0.231975
0.26785
0.29655
0.342975
0.411275
0.440975
0.46485
0.595025
0.676475
0.688175
0.728
0.7523
0.793925
0.83825
0.86865
0.898225
1.101425
1.172375
1.19575
1.20135
1.2927
1.374975
1.4032
1.4074
1.45185
1.543425
1.6174
1.76975
1.8035
1.865
1.871125
2.03315
2.0332
2.054825
2.160175
2.215
2.2346
2.298575
2.314325
2.33055
2.444875
2.470875
2.510625
2.6386
2.649625
2.7733
2.884775
2.9168
2.932925
3.060025
3.0608
3.077425
3.085975
3.10505
3.15665
3.184575
3.226025
3.41455
3.493075
3.595275
3.62545
3.635875
3.6832
3.69425
3.7178
3.791425
3.8137
3.9533
3.978425
4.012
4.013725
4.213175
4.332825
4.395175
4.441025
4.51455
4.5948
4.602075
4.660975
4.773575
4.95465
5.028525
5.0572
5.07085
5.0949
5.16945
5.191875
5.325075
5.3381
5.3593
5.3669
5.410925
5.419525
5.47475
5.576425
5.6632
5.694275
5.697825
5.815825
5.821975
5.826625
5.893925
5.91025
5.928775
5.932725
5.97215
6.102975
6.122875
6.138625
6.216625
6.255625
6.2711
6.28175
6.3072
6.3168
6.46225
6.4719
6.492075
6.6926
6.7268
6.88235
6.9521
7.041875
7.059475
7.069
7.35955
7.383825
7.4715
7.545225
7.7337
7.806075
7.914075
7.97775
8.04315
8.056875
8.090625
8.1119
8.16705
8.209025
8.2589
8.271725
8.352425
8.371725
8.372275
8.431675
8.463575
8.55155
8.7438
8.752675
8.756175
8.8096
8.84015
8.873425
8.874275
8.890525
8.895725
8.96335
9.03925
9.1113
9.117125
9.139675
9.15255
9.181175
9.185725
9.19125
9.20295
9.287825
9.311875
9.40955
9.459075
9.539275
9.657675
9.728875
9.742225
9.7909
9.88865
9.938875
182
