100
8920
5347
10853
3272
1559
1437
9494
10236
5361
10510
5717
1676
9031
7111
10141
4157
4833
2846
489
8874
4895
1517
10386
2261
332
10992
5218
3105
3371
1470
6645
1693
4389
9683
9463
9885
7311
3950
5138
445
916
2013
10126
2825
10226
563
9678
516
1896
2429
1573
613
8319
5761
7742
8391
8033
6654
6085
7573
7384
6963
4760
11251
8843
4000
8712
8473
2251
11045
2800
9024
2265
6576
3123
10334
4406
7043
4456
11133
4766
546
8460
450
7744
7711
128
3274
5065
6028
5520
1173
10957
9376
2760
7210
814
1505
5907
10564
