0.161475
1.0653
1.158625
1.31425
1.326125
1.3533
1.43455
2.00555
2.0057
2.0593
2.5759
2.57975
2.59635
2.598125
2.683175
2.77765
3.170025
3.307725
3.338475
3.44385
3.824
4.09435
4.2389
4.46645
4.4775
4.51025
4.583525
4.797425
5.0059
5.109825
5.1288
5.137275
5.1926
5.3679
5.446975
5.5403
5.60395
5.6815
5.79795
6.001425
6.10295
6.16665
6.291525
6.34915
6.67175
6.985225
6.996625
7.144025
7.25185
7.41905
7.4851
7.63675
7.933175
8.0825
8.13535
8.256725
8.3267
8.355975
8.3868
8.39385
8.412025
8.483925
8.706825
8.79465
8.848075
9.4675
9.477325
9.572275
9.598725
9.8828
70
