0.366975
0.443125
0.63515
0.87705
0.931825
1.04815
1.170725
1.235325
1.2992
1.461475
1.56825
1.577425
1.676325
1.79275
1.87025
2.143525
2.357125
2.39825
2.47835
2.56745
3.0676
3.29325
3.37775
4.022175
4.064175
4.17895
4.389475
4.471525
4.536325
4.7823
4.864275
5.44255
5.864475
5.875875
5.9507
6.138575
6.161275
6.362925
6.5248
6.565625
6.592375
7.047775
7.092575
7.177
7.7037
7.7948
7.809975
8.18255
8.340175
8.5341
8.537525
8.539325
8.615475
8.647625
8.71875
9.094775
9.1096
9.124625
9.252025
9.68625
9.78105
9.805925
9.84265
9.854575
64
