0.02915
0.239875
0.30765
0.315675
0.318975
0.328625
0.44145
0.853925
1.162975
1.2468
1.490525
1.946675
2.058075
2.06865
2.118775
2.73115
2.92955
2.9419
3.1758
3.39625
3.4172
3.608275
3.654325
3.972125
4.0448
4.104975
4.332375
5.0981
5.138275
5.156875
5.5067
5.98745
6.05975
6.109975
6.1428
6.146325
6.192
6.3017
6.80605
6.83535
6.83645
7.1017
7.143
7.280675
7.3989
7.521525
7.57915
7.773
7.7977
7.93155
7.977825
8.06345
8.30025
8.321125
8.523525
8.609675
8.742825
8.828725
9.039225
9.269625
9.5986
9.8106
9.97395
63
