0.045975
0.25995
0.4829
0.512825
0.671675
0.976325
1.1207
1.208525
1.277
1.484175
1.837825
1.895175
1.943125
2.50675
2.596075
2.600125
2.602025
2.61135
2.711425
2.775425
2.80035
2.92085
3.227125
3.3716
3.624325
3.693225
3.89045
4.081525
4.2887
4.57045
4.6793
4.6862
4.8134
4.852575
4.93855
4.994875
5.1877
5.35455
5.518525
5.915675
5.945975
6.1965
6.400725
6.613425
6.628375
7.023425
7.032675
7.066175
7.37235
7.65145
7.71855
7.7665
7.790725
7.9092
7.9575
8.025975
8.2733
8.7957
8.8247
9.162925
9.17255
9.275625
9.285825
9.6197
9.6458
9.648225
9.992575
67
