0.409325
0.57445
0.58465
0.608175
0.894625
1.0866
1.139625
1.44575
1.63945
1.678875
2.32915
2.479925
2.48285
2.6479
2.740725
2.835375
2.912425
3.101975
3.116825
3.6582
3.710275
3.72755
3.84975
3.977725
4.102575
4.239325
4.604875
4.618625
5.12035
5.2292
5.374925
5.380475
5.495775
5.701075
6.081425
6.126675
6.240425
6.382525
6.7048
6.7182
6.79355
6.81435
6.8786
6.9811
7.20825
7.319325
7.324725
7.398225
7.634775
7.882475
7.966275
7.982275
8.1139
8.124425
8.2846
8.33965
8.348925
8.370575
8.528775
8.990625
9.19635
9.2409
9.3991
9.685975
9.6863
9.702025
9.7032
9.980575
68
