0.097025
0.26925
0.342425
0.3462
1.30025
1.3044
1.94785
2.56435
2.6797
3.026275
3.103275
3.1904
3.435025
3.530075
3.80675
3.8465
4.1193
4.218825
4.314425
4.53825
4.6005
4.82335
4.94475
5.3579
5.69365
5.760575
5.781125
5.805625
5.92025
5.925225
6.0445
6.325525
6.450175
6.471975
6.9871
6.9932
7.093175
7.45105
7.5159
7.569125
7.9414
7.951725
8.050625
8.0681
8.39965
8.448375
8.451425
8.80185
8.855475
8.895375
8.94955
9.06895
9.1839
9.283125
9.4349
9.446875
9.5791
9.61415
9.877325
9.9905
9.996275
61
