0.06545
0.186725
0.19755
0.396175
0.469625
0.475425
0.5688
0.7334
0.7812
0.81545
0.817725
0.836375
0.85925
1.3003
1.485225
1.563525
1.757925
1.8908
2.082075
2.66265
2.687725
2.78055
3.17095
3.26635
3.50245
3.5184
3.609175
3.67825
3.799575
3.931725
3.94475
4.051325
4.444125
4.5962
4.769525
4.854325
4.901975
4.912525
5.14505
5.3165
5.756275
5.764325
5.83
6.07135
6.58675
6.700625
6.740625
6.757025
6.788825
7.138325
7.263325
7.323125
7.32935
7.57075
7.570825
8.0892
8.2432
8.249525
8.49875
8.67465
9.0689
9.3276
9.33135
9.363975
9.382475
9.5359
9.5371
9.742175
9.8391
9.9746
70
