0.127825
0.17495
0.245175
0.362475
0.393575
0.49475
0.602125
0.684675
0.7769
0.83005
0.958925
1.009825
1.083775
1.12175
1.2855
1.32435
1.392025
1.8821
2.00515
2.025025
2.0657
2.147
2.541875
2.561075
2.81945
2.909475
3.108225
3.603475
3.982775
4.042425
4.511875
4.78105
4.814925
5.754375
5.7904
5.8038
5.91565
6.03555
6.415325
6.421825
6.481625
6.59315
6.702125
7.040575
7.212075
7.286925
7.603175
7.823225
7.959675
8.01585
8.131325
8.2977
8.451225
8.500725
8.6236
8.909075
9.0351
9.1944
9.223875
9.24835
9.295875
9.330975
9.358525
9.4719
9.533375
9.631125
9.808675
67
