0.006675
0.122375
0.1333
0.22555
0.276725
0.304025
0.5062
0.799125
0.8362
0.938675
0.98475
1.01835
1.055475
1.24225
1.566275
1.746075
2.17825
2.279475
2.400525
2.52515
2.71065
2.7877
2.9317
2.947125
2.9692
2.9728
2.99725
3.176125
3.36635
3.590575
3.6589
3.866375
4.0299
4.241
4.370875
4.5203
4.542175
5.0188
5.12145
5.291525
5.494275
5.72145
5.7537
5.894825
6.017525
6.542325
6.61135
6.6788
6.80665
7.0392
7.13645
7.305325
7.47795
7.52335
7.570825
7.574425
7.581075
7.782475
7.8103
8.112525
8.3313
8.443475
8.4534
8.548125
8.628775
8.917725
8.919
9.0068
9.03185
9.1231
9.2884
9.810575
72
