0.17705
0.54035
0.585925
0.689525
0.941475
1.03125
1.05485
1.153925
1.2042
1.55465
1.602525
1.73805
1.819725
1.935625
2.0642
2.648375
2.998125
3.552075
3.6228
3.6484
3.699575
3.732625
3.800175
4.211875
4.443875
5.1374
5.20595
5.42325
5.447025
5.5529
5.618225
5.661875
5.8326
5.895625
6.109225
6.19885
6.40745
6.41675
6.492625
6.53215
6.562675
6.70755
6.87675
7.0816
7.418825
7.920625
7.997225
8.1951
8.436175
8.580275
8.7438
8.931225
9.145075
9.203425
9.5055
9.541625
9.591275
9.625725
9.9427
9.96665
9.969475
61
