0.031925
0.12155
0.33745
0.34545
0.3654
0.420425
0.4623
0.667875
1.088425
1.4931
1.670325
2.423675
2.452325
2.48225
2.685725
2.88225
2.9087
3.03615
3.1996
3.500075
3.5269
4.04545
4.063
4.337975
4.37615
4.4783
4.552275
4.721575
4.789725
5.119575
5.19765
5.20295
5.312525
5.44535
5.45795
5.507125
5.57955
5.80015
5.899075
6.136625
6.25635
6.414
6.453325
6.5422
6.586375
7.31485
7.5795
7.712625
7.879175
7.9874
8.00795
8.249625
8.650475
9.02055
9.0534
9.33955
9.426375
9.428725
9.534925
9.60605
9.620075
9.776325
9.9255
9.9334
64
