0.0578
0.2592
0.2961
0.3098
0.453125
0.6742
0.895275
1.20305
1.33345
1.394275
1.479775
1.620275
1.6485
1.857475
1.8842
2.16585
2.336375
2.4199
2.6845
2.7957
2.8441
2.871975
3.336675
3.590025
3.633325
4.430125
4.54195
4.851925
4.984625
4.991475
5.09445
5.565625
5.68355
5.7116
5.8184
6.011925
6.0639
6.271125
6.47405
6.707425
6.838375
6.8658
7.010675
7.13425
7.5295
7.8633
7.9016
8.018
8.106925
8.249975
8.3082
8.32795
8.357775
8.5427
8.7609
8.946
9.034425
9.2736
9.429075
9.437625
9.4812
9.684825
9.85705
9.898575
64
