0.1441
0.492675
0.544075
0.6386
0.684175
0.77265
0.783675
0.809075
1.05065
1.069375
1.259675
1.625975
1.97635
2.081725
2.1125
2.46
2.748025
3.18965
3.380175
3.411825
3.425925
3.488675
4.0783
4.2652
4.2692
4.49505
4.524525
4.635775
5.02805
5.352575
5.544125
5.712775
5.836825
5.8544
5.9131
5.92975
6.069825
6.072625
6.296375
6.3291
6.353925
6.6046
6.97445
7.103325
7.172975
7.313275
7.490375
7.5062
7.7163
7.7172
8.019925
8.280725
8.284625
8.391425
8.7087
8.7321
8.734
8.861225
8.88265
9.151875
9.266775
9.39395
9.4399
9.91595
64
