0.39325
0.4956
0.707725
1.30175
1.359375
1.69545
1.86625
2.054275
2.1754
2.79305
2.84335
2.88285
2.9529
3.08315
3.387375
3.4853
3.592725
4.06245
4.13485
4.2836
4.3219
4.510575
4.51575
4.674475
4.680025
4.70505
4.708925
4.76145
4.88375
5.8789
5.986525
6.0984
6.280925
6.3011
6.307225
6.383925
6.387925
6.5556
6.575725
6.5991
7.129875
7.381675
7.402475
7.439025
7.49315
7.636125
8.094175
8.313825
8.510725
8.5725
8.924825
8.927525
8.9313
9.066675
9.069775
9.10675
9.262625
9.266725
9.395475
9.464025
9.811825
61
