0.08595
0.30925
0.410375
0.4196
0.47755
0.49695
0.568425
0.66645
0.9853
0.991225
1.09635
1.155975
1.29805
1.430775
1.491
1.766
1.7706
1.7811
1.8336
1.8507
1.85215
1.863825
1.875025
2.008125
2.16795
2.252825
2.41245
2.51105
2.5366
2.876675
2.941025
3.13125
3.3664
3.3787
3.478475
3.611525
3.6989
3.91305
4.793025
5.290725
5.50105
5.540975
5.664475
5.7176
5.746925
5.7916
5.840625
5.84695
6.124925
6.778275
6.793475
7.2507
7.277075
7.6273
7.662775
7.756025
7.9921
8.080775
8.231175
8.248525
8.426275
8.5319
8.614925
8.7875
8.87175
9.05985
9.07405
9.187625
9.428625
9.449875
9.461425
9.733475
9.876375
73
