0.0213
0.02965
0.294475
0.321825
0.614825
0.8501
0.905625
0.9575
1.219725
1.5571
1.918675
2.344575
2.655525
2.673275
2.8598
3.06885
3.136875
3.29475
3.329025
3.467075
3.610125
3.745775
3.76055
4.0008
4.028825
4.093825
4.334175
4.361875
4.721975
4.886625
4.997775
5.160275
5.21855
5.2245
5.8991
6.008825
6.157475
6.2145
6.25045
6.57275
6.848325
6.8937
6.89435
6.98395
7.391675
7.61635
7.695975
8.1594
8.543975
8.7572
8.8425
9.039225
9.041275
9.045275
9.237925
9.30895
9.539725
9.75035
9.756575
9.9093
9.965125
61
