0.062525
0.1102
0.116025
0.402775
0.412225
0.424275
0.6367
0.732575
0.778425
1.06125
1.16635
1.83715
2.44875
2.5568
3.028025
3.0643
3.074725
3.3333
3.4332
3.490525
3.5595
3.70085
3.975225
3.990125
4.01195
4.0599
4.0903
4.173025
4.201725
4.40725
4.49875
4.569675
4.585325
4.708375
4.780325
5.042475
5.25635
5.3934
5.50965
5.51435
5.5411
6.171125
6.269025
6.283025
6.2833
6.3155
6.679675
7.027875
7.030425
7.1757
7.5189
7.752125
7.85225
8.0411
8.12905
8.295025
8.329875
8.394775
8.4141
8.868
8.9251
9.117075
9.44985
9.6422
9.648975
9.678225
66
