0.04375
0.0683
0.147125
0.292325
0.433525
0.6402
0.663075
0.71055
0.7108
0.7519
0.9059
1.2124
1.262975
1.451675
1.7495
1.784325
1.970675
2.074125
2.151275
2.274225
2.292
2.53005
2.5474
2.57845
2.596875
2.69855
2.96095
2.992725
3.065325
3.530475
3.616075
3.6725
3.9133
3.976225
4.41225
4.5569
4.6572
4.866925
5.377675
5.415375
5.52645
5.9421
6.28335
6.365025
6.39065
6.90245
7.220825
7.348325
7.45605
7.5183
7.523625
7.62605
7.648225
7.657575
7.81225
8.090225
8.407625
8.6021
8.7007
8.820625
9.097675
9.333275
9.6982
9.738825
64
