0.0594
0.105275
0.167875
0.1882
0.2218
0.4766
0.607375
0.62875
1.003175
1.083375
1.177125
1.225475
1.2318
1.257575
1.503625
1.54945
1.578325
1.637625
1.818525
1.9937
2.008625
2.10475
2.4823
2.5058
2.88815
2.949475
3.0995
3.2139
3.63105
4.12475
4.240875
4.343975
4.425475
4.446375
5.209725
5.2597
5.45625
5.568025
5.7855
5.858325
5.906125
6.049475
6.061775
6.247775
6.69445
6.81695
6.827725
6.98075
7.0659
7.15445
7.424575
7.542425
7.660675
7.67765
8.2143
8.2281
8.5688
8.764275
8.8394
8.8945
8.9436
8.971925
9.523825
9.72545
9.8362
9.884575
9.980125
67
