0.035625
0.18255
0.30775
0.5702
0.7256
0.743975
0.983375
1.022025
1.42895
1.493425
1.746575
1.78605
1.9398
2.097825
2.1274
2.1424
2.14595
2.17965
2.343025
2.5019
2.770825
2.950825
2.951775
2.976
3.240875
3.2868
3.4742
4.0201
4.238725
4.32465
4.474175
4.57455
4.685625
4.79195
4.9311
4.9912
4.99995
5.05435
5.15375
5.2215
5.290375
5.6593
5.69605
6.377425
6.6376
6.671075
6.85285
6.878675
6.88585
6.97035
7.281325
7.390925
7.414075
7.529925
7.554225
7.689275
7.99495
8.14985
8.33155
8.3396
8.3969
8.549325
8.620675
8.715225
8.745875
8.7622
8.810625
8.92605
8.9706
9.004125
9.202275
9.460375
9.66425
9.98025
74
