0.478225
0.62745
0.93705
1.092125
1.180825
1.2912
1.48085
1.6207
1.6562
1.78885
1.86825
1.977475
2.264375
2.2709
2.28565
2.57375
2.764425
2.86955
2.997225
3.418075
3.7562
3.766125
4.139975
4.202725
4.348475
4.44965
4.55615
4.73055
4.88485
5.197225
5.469
5.760075
6.0337
6.233275
6.374975
6.445025
6.505175
6.523425
6.569825
6.632825
6.636975
6.6735
7.12925
7.190625
7.39405
7.417925
7.427875
7.581125
7.72665
7.764925
7.909225
8.38805
8.440725
8.7733
9.0616
9.1763
9.33815
9.382675
9.454225
9.77605
9.81635
61
