0.003825
0.00715
0.283325
0.794025
0.866975
0.893625
1.33985
1.64265
1.696275
1.849625
1.944775
2.00065
2.09135
2.15535
2.893125
3.08675
3.121075
3.2084
3.2419
3.365275
3.5917
3.62755
3.87535
4.056875
4.0744
4.21895
4.494825
4.718625
5.168875
5.224825
5.37695
5.61645
5.859575
5.936325
6.0571
6.2781
6.527375
6.9588
6.97625
6.985375
7.028925
7.221225
7.23845
7.46365
7.7566
7.79685
8.223975
8.25665
8.274825
8.571975
8.66695
8.727975
8.849925
8.9246
9.249325
9.462075
9.6004
9.636975
9.69495
9.919025
60
