0.03245
0.306625
0.309425
0.35935
0.5116
0.628675
0.675775
0.760875
0.96925
1.0295
1.1309
1.2281
1.2331
1.3355
1.44315
1.5608
1.68065
1.8152
2.0666
2.714125
2.9435
3.2219
3.2693
3.3523
3.419425
3.494125
3.6123
4.030625
4.139475
4.2572
4.4491
4.76775
4.8322
5.0993
5.5305
5.736725
5.8954
6.07795
6.168325
6.17925
6.24045
6.24235
6.279175
6.300375
6.385625
6.400275
6.40525
6.50005
6.63045
6.86895
7.401
7.411625
7.57675
7.8322
8.033675
8.2758
8.376375
8.39915
8.4707
8.500275
8.820775
9.05505
9.1427
9.1441
9.4053
9.568075
9.73565
9.743225
9.767975
9.7874
9.8499
9.8919
9.94205
73
