0.037175
0.27475
0.4038
0.697025
0.849275
0.88795
1.07845
1.363
1.396225
1.50725
1.5781
1.66945
1.728525
2.382175
2.736325
2.74915
2.808275
2.8327
2.97385
3.4024
3.462075
3.509725
3.694875
3.747325
3.7664
3.7999
3.8178
3.82655
3.912825
4.2744
4.3942
4.518875
4.561225
4.9196
4.997125
5.095875
5.12655
5.615175
5.792525
5.923725
5.996125
6.1582
6.204225
6.215625
6.3184
6.399675
6.702
6.8118
7.007475
7.502425
7.575475
7.707125
7.7931
7.8166
7.962
8.076025
8.119925
8.541525
8.561
8.57235
8.8101
9.008175
9.1503
9.2245
9.481475
9.614825
9.673175
9.765425
9.77115
69
