0.01015
0.292525
0.53365
0.71885
1.053375
1.828175
2.068825
2.0939
2.136325
2.1602
2.234675
2.2772
2.33545
2.357775
2.4252
2.46775
2.49705
2.572575
2.8089
2.844425
3.09415
3.19805
3.230775
3.3092
3.342325
3.349175
3.432225
3.444175
3.4558
3.55915
3.6711
3.740425
3.80425
4.106775
4.12095
4.267775
4.343475
4.56325
4.6929
4.784425
4.875425
5.070575
5.2292
5.251175
5.472775
5.47575
5.907525
5.911625
6.046525
6.0694
6.122625
6.1335
6.1359
6.1706
6.23775
6.320075
6.40605
6.603425
6.632025
6.655875
6.78665
7.1433
7.4179
7.632825
7.698125
8.017775
8.048225
8.212675
8.5419
8.667775
8.688575
8.9342
8.934975
9.1566
9.183225
9.47355
9.64915
9.9779
78
