0.017775
0.1345
0.231675
0.2602
0.32515
0.364475
0.49035
0.551325
0.627975
0.632525
0.660525
0.7237
0.734375
0.76035
0.87245
0.92055
1.045625
1.1292
1.297775
1.4568
1.47885
1.603275
1.64575
1.692375
1.7249
1.81555
1.851925
1.92445
1.9504
1.996175
2.040925
2.273275
2.4471
2.501
2.5423
2.587325
2.75015
2.7524
2.76635
2.955575
3.053575
3.1215
3.13685
3.2906
3.331475
3.3862
3.4736
3.56275
3.580975
3.58445
3.666375
3.7856
3.7964
3.816375
3.859025
3.893525
3.96685
4.32815
4.33845
4.36345
4.435975
4.61635
4.780975
4.84445
5.1847
5.26635
5.323875
5.6518
5.79285
5.7931
5.8475
5.87105
5.886875
6.158275
6.190275
6.296025
6.387175
6.567625
6.65845
6.8905
7.020675
7.188325
7.1973
7.287525
7.3727
7.5043
7.578675
7.623025
7.64005
7.918275
7.969375
8.077825
8.096
8.218725
8.35615
8.4603
8.534425
8.60205
8.611625
8.6185
8.632475
8.96925
9.173125
9.1972
9.22795
9.306275
9.319975
9.593875
9.7235
9.781925
9.8525
9.930025
112
