0.245125
0.607625
0.793225
0.855775
0.935725
1.22625
1.305075
1.489625
1.556525
1.595875
1.780525
1.87805
1.87815
1.88405
1.889725
1.98845
2.28895
2.349775
2.47745
2.596375
2.634825
2.75155
3.00755
3.228
3.42915
3.7358
3.771375
3.87525
4.007975
4.03095
4.13335
4.18945
4.2042
4.413025
4.54275
4.7356
4.8526
4.913075
4.9272
4.9855
5.397675
5.843425
5.850375
6.1666
6.20825
6.2162
6.259325
6.3875
6.5694
6.975025
7.018975
7.020475
7.08125
7.085725
7.253975
7.360125
7.38335
7.421225
7.464025
7.511
7.82355
7.83065
7.946075
7.9896
8.0991
8.3083
8.413425
8.47865
8.553475
8.664075
8.806975
8.942925
9.099875
9.3946
9.430375
9.4403
9.55865
9.695175
9.753975
79
