0.12545
0.1663
0.284125
0.40675
0.7092
0.74585
0.8863
0.8927
1.0262
1.09295
1.16305
1.185825
1.31515
1.32235
1.54235
1.601375
1.686725
1.709
1.723575
1.72465
1.8522
1.871925
2.05755
2.3191
2.328375
2.33535
2.462925
2.5591
2.67685
2.680225
2.68615
2.990325
3.0343
3.1142
3.153275
3.345525
3.379575
3.420475
3.4244
3.594075
3.773525
3.843225
3.9372
4.215925
4.3459
4.6882
4.830975
4.858575
4.9347
5.070575
5.109725
5.196825
5.23095
5.323475
5.328775
5.458975
5.5984
5.62915
5.816525
5.818025
5.821025
5.9362
5.994475
6.10895
6.118075
6.472425
6.50385
6.66625
6.6879
6.69655
6.919625
7.177375
7.26405
7.2673
7.541525
7.55325
7.572225
7.617475
7.92155
7.94425
8.02995
8.0466
8.12805
8.6288
8.744575
8.786775
8.922925
8.97655
9.1262
9.1293
9.332475
9.395225
9.412225
9.5428
9.56615
9.5799
9.6383
9.91115
98
