0.092025
0.20005
0.419625
0.6543
0.657
0.7937
0.8694
1.0436
1.054325
1.0617
1.3372
1.37495
1.5876
1.63405
1.744475
1.771425
1.8284
1.870125
2.2483
2.53715
2.5878
2.633425
2.66925
2.762625
2.78825
2.80265
2.828225
2.864825
3.090725
3.09995
3.13685
3.20235
3.754075
3.812825
3.852925
3.85355
3.940475
4.12395
4.264375
4.3285
4.3953
4.4927
4.717525
4.75695
4.982575
5.011225
5.16905
5.2919
5.313775
5.415175
5.445425
5.669225
5.670375
5.6809
5.695
5.7694
5.79995
5.849025
5.907825
6.01605
6.4773
6.631175
6.761375
6.80305
6.867375
7.078325
7.08005
7.1936
7.2349
7.252875
7.316325
7.396875
7.6231
7.69595
7.696775
7.7448
7.811125
7.9197
8.11485
8.15835
8.217925
8.35945
8.645
8.827525
8.84135
8.93845
9.252775
9.318725
9.417475
9.449675
9.506975
9.718475
9.9992
93
