0.0754
0.1265
0.136375
0.145025
0.176375
0.2042
0.227
0.2283
0.3658
0.40935
0.88465
0.951875
1.135725
1.296925
1.496725
1.7103
1.724175
1.83895
1.889225
1.96025
2.0675
2.09755
2.14025
2.154675
2.215025
2.337325
2.405575
2.470225
3.201175
3.3364
3.3505
3.451625
3.549375
3.7647
3.7666
3.873125
3.964475
4.197275
4.247475
4.26085
4.27145
4.410725
4.5033
4.51295
4.577875
4.5906
4.623775
4.6507
4.9036
4.925125
5.086075
5.184975
5.266025
5.4317
5.43295
5.531675
5.590675
5.61845
5.62525
5.84365
6.214875
6.215175
6.2431
6.496475
6.663275
6.700425
6.730175
6.901775
6.948075
6.994725
7.1178
7.224425
7.28945
7.3204
7.413275
7.62905
7.80825
7.861575
7.86625
7.9808
8.106675
8.278375
8.408425
8.43955
8.4703
8.535175
8.6041
8.93955
9.205675
9.3787
9.385275
9.5982
9.652625
9.801175
9.80275
95
