0.0242
0.160275
0.2462
0.27855
0.326575
0.35255
0.439
0.5036
0.64915
0.783
0.791975
0.825175
1.326225
1.371125
1.401425
1.5298
1.656975
1.6849
1.7156
1.861175
1.911075
2.0535
2.139075
2.39005
2.4665
2.5709
2.5876
2.63015
2.647175
2.728275
2.84875
2.9125
2.9423
2.954925
2.998525
3.055475
3.1494
3.17895
3.219025
3.3089
3.46325
3.552275
3.66045
3.7072
3.73185
3.743225
3.926925
4.597275
4.603775
4.722575
4.82085
4.8664
4.9541
4.9738
5.0755
5.11535
5.12915
5.16355
5.17605
5.490925
5.650825
6.00275
6.03045
6.41885
6.53355
6.584425
6.7437
6.890425
6.9124
7.042925
7.060575
7.242175
7.2577
7.3172
7.509
7.7524
7.767975
7.874175
7.8997
8.008325
8.25395
8.379475
8.449225
8.46285
8.55715
8.578575
8.936
9.0273
9.329275
9.395475
9.439125
9.557275
9.64105
9.70835
9.742225
9.916525
9.985475
97
