0.14545
0.171775
0.234525
0.24515
0.38565
0.518475
0.74745
0.94585
0.949875
0.962875
1.027225
1.1182
1.38905
1.4209
1.5957
1.6327
1.6721
1.703475
1.72355
1.7673
1.825275
1.85485
2.213975
2.39395
2.43465
2.65405
2.8222
2.836975
2.979375
3.031025
3.17755
3.351775
3.3883
3.5101
3.727425
3.7376
3.805875
3.809025
3.8619
3.884825
3.903025
4.161725
4.28695
4.307875
4.370525
4.371825
4.499825
4.52445
4.581575
4.6076
4.848975
4.968
5.165125
5.2555
5.298275
5.400875
5.462025
5.576825
5.590625
5.618725
5.741425
5.76125
5.7751
5.822175
5.905625
5.9245
6.0373
6.08705
6.141225
6.153225
6.220075
6.328575
6.4007
6.4121
6.529775
6.562075
6.6375
6.701975
6.824425
7.054
7.215325
7.3328
7.344175
7.482925
7.518775
7.549975
7.77105
7.87445
8.001925
8.0084
8.389075
8.396725
8.612
8.653575
8.6625
8.714675
8.75365
8.904325
8.92855
9.0154
9.062375
9.07355
9.1262
9.167275
9.230825
9.27945
9.4389
9.84075
9.900575
9.9463
110
