0.048675
0.123525
0.14665
0.26185
0.34715
0.417725
0.50955
1.0044
1.0565
1.341725
1.379225
1.3998
1.878275
1.910575
1.95675
2.06565
2.07535
2.1183
2.130225
2.184675
2.2705
2.31535
2.318725
2.330575
2.3882
2.712325
2.994225
3.09315
3.136475
3.36195
3.4727
3.4972
3.58575
3.74535
3.9519
4.07865
4.103875
4.26925
4.312225
4.3515
4.372325
4.45435
4.4545
4.51405
4.550125
4.63445
4.726125
4.9449
5.18935
5.287
5.342025
5.73915
5.772125
5.847425
5.858375
6.0723
6.075225
6.209425
6.211475
6.301075
6.5244
6.571325
6.58235
6.726575
6.798
6.832975
6.863325
7.102875
7.13475
7.2195
7.248675
7.4109
7.464725
7.544725
7.631
7.6829
7.8141
7.820275
7.859425
7.90505
8.0012
8.011775
8.042125
8.201625
8.218175
8.22495
8.2541
8.369425
8.456925
8.510975
8.959375
8.99235
9.1258
9.1542
9.2388
9.254175
9.37425
9.383625
9.477675
9.6364
9.639525
101
