0.092
0.13855
0.253125
0.290075
0.447425
0.4676
0.51785
0.519675
0.530225
0.562475
0.6683
0.725825
0.81005
0.985325
1.0015
1.05275
1.0877
1.08835
1.219175
1.28145
1.30615
1.3226
1.341675
1.38995
1.4187
1.636475
1.656525
1.74765
1.770475
2.1049
2.236625
2.287425
2.329775
2.433775
2.7444
2.765075
2.787225
2.879625
2.924025
3.147375
3.4656
3.475925
3.5954
3.607425
3.7175
3.73345
3.7794
3.78245
3.8448
3.948175
4.2436
4.313775
4.3814
4.389425
4.39055
4.39445
4.484125
4.5749
4.6477
4.66875
4.6848
4.940725
5.168775
5.7283
5.74275
5.824425
5.898075
5.904225
5.9501
6.0365
6.289125
6.297825
6.317225
6.5066
6.5762
6.96095
7.029925
7.116675
7.26995
7.38135
7.52435
7.543325
7.746225
7.760175
7.7648
7.82275
7.835325
7.93335
8.059125
8.064825
8.486025
8.638125
8.935975
8.980475
9.11295
9.183375
9.269125
9.27385
9.37755
9.4911
9.5251
9.656625
9.66885
9.72705
9.7889
105
