0.089275
0.235125
0.291325
0.3288
0.37385
0.429375
0.55625
0.66215
0.68325
0.7224
0.752575
0.8662
0.90535
0.964875
1.093825
1.143325
1.43875
1.69685
1.75075
1.84455
1.928625
1.960825
2.100275
2.10445
2.157975
2.25795
2.3092
2.35465
2.472975
2.4827
2.584775
2.63965
2.645825
2.799075
2.87465
2.96035
3.043125
3.1141
3.248825
3.51715
3.549225
3.65595
3.67595
3.98635
4.22735
4.333525
4.38485
4.5065
4.614975
4.676075
4.703675
4.829125
4.85535
4.960425
5.050475
5.3224
5.437975
5.48685
5.74995
5.9174
6.1159
6.2516
6.42925
6.455225
6.50125
6.5205
6.59855
6.654025
6.670775
6.704875
6.762825
7.4161
7.42805
7.44755
7.65485
7.7127
7.81835
8.078875
8.118775
8.21305
8.214075
8.277025
8.288725
8.504725
8.681825
8.7405
8.8499
9.323375
9.37865
9.60545
9.61625
9.66995
9.71115
9.8542
9.878075
9.993775
96
