0.27535
0.32295
0.4449
0.66655
0.7286
0.95905
1.015325
1.175
1.22855
1.38655
1.604425
1.7327
1.763025
1.823475
1.927325
1.99485
1.995325
2.030975
2.0338
2.065475
2.082475
2.141725
2.2301
2.24085
2.366425
2.563775
2.5985
2.73915
2.8548
3.01735
3.0771
3.087925
3.14205
3.26345
3.385025
3.542625
3.56645
3.582975
3.725
3.8811
3.919675
4.00605
4.253425
4.59905
4.63395
4.742925
4.7539
5.12975
5.137775
5.182925
5.298475
5.41355
5.5487
5.641175
5.653625
5.708625
5.78515
6.028025
6.0513
6.11055
6.15935
6.208775
6.3589
6.38335
6.615225
6.814675
6.93465
6.968825
6.99515
7.0185
7.209775
7.310375
7.562425
7.680825
7.6864
7.782425
7.819525
7.948675
7.987575
8.02155
8.248175
8.249325
8.70065
8.808425
8.82765
8.856725
8.995825
9.031825
9.1435
9.2472
9.335525
9.364825
9.36845
9.406125
9.4406
9.553225
9.605675
9.68345
9.852175
9.883075
9.913275
101
