0.102525
0.174775
0.23
0.251625
0.274325
0.274825
0.31015
0.4155
0.418325
0.457225
0.616175
0.8746
1.0048
1.028
1.077025
1.209525
1.257875
1.318675
1.4716
1.512775
1.542375
1.5551
1.651875
1.654575
2.0032
2.127575
2.16335
2.33295
2.42875
2.46855
2.473325
2.491
2.509575
2.8496
2.8635
2.928425
3.2811
3.57385
3.753075
3.790675
3.80195
3.815675
4.146375
4.3171
4.453675
4.516275
4.569675
4.572025
4.787475
4.7958
4.913975
5.0277
5.09375
5.140825
5.418275
5.461525
5.478425
5.5915
5.656075
5.673375
5.7641
5.777225
5.837675
5.8833
6.0629
6.12045
6.1391
6.157375
6.223025
6.228175
6.2858
6.353275
6.52295
6.558275
6.5933
6.663525
6.810075
6.845625
6.914425
6.9148
7.0646
7.092225
7.273575
7.308775
7.379875
7.5681
7.6035
7.641125
7.800025
7.89985
7.952675
8.254975
8.258425
8.321175
8.4148
8.45935
8.47155
8.606575
8.6839
8.690075
8.73345
8.783225
8.86435
8.931475
9.068475
9.12045
9.22945
9.265275
9.303675
9.41655
9.4413
9.49025
9.735825
9.746725
9.80405
9.99485
116
