0.0528
0.236075
0.37885
0.445025
0.55005
0.57675
0.61665
0.654775
0.786325
1.14575
1.209275
1.4898
1.530275
1.6248
1.67955
1.697125
1.7942
1.80175
2.169575
2.196425
2.311525
2.329825
2.379075
2.48145
2.710075
2.738825
2.775225
2.952425
3.032675
3.182275
3.2715
3.385025
3.446025
3.4681
3.521875
3.543475
3.7549
3.828425
4.0758
4.17685
4.204375
4.7858
4.8325
4.84005
4.9364
5.073575
5.160375
5.185175
5.600875
5.647675
5.6771
5.70185
5.727925
5.919725
5.920075
6.1124
6.139525
6.231
6.45645
6.53415
6.629675
6.6595
6.708425
6.8363
7.04195
7.05355
7.263075
7.3587
7.41475
7.7127
7.71315
7.734075
7.825975
7.839475
7.9509
7.955475
8.145125
8.162475
8.21195
8.373625
8.388775
8.4327
8.43655
8.498825
8.649925
8.982775
9.51155
9.520375
9.5753
9.57955
9.629175
9.6439
9.7359
9.74005
9.74715
95
