0.06055
0.157725
0.162
0.21745
0.26555
0.383025
0.567
0.604975
0.6522
0.7216
0.863675
1.032825
1.088525
1.1405
1.3151
1.33425
1.3427
1.548625
1.57815
1.610675
1.889525
1.914975
2.009025
2.06835
2.1589
2.203425
2.214725
2.280525
2.530175
2.553
2.623525
2.885675
2.9221
2.961325
2.9939
3.18915
3.290825
3.305
3.38965
3.565925
3.671
3.795875
3.7973
3.8239
3.9811
4.190875
4.20225
4.23435
4.265475
4.3898
4.46065
4.7746
4.878425
4.902125
4.926025
5.022
5.057875
5.148175
5.208325
5.25945
5.32055
5.4546
5.550425
5.578525
5.628575
5.640825
6.060425
6.1991
6.21515
6.229325
6.237575
6.2438
6.42485
6.483225
6.4971
6.53665
6.57865
6.5792
6.607425
6.935575
7.1007
7.152325
7.273925
7.44375
7.513
7.75975
7.76535
7.81705
7.836325
8.138075
8.2814
8.334825
8.38215
8.384725
8.403575
8.531625
8.565075
8.684775
8.8768
8.8935
9.14005
9.151525
9.170725
9.202125
9.583275
9.59175
9.60315
9.663925
9.67265
9.6799
9.842625
9.992025
112
