0.02415
0.1173
0.27175
0.273025
0.367075
0.598775
0.6266
0.7254
1.212425
1.240875
1.297575
1.306325
1.36345
1.626825
1.870075
1.95245
2.05735
2.0586
2.083575
2.1396
2.16005
2.293075
2.733225
2.75455
2.81655
2.865675
2.9263
2.994775
3.1366
3.1956
3.257625
3.487975
3.569825
3.608175
3.64185
3.7905
3.868125
3.92125
3.92145
3.982875
3.998075
4.0023
4.0417
4.050675
4.129
4.22785
4.3434
4.456675
4.70565
4.758675
4.811475
4.838775
4.845975
5.071325
5.26715
5.27295
5.379825
5.50165
5.575575
5.5942
5.6315
5.648225
5.652175
5.671125
5.74065
5.80595
5.889625
5.9367
6.058125
6.22575
6.263675
6.41335
6.470825
6.548025
6.5659
6.59525
6.60175
6.6975
6.8837
6.979725
7.057025
7.0909
7.184
7.244975
7.300575
7.314225
7.352625
7.36495
7.68095
7.71915
7.78935
7.790275
8.070125
8.114275
8.125125
8.1915
8.3283
8.37545
8.403225
8.4205
8.463325
8.47675
8.479725
8.483225
8.49405
8.62865
8.63325
8.9321
8.9711
9.04985
9.068625
9.2253
9.306225
9.3713
9.40705
9.55865
9.5792
9.640675
9.660275
9.69205
9.8813
9.950725
122
