0.245625
0.284
0.3305
0.604725
0.664625
0.724525
0.752025
0.832675
0.9428
1.11945
1.20825
1.25995
1.39305
1.43685
1.57765
1.631725
1.6894
1.971825
2.0654
2.1082
2.111275
2.24735
2.2876
2.375475
2.50505
2.5742
2.592525
2.5959
2.607875
2.6635
2.8101
2.83705
2.89115
2.92885
3.0431
3.04435
3.0466
3.08805
3.174675
3.248375
3.25325
3.359325
3.450375
3.598825
3.600425
3.645875
3.780725
3.93
3.968875
3.992325
4.07205
4.19605
4.2929
4.4466
4.46315
4.7942
4.863975
4.882325
4.931175
5.046125
5.061275
5.069225
5.1663
5.1866
5.27255
5.2845
5.3311
5.3825
5.5001
5.769125
5.86965
5.895725
5.967975
5.9789
6.010325
6.11665
6.165925
6.194175
6.42225
6.509425
6.5358
6.658925
6.665375
6.68135
6.84665
6.9323
6.94275
6.966075
6.9752
7.065025
7.236325
7.2694
7.37175
7.485025
7.524525
7.52645
7.652825
7.704075
7.717825
7.750625
7.7852
7.87515
8.01175
8.0778
8.092725
8.13395
8.451475
8.54635
8.6384
8.671425
8.68105
8.802175
8.803675
8.81975
8.885575
8.9025
9.085475
9.162275
9.1692
9.19655
9.319725
9.397475
9.538675
9.567375
124
