0.02365
0.03295
0.04495
0.06085
0.187475
0.252425
0.254075
0.31445
0.367475
0.433425
0.55585
0.60935
0.609625
0.61025
0.651675
0.77765
0.931175
1.0782
1.088025
1.098725
1.16395
1.241975
1.480825
1.499525
1.53685
1.71825
1.75705
1.7964
1.8783
2.134525
2.2117
2.25275
2.769625
2.9097
3.039925
3.086025
3.1714
3.184525
3.4273
3.659625
3.6812
3.729525
3.795375
3.843025
3.87865
4.003425
4.01395
4.031575
4.128175
4.1801
4.233375
4.307175
4.354075
4.449475
4.4836
4.582575
4.594025
4.67325
4.7271
4.85675
4.924525
5.0242
5.08645
5.096275
5.18035
5.2763
5.299
5.362075
5.45175
5.54585
5.68645
5.7057
5.711525
5.817475
6.046375
6.0507
6.161275
6.181775
6.196025
6.2144
6.4412
6.458275
6.480225
6.484575
6.589475
6.752625
6.826775
6.8378
6.943275
7.083825
7.278975
7.378275
7.5308
7.625575
7.629525
7.685175
7.8443
7.980075
8.084075
8.146525
8.19765
8.217575
8.26605
8.28335
8.373475
8.40785
8.410675
8.445475
8.460875
8.49005
8.525175
8.75035
8.889925
8.91385
9.2038
9.276825
9.30975
9.496675
9.560825
9.69925
120
