0.057125
0.077025
0.16785
0.392625
0.4144
0.482075
0.527525
0.6449
0.76735
1.034975
1.0436
1.1816
1.181725
1.230025
1.282225
1.4613
1.5619
1.62175
1.7683
1.94505
2.0687
2.288925
2.328675
2.3293
2.3983
2.460925
2.48125
2.518475
2.6597
2.66365
2.6975
2.7262
2.763125
2.921425
2.925725
2.92655
3.06405
3.652475
3.697125
3.7681
3.8696
3.909625
4.25485
4.315225
4.3301
4.409175
4.5684
4.663875
4.6961
5.07275
5.153425
5.565825
5.625875
5.825725
6.0393
6.300325
6.336025
6.382625
6.451575
6.469425
6.666225
6.6837
6.689125
6.744725
6.75525
6.8034
6.810475
6.928075
7.579125
7.6985
7.980675
8.066375
8.15505
8.279925
8.34065
8.412875
8.432825
8.438275
8.516
8.693
8.71975
9.03565
9.1447
9.17365
9.27675
9.584525
9.6443
9.64535
9.661325
9.6798
9.723625
9.987475
92
