0.275225
0.27945
0.281125
0.297875
0.3611
0.6794
0.706525
0.73845
0.84375
0.965225
1.042925
1.1383
1.203
1.3071
1.45035
1.758825
1.78855
1.897075
1.9279
1.970025
2.0032
2.028075
2.069675
2.07445
2.208825
2.229175
2.459275
2.666975
2.698675
2.70525
2.8371
2.8845
3.070075
3.160625
3.384675
3.53015
3.6674
3.8276
4.093525
4.095075
4.115875
4.313225
4.37295
4.389525
4.462825
4.4678
4.47075
4.4919
4.595575
4.7139
4.87545
4.973575
5.0807
5.20835
5.2504
5.3329
5.4402
5.53945
5.62
5.627475
6.250875
6.309375
6.359
6.3855
6.464375
6.57155
6.580475
6.6809
6.707075
6.934
7.05845
7.087825
7.239425
7.398675
7.451925
7.46355
7.56455
7.711925
7.7326
7.76975
7.86555
8.080125
8.139825
8.1638
8.256825
8.257375
8.26335
8.3621
8.391125
8.648925
8.71985
8.767525
8.780425
8.99405
9.11215
9.1146
9.18155
9.1883
9.224625
9.3636
9.503325
9.5068
9.716125
9.76175
9.762675
9.78375
9.815275
107
