0.152475
0.392
0.740575
0.8363
0.871625
1.02695
1.23105
1.5774
1.5819
1.695575
1.856975
2.121125
2.344
2.344475
2.373925
2.397675
2.48525
2.502125
2.6507
2.676125
2.762225
2.872525
2.882075
2.958825
3.137675
3.161075
3.296725
3.3988
3.445425
3.580775
3.705975
3.78675
4.062325
4.19735
4.206725
4.2319
4.24485
4.2481
4.390475
4.459025
4.47435
4.515925
4.660875
4.755775
4.850625
5.0874
5.094875
5.138975
5.256275
5.305625
5.308225
5.364175
5.381125
5.38705
5.453025
5.459375
5.511725
5.55785
5.6972
5.78805
5.835225
5.8586
5.86645
5.9334
5.93765
6.008775
6.1525
6.33525
6.353325
6.422
6.524975
6.57235
6.64795
6.688825
6.91545
7.22235
7.299325
7.394825
7.453925
7.4751
7.5083
7.798775
7.83955
7.886125
7.9278
8.032325
8.183275
8.3794
8.392975
8.544825
8.658675
8.9173
8.98185
9.1058
9.168925
9.192975
9.199525
9.365925
9.396475
9.43615
9.576475
9.64815
9.72355
103
