0.12075
0.12125
0.137875
0.299025
0.40215
0.564775
0.5788
0.69095
0.8751
0.90425
0.98675
1.337775
1.43745
1.524825
1.6411
1.6624
1.68545
1.77955
1.78895
1.83675
2.42475
2.479125
2.493925
2.59655
2.6552
3.026275
3.2906
3.471925
3.5768
3.676325
3.791475
3.901725
4.0247
4.0471
4.305425
4.318275
4.405275
4.4512
4.459575
4.4644
4.46635
4.48735
4.654175
4.78565
4.906225
5.108325
5.14825
5.36095
5.440975
5.471425
5.4877
5.5228
5.60715
5.63025
5.73065
5.852525
6.022475
6.222275
6.409325
6.862025
6.9554
7.2958
7.3062
7.344
7.346775
7.5311
7.531775
7.545375
7.57355
7.608875
7.728875
7.73305
7.8581
7.923275
8.3123
8.39635
8.429775
8.529725
8.718675
8.838
9.046675
9.06015
9.1408
9.150225
9.34355
9.476125
9.57765
9.62675
9.66315
9.721
9.87695
91
