0.09355
0.7298
0.7999
0.96005
1.040425
1.0618
1.140025
1.1632
1.265875
1.31925
1.321575
1.393425
1.3948
1.498375
1.7006
1.7702
1.773725
1.783225
1.8654
1.920775
2.037925
2.154175
2.20355
2.240525
2.2616
2.35475
2.394425
2.39535
2.40905
2.411425
2.4724
2.477325
2.534875
2.728975
2.77335
2.848925
2.889125
2.95805
3.0481
3.09905
3.16345
3.3913
3.472075
3.658625
3.6998
3.84165
4.039275
4.079325
4.10945
4.347975
4.36585
4.61265
4.677125
4.73565
4.790325
4.8164
4.870625
4.886025
4.99545
4.99615
5.07305
5.089275
5.31495
5.3288
5.368825
5.54485
5.90115
5.936975
5.94335
6.050375
6.18155
6.240175
6.287575
6.358575
6.4982
6.5432
6.666425
6.73235
6.81505
6.956175
6.998025
7.201375
7.24545
7.253
7.28165
7.348425
7.4387
7.64545
7.737025
7.790775
7.840875
7.999075
8.0902
8.36035
8.42075
8.475775
8.56885
8.6363
8.67515
8.721825
8.729475
8.76535
8.795575
8.8061
8.82015
8.91445
9.002875
9.033475
9.06235
9.07485
9.39475
9.495825
9.539475
9.680425
9.7039
9.768525
9.8606
117
