0.295025
0.30185
0.402
0.837775
1.2828
1.309075
1.346075
1.716275
1.8025
1.810225
1.82815
2.1589
2.29165
2.305425
2.350075
2.359225
2.7247
2.7961
2.85485
2.9272
2.979125
3.13915
3.1837
3.4015
3.4455
3.516575
3.521275
3.524125
3.654125
3.68485
3.748175
3.80765
3.837825
4.03735
4.0615
4.1161
4.244625
4.345875
4.366325
4.389925
4.39505
4.4035
4.63185
5.0253
5.04285
5.239475
5.2881
5.47685
5.4778
5.478675
5.569975
5.816225
5.8679
5.9667
6.0223
6.1596
6.3058
6.62645
6.85695
6.904225
6.9305
7.251225
7.336725
7.53685
7.65025
7.6614
7.7286
7.763175
7.792275
7.822375
7.91425
8.0658
8.211975
8.7192
8.860425
8.92865
9.030775
9.085375
9.151875
9.2073
9.207675
9.2374
9.3493
9.41255
9.447425
9.676925
9.709975
9.7356
9.7396
9.7509
9.885725
9.932675
9.964125
93
