0.0202
0.048725
0.131025
0.170925
0.321475
0.339725
0.37155
0.425075
0.675425
0.717425
1.213875
1.2464
1.50885
1.534575
1.559825
1.6535
2.1075
2.1758
2.1955
2.2114
2.2338
2.241425
2.32535
2.327675
2.357425
2.5367
2.5567
2.830275
2.90565
2.984325
3.014325
3.0999
3.15395
3.245625
3.453575
3.597725
3.6226
3.7488
3.842375
3.843475
3.99035
4.128825
4.15625
4.270875
4.347575
4.44065
4.45965
4.4717
4.561475
4.572375
4.5969
4.64105
4.7383
4.8046
4.814825
4.870475
4.888325
4.9583
5.22925
5.2813
5.3346
5.36305
5.502675
5.52525
5.54555
5.631375
5.648275
5.75355
5.9008
5.950025
5.991
6.158825
6.489825
6.55345
6.659175
6.85955
6.885225
7.206
7.2166
7.243675
7.25575
7.30335
7.364325
7.428775
7.438925
7.455625
7.588375
7.81135
7.867275
7.872025
7.916725
7.99495
8.121575
8.180475
8.258425
8.2886
8.4208
8.421775
8.474325
8.54765
8.54875
8.663425
8.678725
8.687675
8.843925
8.937875
8.963925
8.981075
8.993625
9.0004
9.019975
9.1934
9.3171
9.31945
9.359125
9.44875
9.532475
9.708825
9.8583
9.907975
9.946275
9.957325
9.981925
123
