0.1857
0.63265
0.742575
0.79795
0.8835
0.905975
0.930675
1.091725
1.107025
1.128325
1.143675
1.3075
1.3521
1.35705
1.39555
1.5993
1.692175
1.7159
1.7978
1.82215
1.897775
1.9087
2.139325
2.34945
2.354025
2.3546
2.509825
2.580875
2.611225
2.660225
2.700375
2.70105
2.716575
2.72845
2.83525
3.2434
3.295125
3.39865
3.609525
3.7245
3.83405
3.880675
3.88425
3.88495
4.093875
4.120225
4.13425
4.25015
4.442275
4.529725
4.782425
4.828775
4.867325
5.1209
5.162225
5.220375
5.373
5.450225
5.5406
5.574875
5.59405
5.643625
5.647975
5.724875
5.7489
5.911825
5.916475
6.0396
6.10085
6.162975
6.2756
6.32015
6.632275
6.692725
6.8486
6.8556
6.998775
7.052925
7.07845
7.301025
7.32435
7.472125
7.65475
7.8147
7.936225
7.9862
8.205325
8.2673
8.269575
8.290075
8.36365
8.5637
8.58505
8.589675
8.862025
8.98945
9.070325
9.0823
9.254875
9.3213
9.3947
9.471625
9.71705
9.8451
9.89915
105
