0.16685
0.179
0.17955
0.28385
0.465675
0.484875
0.524125
0.655075
0.69155
0.727525
0.8154
0.833
0.8791
0.94025
0.9916
1.0445
1.17965
1.2578
1.346975
1.512375
1.5272
1.541875
1.59945
1.751975
1.8722
1.877325
1.987175
2.032825
2.1885
2.2185
2.237525
2.349875
2.411175
2.6008
2.778425
2.80995
2.944725
2.982225
3.0013
3.002625
3.06285
3.26855
3.28385
3.33605
3.36365
3.429525
3.56495
3.6445
3.73935
3.7433
3.785525
3.7885
3.998325
4.0222
4.13645
4.14475
4.194075
4.196375
4.6031
4.60515
4.763225
4.814175
4.889075
5.054575
5.1415
5.16485
5.37965
5.41645
5.5908
5.642125
5.909275
6.036425
6.0482
6.0725
6.2512
6.28625
6.3325
6.4583
6.525075
6.54185
6.614125
6.61975
6.67545
6.892625
6.895625
6.9802
7.057375
7.09335
7.152225
7.287675
7.296575
7.38835
7.411225
7.44655
7.485675
7.538775
7.896675
7.9373
7.970675
8.0132
8.039225
8.183325
8.283775
8.3514
8.363525
8.4059
8.410175
8.637125
8.699625
8.77545
8.825225
9.05375
9.364775
9.365825
9.40025
9.445325
9.6372
9.77195
9.867
9.899975
9.92945
9.9486
122
