0.0073
0.034675
0.1148
0.2342
0.242
0.4156
0.420325
0.51315
0.65095
0.76605
0.8619
0.920175
0.981825
0.98965
1.306275
1.348325
1.38345
1.3862
1.695675
1.790775
1.821175
1.914925
2.03375
2.158575
2.296
2.320425
2.699875
2.761
2.76535
3.047975
3.092825
3.136575
3.140375
3.141675
3.359925
3.617375
3.687275
3.84145
3.88395
3.969825
4.173575
4.205025
4.23085
4.236825
4.30475
4.321025
4.4929
4.5677
4.785
4.90065
4.915975
4.95345
4.98385
4.98945
4.993675
5.16905
5.29685
5.333825
5.6181
5.65615
5.845975
5.846475
5.96065
6.1048
6.1625
6.2385
6.306575
6.6591
6.68805
6.972575
7.061475
7.1771
7.224025
7.425
7.4971
7.57905
7.59075
7.726775
7.76125
7.876375
7.895625
7.970275
7.973625
8.014775
8.1193
8.1248
8.14105
8.208825
8.37735
8.4402
8.602775
8.65575
8.67925
8.7634
8.981
9.015775
9.067475
9.254325
9.360725
9.38305
9.391325
9.464575
9.522275
9.5494
9.88305
9.894975
106
