0.27125
0.40125
0.4084
0.66495
0.84065
0.90555
1.127
1.4025
1.620475
2.10645
2.1718
2.257
2.300225
2.333275
2.3918
2.40735
2.42445
2.700725
2.849675
2.85995
2.9447
3.022625
3.211125
3.222175
3.243125
3.31945
3.35225
3.38875
3.4689
3.51215
3.556225
3.611
3.659875
3.665775
3.865125
3.9589
4.028
4.163225
4.359525
4.404525
4.484025
4.530875
4.57375
4.694375
4.7371
4.7704
4.84865
5.10695
5.13375
5.58845
5.61605
5.69115
5.7001
5.858375
5.88445
6.0527
6.1876
6.277375
6.3264
6.345275
6.74875
6.77045
6.78805
6.85175
6.982275
7.0286
7.2535
7.2953
7.314725
7.321775
7.382075
7.397475
7.49335
7.593025
7.645275
7.676725
7.708975
7.727775
7.7678
7.863125
7.8636
8.119525
8.141275
8.2007
8.249325
8.26965
8.421225
8.60765
8.6253
8.658975
9.065075
9.12655
9.164275
9.3638
9.428525
9.70265
9.76675
9.79265
9.818475
9.9173
100
