0.118125
0.2127
0.325975
0.4711
0.4965
0.56625
0.645625
0.85005
1.07885
1.132575
1.14075
1.40245
1.4356
1.499375
1.5362
1.713675
2.079525
2.1315
2.16355
2.34165
2.361875
2.427175
2.45995
2.46395
2.703475
2.7734
2.77405
2.803725
2.8322
3.046625
3.058975
3.0972
3.116325
3.14005
3.274075
3.3171
3.34935
3.386525
3.573325
3.67745
4.176775
4.180375
4.36125
4.434075
4.564375
4.59185
4.6222
4.73615
4.86475
5.118925
5.207375
5.25925
5.4815
5.515
5.872925
6.063225
6.6698
6.7736
6.784425
6.959825
7.0042
7.171225
7.2311
7.231275
7.34955
7.392275
7.5549
8.183525
8.233475
8.25055
8.609
8.745625
8.991575
9.00225
9.184875
9.575625
9.631225
9.7875
9.822675
9.830775
9.962425
9.993575
82
