0.039825
0.096325
0.22595
0.283725
0.30245
0.42075
0.49115
0.605025
0.793375
1.086475
1.0918
1.17225
1.230225
1.394875
1.436425
1.47645
1.5993
1.63015
1.646625
1.696725
1.962325
2.115325
2.31035
2.467825
2.481675
2.507875
2.7762
2.8688
2.881225
2.961625
3.297425
3.742675
3.763275
3.9379
4.327075
4.378375
4.418025
4.48485
4.579625
4.623625
4.65255
4.69035
4.70685
4.8833
4.940175
5.08615
5.406725
5.421175
5.4505
5.529775
5.6643
5.777675
5.840775
5.878675
5.8823
5.88285
6.071475
6.103825
6.2117
6.316725
6.3168
6.339275
6.681225
7.0107
7.029075
7.097325
7.15255
7.3411
7.342625
7.38235
7.385
7.7795
7.819525
8.10815
8.127675
8.26285
8.4629
8.491225
8.617025
8.649
8.659675
8.8217
9.00605
9.05275
9.29465
9.314275
9.38735
9.3951
9.477825
9.575325
9.631625
9.67265
9.723075
9.79245
9.80915
9.859775
9.93685
97
