0.1937
0.246125
0.3104
0.587225
0.636675
0.6769
0.823625
0.89995
1.052875
1.067875
1.073625
1.119675
1.187225
1.2138
1.2677
1.275275
1.335925
1.409425
1.464575
1.5484
1.691075
1.73395
1.789725
1.90005
2.193975
2.21195
2.292875
2.37215
2.54695
2.560275
2.68465
2.7053
2.7162
2.772125
2.789825
2.799825
2.84025
2.8612
2.89315
2.90405
3.08235
3.12075
3.190825
3.209275
3.233275
3.31905
3.6628
3.79845
3.983225
4.3422
4.384375
4.394925
4.396075
4.5155
4.625625
4.74205
4.91465
4.94165
5.0528
5.125825
5.1854
5.364975
5.3739
5.409375
5.4613
5.6773
5.723775
5.934
6.1901
6.353225
6.437475
6.528425
6.537
6.631825
6.985275
6.9867
7.0733
7.360575
7.4165
7.5592
7.611625
7.6322
7.725575
8.139675
8.18765
8.188175
8.205775
8.30205
8.4444
8.62515
8.84675
8.895625
9.058075
9.284275
9.301575
9.338125
9.549375
9.7195
9.760525
9.796275
9.80645
101
