0.2603
0.293425
0.465975
0.5597
0.58725
0.645925
0.6689
0.7944
0.8622
0.878375
0.8893
0.9264
0.96545
1.0468
1.505225
1.6211
1.698875
1.714725
1.818175
1.933275
1.983425
2.067425
2.135325
2.15005
2.301325
2.569125
2.7072
2.982875
3.0225
3.1857
3.201275
3.215975
3.2446
3.25795
3.273175
3.46215
3.626775
3.6979
3.7984
3.829075
3.8665
3.9767
4.041675
4.0653
4.0841
4.2451
4.24605
4.43955
4.45245
4.5641
4.927925
4.96865
5.074125
5.117225
5.302275
5.389325
5.435425
5.43975
5.4768
5.52565
5.594125
5.732975
5.773675
5.821475
5.84955
6.0558
6.38065
6.397675
6.4721
6.518075
6.611775
6.653875
6.710325
6.844575
7.03725
7.15705
7.1916
7.3412
7.351725
7.4197
7.429725
7.467275
7.6883
7.824875
7.9036
8.237675
8.314375
8.4087
8.427075
8.734875
8.793825
8.878075
8.91675
9.166
9.198375
9.200575
9.40585
9.520325
9.732425
9.8001
9.9237
101
