0.255175
0.409025
0.503975
0.595725
0.618125
0.68715
0.9306
0.948225
1.007875
1.149075
1.239325
1.36365
1.390025
1.512925
1.535525
1.68535
1.9489
2.085525
2.12125
2.1485
2.196375
2.258975
2.260475
2.28805
2.36605
2.395075
2.57715
2.70465
2.730625
2.752875
2.996
2.996175
3.0882
3.168375
3.2076
3.273575
3.4509
3.694475
3.762875
3.975375
4.03165
4.113075
4.39915
4.5519
4.786525
4.90975
4.933225
4.9737
4.998625
5.00565
5.054125
5.19985
5.25545
5.29505
5.32435
5.6337
5.786475
5.893225
5.9402
6.133675
6.38985
6.450275
6.491575
6.69255
6.6976
6.8112
6.8306
6.897775
7.0381
7.1602
7.215525
7.241575
7.376425
7.43515
7.444975
7.479
7.49265
7.715875
7.8637
7.914225
7.950525
7.981775
8.07275
8.51085
8.521325
8.643675
8.786025
8.846125
8.951475
8.951725
9.0174
9.033775
9.06815
9.32595
9.34815
9.414075
9.446875
9.499225
9.5544
9.56935
9.743
9.834825
9.950225
103
