0.18115
0.189775
0.577025
0.6477
0.94405
0.961375
1.099125
1.15775
1.1831
1.210675
1.23405
1.295775
1.363775
1.437225
1.502875
1.662125
1.81235
2.475425
2.5132
2.5256
2.544825
2.924075
2.928825
3.00245
3.1534
3.1601
3.183075
3.217425
3.358675
3.471825
3.514
3.56805
3.5843
3.627375
3.857275
3.9527
3.992775
4.12035
4.132025
4.1899
4.1912
4.24625
4.26725
4.295825
4.409975
4.427325
4.44295
4.48685
4.971225
5.146275
5.441475
5.633775
5.73665
5.9491
6.1068
6.464025
6.538975
6.657325
6.81975
6.883925
6.9805
7.14275
7.326075
7.34505
7.556525
7.72795
7.8391
7.940475
8.2266
8.598875
8.772225
9.0176
9.06965
9.2202
9.250425
9.2935
9.421775
9.478575
9.570075
9.71405
9.83805
9.8612
82
