0.022875
0.136925
0.227675
0.3283
0.388525
0.456
0.62895
0.73585
0.7734
0.930875
1.005475
1.07495
1.1375
1.15015
1.1533
1.40395
1.4998
1.51255
1.624125
1.6635
1.670025
1.6815
1.810675
2.26825
2.50105
2.527725
2.563175
2.601725
2.661475
2.685025
2.78275
3.05095
3.07455
3.15415
3.165325
3.28395
3.41855
3.47155
3.4994
3.52465
3.637825
3.689675
3.7996
3.898325
3.967725
4.0305
4.069725
4.118875
4.342475
4.661675
4.79765
4.822
4.878625
4.8793
4.8823
5.020325
5.101575
5.3852
5.537225
5.568625
5.830325
5.99855
6.29975
6.325125
6.4122
6.6038
6.659825
6.923725
7.016525
7.1659
7.238
7.4011
7.4882
7.865125
7.8725
7.875275
7.905875
7.90965
7.982925
8.362975
8.419475
8.516875
8.539475
8.757825
8.94325
9.008425
9.02105
9.1559
9.258
9.3731
9.576475
9.618575
9.6567
9.69
9.6991
9.88765
9.96745
97
