0.007025
0.05965
0.07905
0.0875
0.239475
0.437825
0.790175
0.927025
1.190025
1.211975
1.398775
1.611525
1.62255
1.696125
1.769675
1.829375
2.031375
2.055
2.148675
2.1736
2.45435
2.521625
2.584525
2.69295
2.69925
2.707925
2.715925
3.13015
3.21515
3.538075
3.6433
3.657975
3.69075
3.71545
3.838425
3.9322
3.9478
4.068325
4.156925
4.634225
4.727675
4.80015
5.1262
5.500925
5.540075
5.555275
5.711525
5.768275
5.9206
5.944125
5.99565
6.003675
6.027575
6.063175
6.177225
6.21945
6.4764
6.5053
6.5796
6.641125
6.7433
6.8703
6.947675
7.0111
7.0237
7.3126
7.5866
7.6882
7.7151
7.764075
7.9448
8.003975
8.1643
8.1903
8.391725
8.51875
8.622875
8.6542
8.6924
8.709925
8.823925
8.863975
8.9414
9.207575
9.211925
9.306925
9.329275
9.355625
9.379625
9.518075
9.520675
9.577375
9.611375
9.700325
9.7418
9.95955
9.974475
97
