0.177075
0.1941
0.29345
0.336725
0.395975
0.414625
0.576825
0.629025
0.85185
0.8866
1.091875
1.137075
1.259075
1.29905
1.37845
1.601375
1.7167
1.735925
2.04645
2.091675
2.09225
2.232675
2.293075
2.34895
2.447975
2.524175
2.6282
2.658775
2.71185
2.795775
2.958725
2.983425
2.991725
3.147725
3.228275
3.28335
3.466825
3.540225
3.550925
3.55455
3.611325
3.62815
3.770775
3.782325
3.820575
3.907525
4.204125
4.372825
4.4047
4.6417
4.738825
4.812475
4.821675
4.89855
4.992125
5.20605
5.31295
5.349225
5.555675
5.557175
5.6327
5.64145
5.87665
5.97375
6.045775
6.23275
6.360125
6.5358
6.689575
6.729125
6.794725
6.8994
7.0035
7.0402
7.050075
7.2203
7.407675
7.447775
7.6203
7.898
7.9341
8.0062
8.20565
8.2229
8.292875
8.358175
8.482375
8.588175
8.63345
8.6379
8.697525
8.708175
9.0296
9.0754
9.1326
9.16035
9.220875
9.449375
9.622975
9.625475
9.667425
9.67395
9.72045
103
