0.11825
0.14405
0.2052
0.239625
0.2899
0.3115
0.390525
0.41465
0.431925
0.49465
0.51545
0.534525
0.631375
0.78965
0.79895
0.8353
0.9367
1.105725
1.1907
1.19915
1.25675
1.33195
1.407825
1.502625
1.556
1.688575
1.73695
1.888975
1.979575
2.009475
2.171925
2.17965
2.21775
2.3102
2.35685
2.47895
2.552175
2.573075
2.596275
2.65115
2.70085
2.7686
2.908975
3.216425
3.438925
3.4457
3.574625
3.58075
3.7676
3.78745
3.814375
4.017825
4.1098
4.135375
4.20425
4.2163
4.2634
4.289975
4.399325
4.462075
4.46925
4.594775
4.987
5.014725
5.03005
5.054575
5.10075
5.128775
5.28275
5.481275
5.511075
5.535525
5.5719
5.59815
5.629425
5.63255
5.6362
5.668125
5.713125
5.7386
6.06245
6.10915
6.2448
6.296075
6.452775
6.6654
6.6733
6.734875
6.788975
6.7934
6.9055
7.03075
7.186375
7.199725
7.20615
7.43135
7.444125
7.69595
7.866825
7.900575
7.906675
8.029925
8.0504
8.165225
8.180925
8.19755
8.27375
8.302475
8.360025
8.3677
8.46335
8.933975
9.1498
9.151175
9.3801
9.40185
9.432625
9.438675
9.497775
9.54105
9.584425
9.707025
9.7098
123
