0.13235
0.264275
0.33505
0.441175
0.502675
0.939625
1.06415
1.199725
1.290775
1.3046
1.42965
1.5603
1.583975
1.755525
1.86095
1.869625
1.97275
2.000525
2.4609
2.5793
2.6849
2.71575
3.025775
3.200425
3.253125
3.320225
3.354575
3.79325
3.839375
3.8715
3.9026
3.971175
4.1848
4.230825
4.487875
4.594975
4.63355
4.79755
4.799525
4.80815
4.833525
4.836075
4.94645
4.9488
4.9876
5.004025
5.156175
5.341025
5.515275
5.66125
5.717875
5.7544
5.75575
5.8444
5.9448
6.0076
6.068725
6.131925
6.3109
6.4446
6.472075
6.57335
6.961925
7.009575
7.071775
7.074225
7.097975
7.1611
7.169875
7.222475
7.399875
7.428275
7.52425
7.723225
7.73735
7.743675
7.8367
7.8619
7.96655
7.96955
8.039
8.1661
8.19005
8.2575
8.28835
8.58055
8.6551
8.7258
8.838375
8.867175
9.003
9.028725
9.073325
9.079575
9.097175
9.267175
9.465125
9.594925
9.601525
9.659625
9.812225
9.835775
9.8374
9.8479
9.921025
105
