0.0507
0.1235
0.17595
0.271375
0.396875
0.6125
0.655275
0.66225
0.6913
0.75435
0.93185
1.04235
1.108775
1.232525
1.236575
1.473175
1.679175
1.7196
1.7915
1.84055
1.9841
2.0779
2.150725
2.169175
2.17085
2.20565
2.2805
2.3049
2.3382
2.42295
2.551925
2.5616
2.733775
2.77485
3.3505
3.501825
3.547075
3.586725
3.746875
3.856675
3.865775
3.9075
3.908175
4.170225
4.220725
4.2439
4.32855
4.6894
4.70045
4.7227
4.740675
4.8101
4.85285
4.965
4.9838
5.100675
5.124475
5.372875
5.4832
5.57475
5.677225
5.774975
5.838925
5.886025
6.0058
6.11785
6.15995
6.4625
6.491775
6.672925
6.79615
6.8931
6.92075
6.974575
7.157575
7.165525
7.278325
7.28195
7.288525
7.4935
7.541025
7.563275
7.620325
7.67515
7.68165
7.77025
7.995225
7.9969
8.127675
8.255125
8.27725
8.3096
8.451575
8.630725
8.7494
8.8172
8.913975
8.92895
8.9873
8.9891
9.06705
9.436975
9.471525
9.604925
9.609875
9.6263
9.9249
9.9784
108
