0.1182
0.119925
0.1442
0.192525
0.203025
0.38335
0.7227
0.826525
0.880675
0.935825
1.1446
1.1559
1.213125
1.3791
1.854175
1.895525
1.919325
2.01055
2.379225
2.42785
2.64195
2.817275
2.94875
3.04095
3.32625
3.378625
3.4018
3.44355
3.8392
3.863075
3.936875
3.98255
4.072575
4.11565
4.178525
4.185425
4.4218
4.5169
4.606425
4.795375
4.83625
4.885625
4.922525
4.974225
5.068425
5.3167
5.5715
5.6053
5.68115
5.745525
5.81515
5.89505
5.9034
5.958525
6.524875
6.5767
6.71305
6.820125
7.20315
7.305575
7.4765
7.4997
7.5754
7.617125
7.7489
7.87885
7.884325
7.989575
8.05825
8.11085
8.296675
8.3966
8.546675
8.5854
8.793275
8.93435
9.005275
9.015775
9.12815
9.211625
9.26235
9.2936
9.471075
9.754025
9.89635
9.948875
86
