0.06595
0.2342
0.235975
0.3062
0.470125
0.49725
0.525525
0.5307
0.584075
0.637425
0.646125
0.687175
0.87675
0.9078
1.004875
1.060925
1.113075
1.121575
1.28945
1.541825
1.775125
1.781525
1.79725
1.8094
1.830825
1.87375
1.908775
1.914875
2.0171
2.054125
2.141325
2.199625
2.3091
2.331
2.3411
2.3938
2.552825
2.6027
2.60405
2.620625
2.957325
2.99755
3.031225
3.233925
3.3986
3.406
3.460375
3.646125
3.654525
4.10755
4.121
4.1358
4.2868
4.292175
4.45755
4.474875
4.489
4.6685
4.6979
4.784025
4.8106
4.815525
4.92705
4.997925
5.0631
5.1999
5.441925
5.563725
5.5785
5.59175
5.62295
5.63805
5.844375
5.962725
5.97145
5.98
6.02955
6.254075
6.2553
6.459775
6.48465
6.5772
6.598275
6.635775
6.777725
6.7909
6.9081
6.98835
7.226725
7.25745
7.290175
7.301225
7.706175
7.744625
7.814325
7.8762
7.935425
8.085225
8.136475
8.159075
8.251
8.41645
8.424125
8.4844
8.689475
8.71125
8.8207
8.987625
9.12165
9.420225
9.451525
9.718
9.718925
9.8561
9.9342
9.95515
9.9828
117
