0.214425
0.224475
0.290725
0.407725
0.466875
0.483475
0.5027
0.527425
0.547275
0.6233
0.661925
0.8216
0.90495
0.97835
1.001125
1.0034
1.00815
1.115425
1.13125
1.18435
1.20855
1.426075
1.457625
1.463775
1.502425
1.680925
1.6878
1.7886
1.878625
1.915125
1.923025
1.9436
2.0222
2.0387
2.0579
2.10725
2.1452
2.1554
2.356025
2.5653
2.631975
2.647425
2.909775
2.9566
3.024325
3.0397
3.082675
3.110425
3.117675
3.135375
3.292525
3.2926
3.324425
3.48215
3.5192
3.546925
3.563275
3.6304
3.794175
3.802
4.0807
4.251475
4.393725
4.398
4.511475
4.595175
4.726725
4.9908
5.020225
5.228925
5.261875
5.4022
5.427075
5.427775
5.4278
5.4862
5.714475
5.8411
5.926175
5.970375
6.2138
6.2762
6.357575
6.4897
6.49495
6.5426
6.614025
6.65875
6.86065
6.8795
6.97425
6.99605
7.0718
7.2583
7.298925
7.310175
7.436925
7.4845
7.602975
7.6485
7.696625
7.912975
8.164625
8.391
8.43785
8.454675
8.641125
8.67595
8.83195
8.9081
8.95705
9.0629
9.286925
9.31635
9.46525
9.740675
9.82885
9.965675
9.98895
119
