0.120075
0.18455
0.20775
0.2652
0.39125
0.4693
0.52665
0.5577
0.670325
0.695975
0.7119
0.7312
0.76805
0.9296
0.95735
0.978475
1.08405
1.13695
1.327875
1.390075
1.399925
1.493075
1.553925
1.6878
1.695825
1.80765
2.089025
2.11575
2.1482
2.24775
2.261175
2.31495
2.3473
2.34745
2.353125
2.3565
2.5662
2.6139
2.72405
2.782375
2.884725
3.068275
3.181525
3.3447
3.36255
3.3958
3.4311
3.50905
3.5325
3.562
3.56465
3.602375
3.7384
3.800675
3.818725
3.90375
3.9475
4.10405
4.330525
4.350875
4.4447
4.5429
4.6705
4.697275
4.850875
4.9591
5.20655
5.2187
5.3674
5.4296
5.474375
5.480325
5.630175
5.6964
5.74855
5.7505
5.7533
6.018375
6.0947
6.1516
6.214875
6.215975
6.386325
6.4293
6.58395
6.5971
6.642175
6.73335
6.7444
6.9708
7.157425
7.1663
7.279775
7.377375
7.389975
7.61725
7.8119
8.228125
8.259875
8.446575
8.4506
8.4756
8.562875
8.592775
8.967175
9.161225
9.25075
9.29095
9.32615
9.43075
9.488475
111
