0.0116
0.013925
0.087725
0.1064
0.40055
0.613125
0.689725
0.8834
1.099925
1.117625
1.18915
1.205425
1.269375
1.2715
1.423925
1.446675
1.555875
1.714825
1.848975
2.0981
2.119525
2.120875
2.220775
2.319525
2.3896
2.416
2.431925
2.440325
2.5152
2.523575
2.586275
2.65105
2.67545
2.790725
2.8584
2.876
2.88955
2.89075
2.9038
3.018575
3.1299
3.1435
3.2868
3.3781
3.424875
3.44795
3.5747
3.59605
3.599825
3.657975
3.7949
3.826525
3.841125
3.842925
3.989975
4.218625
4.283425
4.35985
4.3697
4.5346
4.671975
4.696575
4.74505
4.80465
4.99295
5.2177
5.3995
5.66125
5.71225
5.83025
5.854125
5.999275
6.044475
6.1489
6.20715
6.230125
6.29565
6.442975
6.501375
6.5695
6.592975
6.6032
6.61885
6.695475
6.850475
6.860425
7.015825
7.045125
7.12315
7.246375
7.286675
7.355775
7.38705
7.470675
7.589125
7.653825
7.6657
7.825925
7.967725
7.984375
7.99225
8.162225
8.256625
8.258025
8.28695
8.367325
8.3715
8.4105
8.574625
8.857075
9.00945
9.01275
9.082675
9.207425
9.37975
9.8066
9.862425
9.86355
118
