0.1464
0.229325
0.3188
0.352725
0.41905
0.448225
0.819925
0.917325
0.999025
1.12135
1.365625
1.604725
1.6908
1.838675
2.0068
2.043725
2.073275
2.086075
2.1174
2.136925
2.213925
2.282475
2.349325
2.44195
2.4883
2.6175
2.6843
2.7043
2.830375
3.1018
3.136275
3.177575
3.279475
3.555475
3.588875
3.63785
3.64345
3.682825
3.747125
3.764025
3.859525
3.87895
3.886275
4.353325
4.566375
4.602
4.693675
5.180075
5.20265
5.62795
6.019925
6.0361
6.06885
6.073
6.1162
6.2052
6.358775
6.362775
6.662975
6.765575
6.872625
6.937325
6.949775
7.03095
7.5087
7.867975
8.0366
8.054925
8.0772
8.106225
8.192
8.32005
8.350525
8.555775
8.8446
8.8921
9.034575
9.059975
9.1843
9.2494
9.475075
9.814975
9.8216
9.8517
84
