0.0624
0.0936
0.213725
0.24905
0.2911
0.361
0.3996
0.54595
0.88285
0.9165
1.108325
1.150725
1.15695
1.161475
1.388225
1.429675
1.45165
1.52445
1.530025
1.5347
1.613125
1.66775
1.692625
1.787275
1.92835
1.933325
1.96465
2.0314
2.0393
2.19715
2.256575
2.303975
2.34295
2.396775
2.93365
2.9419
3.0009
3.02685
3.0416
3.045075
3.09455
3.121
3.1527
3.361625
3.55485
3.565575
3.665725
3.9045
3.987175
4.15415
4.216925
4.309175
4.345175
4.35885
4.40095
4.537125
4.54695
4.626675
4.6376
4.74145
4.8654
4.88075
4.890175
5.063025
5.2117
5.491325
5.69735
5.805825
5.8227
6.049525
6.172025
6.242725
6.520725
6.522375
6.636125
6.712375
6.772075
6.7816
6.8754
6.929575
7.106225
7.11995
7.3206
7.34395
7.371725
7.75775
7.80745
7.860725
8.1602
8.17155
8.221
8.233875
8.390275
8.4251
8.467575
8.48945
8.516725
8.541725
8.678675
8.68735
8.7532
9.1131
9.375125
9.564825
9.86485
9.940425
9.98175
107
