0.369025
0.48565
0.547225
0.589725
0.789475
0.885325
0.926125
0.945525
1.03925
1.224375
1.26635
1.308425
1.353925
1.3615
1.53735
1.576525
1.648275
1.68965
1.749025
1.779825
1.79555
1.871825
1.92665
2.016725
2.034475
2.07095
2.0817
2.109675
2.164275
2.376425
2.377
2.4576
2.539175
2.5522
2.5786
2.628575
2.787725
2.8137
2.9605
2.96835
2.983175
3.098475
3.17695
3.2441
3.30225
3.4013
3.4419
3.5006
3.679725
3.73875
3.828525
3.97935
4.003025
4.190125
4.214375
4.28795
4.497175
4.67545
5.065775
5.077875
5.09065
5.287075
5.573325
5.7873
5.926425
5.9357
6.022975
6.024
6.0372
6.061425
6.119625
6.20805
6.369125
6.5283
6.96675
7.0684
7.191875
7.43285
7.45115
7.5282
7.591625
7.731
8.218
8.26705
8.442925
8.444075
8.51045
8.58355
8.7202
8.81245
8.8979
9.11635
9.2471
9.327
9.3317
9.377475
9.519225
9.530625
9.5643
9.710825
9.72625
9.858325
9.9612
9.98185
104
