0.063375
0.177125
0.2544
0.31925
0.436525
0.469975
0.6182
0.6611
0.6818
0.7404
0.893175
0.9297
0.95465
0.9944
0.998575
0.999875
1.065775
1.211725
1.47225
1.491225
1.651925
1.77065
2.051925
2.186325
2.279375
2.31455
2.31555
2.350225
2.446175
2.485675
2.532825
2.63925
2.915525
2.94775
3.02395
3.064325
3.0733
3.09565
3.230425
3.2604
3.266025
3.3544
3.371675
3.772125
3.9558
4.234925
4.282975
4.410075
4.4145
4.441425
4.5931
4.749075
5.096575
5.19185
5.2164
5.4775
5.971975
6.1956
6.197
6.257925
6.328675
6.5057
6.57665
6.61725
6.878675
6.9171
7.06335
7.065375
7.142
7.2147
7.308775
7.434375
7.49515
7.5141
7.58365
7.6755
7.746175
7.7466
7.919
7.94335
7.99665
7.996675
8.073675
8.13875
8.25835
8.791225
8.9376
9.0777
9.23075
9.24595
9.27285
9.31045
9.37005
9.53545
9.5476
9.5541
9.6585
9.708325
9.85925
9.882375
9.9072
9.97015
102
