0.142475
0.388675
0.431125
0.608175
0.6101
0.7239
0.825275
0.87025
0.886525
0.995225
1.0897
1.089775
1.146125
1.1934
1.315225
1.3546
1.391675
1.4127
1.48665
1.650425
1.749875
1.8003
1.853975
1.85565
1.9394
2.11195
2.1877
2.325575
2.3923
2.466975
2.7695
2.8983
2.929875
3.090325
3.293025
3.4488
3.486975
3.527925
3.5604
3.626075
3.967775
4.072625
4.107125
4.269025
4.324025
4.413225
4.479825
4.5371
4.5687
4.707225
4.723025
4.7514
4.829025
4.8848
4.9182
4.9494
4.968925
4.9981
5.1838
5.186575
5.280125
5.486525
5.5619
5.58285
5.63435
5.634625
5.695775
5.7503
6.051875
6.0868
6.095925
6.185825
6.57985
6.633825
6.695675
6.7764
6.838025
6.96575
6.9988
7.0232
7.50695
7.628475
7.63325
7.94095
7.972825
8.080575
8.293525
8.316125
8.330075
8.3942
8.525375
8.601025
8.79195
8.812225
8.81335
8.905325
8.9376
9.11665
9.1389
9.1674
9.279475
9.385375
9.4178
9.456525
9.5828
9.766925
9.7844
9.9013
9.99755
9.99895
110
