0.172875
0.26545
0.3099
0.37055
0.37465
0.43455
0.587225
0.6254
0.741925
0.846175
0.85115
0.9166
1.342925
1.425625
1.473725
1.818425
2.142525
2.383725
2.4818
2.48755
2.717075
2.74995
2.80235
3.133675
3.165875
3.19705
3.2358
3.240025
3.24995
3.365925
3.408875
3.51365
3.526575
3.5983
3.93605
4.09125
4.094275
4.105825
4.248525
4.275775
4.5001
4.637
4.6405
4.662625
4.75905
4.761
4.83715
4.85355
5.1757
5.188775
5.30655
5.33475
5.412725
5.43265
5.556225
5.565275
5.68825
5.871025
5.908375
5.917975
5.97285
5.9872
6.006675
6.320425
6.407325
6.483525
6.575375
6.6044
6.721075
6.77415
6.783775
6.797575
7.140825
7.204975
7.274575
7.305625
7.467975
7.490175
7.824525
7.82525
7.97775
8.033525
8.06
8.153975
8.2435
8.321925
8.43765
8.703875
9.028475
9.05925
9.331925
9.4173
9.539725
9.5467
9.5829
9.5903
9.644325
9.671525
9.779
9.7831
9.832975
9.885475
102
