0.0691
0.196075
0.3566
0.429975
0.433675
0.451875
0.47225
0.507525
0.58165
0.60625
0.6918
0.731275
0.735075
0.836975
0.841225
0.851
0.9578
1.013725
1.0153
1.044925
1.119375
1.1385
1.145275
1.1966
1.6239
1.76195
1.7876
2.035375
2.085175
2.221925
2.25755
2.330125
2.71945
3.01545
3.046825
3.09805
3.2087
3.2216
3.3862
3.4239
3.6601
3.7131
3.7437
3.80855
3.860075
3.934225
3.9514
3.976425
4.011025
4.408625
4.545275
4.687325
4.698525
4.7208
4.79285
4.854425
4.9092
4.9739
5.0994
5.175375
5.216675
5.37825
5.5274
5.65535
5.748075
5.838575
5.92845
6.061075
6.100975
6.13775
6.26645
6.38535
6.411375
6.98165
7.202975
7.227475
7.25525
7.366025
7.5439
7.806675
7.81435
7.974025
8.211275
8.470375
8.5493
8.824475
8.855525
8.865375
8.9627
9.09515
9.481925
9.519225
9.5867
9.8331
9.9763
95
