0.1479
0.183925
0.220025
0.235775
0.243575
0.246525
0.32045
0.3298
0.3541
0.4296
0.49005
0.63635
0.672375
0.742675
0.7687
0.83255
0.944125
0.947975
0.9739
1.159875
1.252225
1.34235
1.38645
1.425875
1.4707
1.722475
1.80435
2.12765
2.16485
2.302975
2.37135
2.633675
2.709975
2.751575
2.82785
2.83695
2.8503
2.915825
2.93885
3.01735
3.033125
3.04425
3.086
3.12865
3.170325
3.24285
3.287225
3.4138
3.4952
3.6154
3.7419
3.8232
3.9045
3.932
4.044675
4.106525
4.22045
4.25865
4.312225
4.41215
4.4508
4.456375
4.4807
4.564575
4.908075
5.026525
5.061225
5.1918
5.297175
5.333825
5.60285
5.742875
6.2487
6.264575
6.429
6.5251
6.8452
7.1833
7.225775
7.23775
7.357525
7.4698
7.5311
7.550775
7.862825
7.8693
8.028025
8.16075
8.169525
8.19155
8.196775
8.4064
8.474025
8.69815
8.954475
9.099525
9.10465
9.128075
9.1924
9.26355
9.471225
9.493825
9.549175
9.5955
9.68595
9.69835
9.8901
9.929225
9.93535
9.9452
110
