0.036075
0.069175
0.4926
0.55675
0.566375
0.610825
0.672525
0.840275
0.9391
0.988875
1.103175
1.15415
1.2082
1.24055
1.309925
1.375025
1.574375
1.63835
1.9142
1.921025
1.943625
1.953525
2.015525
2.034625
2.13975
2.2886
2.44375
2.6086
2.63375
2.677575
2.71535
2.785
2.8858
2.986725
3.26665
3.271175
3.349175
3.40675
3.42975
3.4998
3.613775
3.639475
3.7737
3.86295
4.005925
4.1944
4.273575
4.30815
4.4484
4.588775
4.64865
4.718375
4.862575
5.0288
5.298875
5.351075
5.381075
5.437625
5.4399
5.453675
5.7596
5.96875
5.986475
6.331725
6.35395
6.48355
6.58025
6.720825
6.855825
6.879825
6.900375
6.906825
6.9253
7.106175
7.140575
7.160025
7.196
7.224725
7.5285
7.768475
7.787425
7.870375
8.109375
8.1275
8.178425
8.23655
8.418375
8.50655
8.573875
8.880875
9.0065
9.025225
9.09655
9.13105
9.167825
9.198025
9.2951
9.3397
9.458675
9.46525
9.5159
9.52015
9.63105
9.63575
9.69465
9.9215
9.9329
107
