0.008675
0.29695
0.579175
0.605525
0.643075
0.653575
0.718675
0.795075
0.846075
0.9443
1.16335
1.19085
1.337625
1.62475
1.668925
1.919075
2.0917
2.460025
2.648825
2.86315
2.905825
3.022975
3.023675
3.095825
3.107275
3.1189
3.365625
3.377575
3.51985
3.539725
3.669875
3.68825
3.737725
3.929
4.012625
4.109725
4.134525
4.40025
4.5042
4.5669
4.624875
4.691875
4.744175
4.837325
4.925575
4.947875
4.976225
4.98455
5.203025
5.39075
5.77675
5.8059
5.8489
5.85385
5.905075
5.936025
6.03725
6.0645
6.123025
6.138775
6.154425
6.347975
6.68055
6.83895
6.887725
6.89035
7.157275
7.231025
7.619325
7.63185
7.635475
7.666125
7.685775
7.806575
8.01175
8.227975
8.47855
8.49355
8.594225
8.66975
8.721425
8.8153
9.040975
9.043475
9.395625
9.665725
9.66615
9.771475
9.969525
89
