0.0342
0.1871
0.236225
0.3597
0.508475
0.57535
0.6457
0.8685
0.930025
0.9466
0.9788
1.001375
1.316475
1.3304
1.482725
1.505825
1.752425
2.205825
2.226
2.31525
2.381375
2.41095
2.456675
2.513775
2.64005
2.81655
2.876525
2.93855
3.126375
3.404725
3.556475
3.585525
3.6133
3.650675
3.697125
3.72335
3.7287
4.0099
4.124375
4.15425
4.245025
4.24855
4.25875
4.297975
4.371075
4.78715
4.788125
4.876875
5.07915
5.17025
5.228
5.281
5.4191
5.6617
5.929225
5.9773
6.050775
6.27635
6.3076
6.390675
6.432375
6.43925
6.4521
6.5737
6.583925
6.694225
6.7057
6.757425
6.782325
6.799025
6.843925
6.866975
6.92785
6.98305
7.100325
7.161875
7.192875
7.257425
7.2583
7.460175
7.4693
7.499925
7.648425
7.684275
7.730675
7.987025
8.10045
8.34475
8.461675
8.723125
8.8097
8.81
8.9199
8.949875
9.048025
9.150375
9.25545
9.288475
9.481475
9.488625
9.567
9.8969
102
