0.0853
0.133525
0.203525
0.306425
0.4307
0.47095
0.7322
0.88635
0.90005
0.979925
0.98175
1.0272
1.08825
1.13595
1.248575
1.263225
1.26355
1.320675
1.47265
1.4731
1.5506
1.59445
1.648125
1.670275
1.76865
1.84655
1.870525
1.989875
2.183025
2.19005
2.3244
2.3434
2.367525
2.385775
2.495125
2.621475
2.66505
2.66975
2.742025
2.80395
2.945225
3.1573
3.196675
3.407375
3.442425
3.47055
3.48315
3.65815
3.660625
3.884375
4.0658
4.097725
4.254525
4.2851
4.426125
4.470225
4.631925
4.675075
4.802425
4.8273
4.852775
4.865175
4.9468
4.97965
5.266075
5.3768
5.56525
5.6092
5.83755
5.9299
6.1621
6.194975
6.323525
6.40615
6.683125
6.710075
6.723125
6.905975
7.126375
7.27805
7.3091
7.35145
7.35355
7.482425
7.539975
7.57855
7.605325
7.6115
7.644625
7.651175
7.686975
7.836525
7.90645
7.93505
8.17465
8.29735
8.4413
8.67
8.672525
8.842225
8.856375
9.1018
9.113975
9.180525
9.211475
9.337825
9.397825
9.417675
9.477975
9.5797
9.612825
9.6334
9.8168
9.888525
114
