0.126425
0.570325
0.592875
0.878675
0.898775
1.004075
1.26885
1.292675
1.323
1.3503
1.419225
1.4301
1.531775
1.618025
1.723125
1.734075
1.81235
1.87685
1.933775
2.072675
2.1114
2.301825
2.31205
2.3998
2.473625
2.624025
2.729075
2.880475
2.8874
3.123525
3.18725
3.287675
3.3093
3.32185
3.362
3.38865
3.482725
3.64125
3.658025
3.71195
3.7633
3.831175
3.889125
3.908275
4.116675
4.24015
4.322
4.4477
4.6147
4.752225
4.85005
4.900675
4.9571
4.957775
4.98615
5.0554
5.37835
5.4737
5.505525
5.652
5.678625
5.80185
5.8077
5.80785
5.917625
5.920725
5.925775
6.05975
6.07825
6.19685
6.50525
6.5329
6.622975
6.779875
6.929
6.939925
7.004725
7.05685
7.10915
7.11605
7.1534
7.197775
7.210525
7.446675
7.44795
7.46485
7.494325
7.73755
7.7614
7.786625
7.9377
7.9418
7.977625
8.05735
8.069675
8.169375
8.1852
8.187925
8.212575
8.44425
8.46325
8.59525
8.902675
8.974775
9.0061
9.05415
9.10275
9.14875
9.208025
9.210575
9.359475
9.367175
9.39205
9.488875
9.508575
9.569125
9.571925
9.73085
9.87995
9.9815
9.9866
121
