0.511075
0.535925
0.54045
0.5545
0.558625
0.56235
0.572175
0.57255
0.57465
0.584025
0.60635
0.61375
0.6294
0.637975
0.647225
0.65455
0.6932
0.693525
0.70495
0.708175
0.711675
0.7136
0.71465
0.75405
0.794275
0.80115
0.813075
0.85385
0.85475
0.863725
0.904475
0.907075
0.9127
0.916475
0.968825
0.97765
1.107875
1.115625
1.175275
1.223875
1.3448
1.38265
1.411675
1.44755
1.498175
1.53185
1.732925
1.8327
1.9461
2.081675
2.096275
2.1288
2.131525
2.136325
2.24845
2.358125
2.4394
2.4429
2.595775
2.59925
2.7209
2.72755
2.859475
3.01795
3.029375
3.31495
3.55015
3.572525
3.580975
3.59765
3.6909
3.7589
3.933175
4.638175
4.742575
4.858275
4.8976
4.984
78
