0.195875
0.4419
0.510975
0.533925
0.538175
0.546575
0.5468
0.551375
0.5764
0.58005
0.603575
0.60375
0.611225
0.641325
0.662225
0.6676
0.698
0.709125
0.719875
0.72975
0.734625
0.74945
0.75565
0.761375
0.773775
0.77665
0.777775
0.785275
0.78935
0.800675
0.80365
0.810575
0.82545
0.853525
0.85545
0.863375
0.8693
0.874025
0.8756
0.901975
0.92325
0.933725
0.95325
0.9543
0.958175
0.999625
1.08175
1.0874
1.160675
1.197175
1.198025
1.22855
1.26655
1.267975
1.335075
1.340175
1.3656
1.425875
1.463225
1.4985
1.587125
1.668125
1.715175
1.76935
1.7967
1.8703
2.0938
2.3572
2.36215
2.567425
2.64285
2.66445
2.6942
2.977175
3.00815
3.03875
3.191425
3.2504
3.25095
3.25625
3.458875
3.60455
3.60825
3.729525
3.737175
3.779
3.9153
3.948575
4.01285
4.078525
4.159075
4.183175
4.3877
4.4821
4.528775
4.636125
4.645825
4.656275
4.710475
4.84495
100
