0.248825
0.333425
0.4228
0.4718
0.497375
0.50045
0.515725
0.51575
0.533725
0.535
0.545375
0.565825
0.57895
0.594725
0.5972
0.64445
0.665925
0.680825
0.720775
0.725675
0.726775
0.736075
0.75675
0.815075
0.8175
0.84575
0.860175
0.8754
0.8916
0.9699
0.971125
0.98865
0.989875
1.06445
1.075
1.114175
1.141
1.275725
1.3903
1.46705
1.489175
1.522525
1.53635
1.53995
1.55985
1.587075
1.648675
1.722425
1.7228
1.765325
1.77615
1.789125
1.8724
1.89175
1.9007
1.94225
1.958425
2.04915
2.1166
2.16535
2.3409
2.458375
2.485525
2.599875
2.656875
2.6647
2.670975
2.731375
2.956775
3.023825
3.02565
3.227125
3.407475
3.5157
3.8698
3.941225
3.966175
4.024575
4.034525
4.093825
4.239175
4.456875
4.775775
4.8765
4.9817
85
