0.065775
0.106875
0.50015
0.518425
0.518625
0.534725
0.535325
0.5432
0.569675
0.576425
0.588175
0.588375
0.632675
0.6339
0.640475
0.641375
0.649875
0.6664
0.669275
0.670275
0.673225
0.690525
0.695075
0.711225
0.712775
0.7302
0.7366
0.73915
0.745
0.78245
0.789825
0.794675
0.8144
0.826675
0.82965
0.833325
0.84455
0.8788
0.8982
0.92475
0.94615
0.9508
0.966625
0.96885
0.9729
0.98155
1.02255
1.026925
1.06775
1.070925
1.093725
1.1148
1.12495
1.1579
1.191075
1.20865
1.229125
1.2425
1.255875
1.256075
1.2835
1.370975
1.38025
1.393425
1.440075
1.4425
1.521975
1.6
1.6438
1.695775
1.6985
1.711625
1.732375
1.7483
1.825025
1.836175
1.8901
1.933925
1.94935
1.9869
2.06205
2.111675
2.153675
2.2299
2.2452
2.25605
2.2767
2.34775
2.398225
2.535275
2.5428
2.565825
2.59625
2.6263
2.63205
2.78905
3.183075
3.201675
3.34555
3.377775
3.480725
3.493325
3.59555
3.698725
3.706525
3.71265
3.744425
3.981725
4.092375
4.2324
4.2714
4.47245
4.565475
4.667525
4.726175
4.91905
4.9921
117
