0.151375
0.516325
0.51995
0.533075
0.533675
0.56225
0.581975
0.593575
0.59885
0.609025
0.611475
0.648375
0.65035
0.651075
0.651575
0.6552
0.656025
0.6769
0.69315
0.724925
0.72725
0.776175
0.781975
0.815375
0.8444
0.861025
0.878475
0.8844
0.90715
0.923125
0.947475
0.98025
0.9837
0.9933
1.00755
1.065475
1.075625
1.090275
1.1132
1.115525
1.1714
1.2122
1.21665
1.311275
1.377925
1.48565
1.4901
1.5033
1.531575
1.581875
1.6574
1.663275
1.72435
1.759175
1.785
1.813
1.88315
1.90085
1.92115
2.03925
2.071875
2.105475
2.20405
2.267175
2.312575
2.35115
2.4288
2.469225
2.51795
2.53205
2.64135
2.65885
2.72165
2.837775
2.936825
3.001
3.054825
3.111
3.1834
3.24375
3.337075
3.3775
3.426325
3.439775
3.473775
3.570275
3.773675
4.10715
4.136175
4.171175
4.20325
4.25395
4.343125
4.36845
4.41955
4.4591
4.661875
4.705125
4.77185
4.88705
4.901025
101
