0.04825
0.3103
0.5017
0.54715
0.561675
0.571025
0.57355
0.594825
0.5999
0.6046
0.623575
0.670325
0.675675
0.7048
0.716575
0.752275
0.752475
0.775975
0.778475
0.792
0.801525
0.8049
0.850125
0.863725
0.8933
0.893875
0.9129
0.984
0.99515
1.020925
1.031225
1.04795
1.048625
1.083775
1.087275
1.102775
1.127175
1.160375
1.17265
1.20295
1.208875
1.2216
1.234975
1.2503
1.254025
1.28
1.3881
1.38985
1.395425
1.51075
1.5913
1.5979
1.611425
1.616775
1.64915
1.727775
1.748175
1.829475
1.917375
2.0821
2.6206
2.6856
2.697875
2.727375
2.729675
2.83605
2.849175
2.868175
3.18205
3.5116
3.514325
3.5703
3.983925
4.002575
4.0856
4.440375
4.4688
77
