0.002475
0.018075
0.058025
0.122075
0.474325
0.520025
0.52015
0.5261
0.537925
0.54015
0.55345
0.5591
0.56215
0.586475
0.59305
0.60865
0.614825
0.61665
0.638925
0.648975
0.6651
0.685725
0.704225
0.7133
0.745425
0.746225
0.750225
0.75395
0.760975
0.7894
0.791075
0.804775
0.8552
0.857275
0.8602
0.90645
0.943925
0.9892
0.99835
1.0744
1.08875
1.143325
1.157025
1.205925
1.38115
1.4416
1.487325
1.534925
1.550175
1.641475
1.6743
1.72625
1.765175
1.811225
1.9692
1.994475
2.143275
2.1684
2.175325
2.2145
2.382025
2.443675
2.47585
2.558425
2.57735
2.6244
2.867425
3.042125
3.100175
3.1595
3.189875
3.200525
3.23645
3.418625
3.497075
3.60225
3.6691
3.752975
3.7589
3.809075
3.875475
3.97755
4.044925
4.1256
4.224125
4.360525
4.391625
4.433025
4.441525
4.48195
4.682475
4.76555
4.7773
4.780775
4.8219
4.861075
4.90755
4.943
98
