0.444875
0.507425
0.52875
0.59105
0.5956
0.596975
0.602125
0.60375
0.63215
0.705125
0.71535
0.72875
0.729575
0.740425
0.750525
0.755625
0.77165
0.78745
0.820075
0.835725
0.876275
0.918925
0.926275
0.934275
0.977125
0.98035
0.982875
1.016925
1.022625
1.0652
1.089225
1.089275
1.1392
1.229975
1.249775
1.315875
1.3667
1.4795
1.53355
1.53805
1.563025
1.564025
1.565375
1.594525
1.6179
1.647975
1.80465
1.85705
1.88085
1.88095
1.890275
1.961275
2.050975
2.138225
2.159875
2.19865
2.2245
2.36755
2.399325
2.407525
2.409825
2.42235
2.460575
2.516725
2.5792
2.62905
2.638775
2.6561
2.825975
3.03405
3.086425
3.17225
3.21455
3.284275
3.44965
3.462825
3.48375
3.535775
3.77745
3.817925
3.8854
3.913625
3.920425
3.978325
3.99735
4.043925
4.071225
4.07385
4.084675
4.0858
4.3095
4.47165
4.74575
4.7525
4.80345
4.87265
4.96285
97
