0.222075
0.273425
0.419825
0.49905
0.515325
0.5227
0.524175
0.52625
0.527825
0.527875
0.5384
0.539725
0.547875
0.57195
0.578225
0.5897
0.596175
0.6125
0.620725
0.63515
0.6467
0.677125
0.689675
0.705375
0.7062
0.723175
0.73425
0.7902
0.796125
0.8279
0.828975
0.829975
0.85155
0.883275
0.9476
0.959225
0.9654
0.9687
0.98215
0.994525
1.0498
1.05925
1.0765
1.084725
1.103175
1.103925
1.1058
1.158275
1.21265
1.215325
1.28995
1.363975
1.379225
1.43695
1.762
1.7706
1.778875
1.80025
1.835425
1.883625
1.9076
1.928575
1.943875
1.946375
1.9695
2.029725
2.046125
2.081175
2.138375
2.166425
2.226275
2.2421
2.2797
2.283825
2.386025
2.3907
2.41495
2.522475
2.530875
2.6118
2.6829
2.73235
2.736075
2.796225
2.811025
2.817825
2.93265
2.954125
2.95765
3.00955
3.140675
3.145
3.17535
3.1878
3.266475
3.2673
3.5698
3.586425
3.6029
3.6187
3.830225
3.8405
3.869875
3.917425
4.144425
4.251825
4.39635
4.5688
4.6014
4.770275
4.817675
4.90035
4.9908
4.998325
114
