0.01655
0.2362
0.5005
0.51205
0.530775
0.538425
0.5462
0.5477
0.57855
0.5832
0.587
0.592125
0.603
0.604325
0.615375
0.620175
0.6285
0.637975
0.638275
0.640575
0.669975
0.678225
0.702575
0.70585
0.71375
0.7182
0.72885
0.73975
0.747375
0.7615
0.78465
0.80445
0.823475
0.83925
0.8395
0.843
0.86595
0.8894
0.931175
0.93925
0.964825
0.9755
1.0039
1.023325
1.04505
1.060875
1.089425
1.12015
1.131925
1.17835
1.213775
1.23235
1.3497
1.372675
1.387625
1.43905
1.456125
1.60975
1.6465
1.759225
1.7925
1.797575
1.806025
1.92075
1.932275
2.00715
2.02335
2.25895
2.341
2.381525
2.4242
2.496475
2.53625
2.64955
2.6591
2.7017
2.75365
2.813525
2.9397
3.00785
3.044375
3.3508
3.8408
3.9669
3.969225
4.04085
4.2785
4.2966
4.3992
4.489175
4.493125
4.5315
4.55265
4.6252
4.670225
4.78105
4.814825
4.825125
4.896375
4.96
100
