0.00505
0.50545
0.514475
0.520425
0.524725
0.526375
0.52855
0.533125
0.56695
0.58265
0.587525
0.596175
0.617
0.61945
0.621425
0.64405
0.670375
0.695575
0.73345
0.75295
0.770275
0.7706
0.77655
0.79205
0.795
0.8195
0.825725
0.87335
0.87355
0.882675
0.887525
0.903475
0.90985
0.929925
0.967825
0.9814
1.022575
1.02265
1.036375
1.092325
1.096525
1.10925
1.137625
1.146075
1.151775
1.17745
1.213175
1.22565
1.235725
1.296975
1.34075
1.343325
1.3478
1.40355
1.409875
1.691225
1.73
1.751925
1.75625
1.763725
1.850025
1.8696
1.908575
2.00115
2.076375
2.112775
2.139725
2.29435
2.6057
2.746075
2.774775
2.80295
2.9325
2.984
3.093525
3.1018
3.260875
3.281525
3.3321
3.441025
3.51625
3.536425
3.551425
3.654775
3.7045
3.86405
4.0637
4.17105
4.171825
4.197525
4.27315
4.44075
4.61965
4.68045
4.694075
4.809175
4.8661
4.895475
98
