0.235275
0.241
0.25075
0.3882
0.49705
0.50985
0.54815
0.55125
0.5577
0.564225
0.575
0.5942
0.607
0.611225
0.612875
0.619375
0.652725
0.65745
0.66675
0.68055
0.6806
0.684275
0.70175
0.703375
0.71025
0.7336
0.7359
0.743425
0.749625
0.7659
0.767925
0.770175
0.770225
0.786825
0.7908
0.804375
0.82395
0.84385
0.87355
0.936675
0.99675
1.026175
1.036925
1.054275
1.070475
1.08895
1.09415
1.132525
1.166425
1.20365
1.208
1.261675
1.318075
1.33905
1.344575
1.352625
1.37195
1.428125
1.431025
1.441475
1.471175
1.5588
1.566525
1.601225
1.61095
1.675
1.6936
1.71075
1.93135
1.968
1.992325
2.01365
2.0986
2.123225
2.141625
2.169725
2.393625
2.550525
2.58445
2.688575
2.752725
3.02975
3.03505
3.08005
3.164075
3.275725
3.2809
3.387775
3.4308
3.49445
3.520725
3.521075
3.688175
3.726725
3.885925
3.9682
3.97465
4.006025
4.17635
4.24965
4.373175
4.396875
4.413975
4.4152
4.48435
4.604425
4.63345
107
