0.428225
0.50185
0.50335
0.50465
0.5142
0.52015
0.529525
0.538125
0.551525
0.568
0.572775
0.580975
0.586425
0.594675
0.611175
0.6194
0.635275
0.7187
0.76005
0.813175
0.8267
0.828075
0.8287
0.82895
0.84715
0.870775
0.8806
0.885925
0.93105
0.97085
1.018475
1.021725
1.0788
1.11165
1.1249
1.12735
1.15355
1.16705
1.209675
1.2223
1.222475
1.325925
1.337325
1.3505
1.370475
1.41945
1.4513
1.46845
1.491775
1.56685
1.574525
1.59525
1.688225
1.718025
1.738575
1.8062
2.094325
2.144975
2.312175
2.56995
2.5878
2.644325
2.719025
2.873925
2.88365
2.9284
2.9622
3.0602
3.2635
3.526725
3.66575
3.66815
3.68725
3.745125
3.810425
3.850375
3.991475
4.365975
4.3675
4.51425
4.627025
4.666175
4.7854
83
