0.071425
0.1146
0.121825
0.243275
0.33055
0.51505
0.517475
0.517675
0.5182
0.5326
0.538025
0.55845
0.5592
0.56325
0.564025
0.577325
0.589425
0.592175
0.61145
0.63485
0.6392
0.640125
0.66685
0.675375
0.677825
0.679775
0.681525
0.68995
0.69035
0.6949
0.708375
0.718575
0.723325
0.750375
0.76675
0.77335
0.77625
0.788725
0.789525
0.801325
0.8053
0.81905
0.837625
0.8567
0.92445
0.98065
1.00795
1.0741
1.083525
1.08945
1.098975
1.102825
1.112025
1.153025
1.183625
1.215175
1.22225
1.234075
1.281875
1.3714
1.4894
1.533875
1.611075
1.724075
1.84255
1.8565
1.97625
2.009725
2.0578
2.1287
2.2204
2.233175
2.237525
2.256825
2.2813
2.44175
2.48075
2.528275
2.637775
2.684175
2.773175
2.910675
2.926725
3.055
3.07825
3.274175
3.455775
3.5669
3.59125
3.956
4.0054
4.121875
4.12555
4.1308
4.145725
4.3436
4.472475
4.639775
4.883225
4.8837
4.941325
101
