0.115825
0.334575
0.514
0.51465
0.518225
0.528525
0.529775
0.538025
0.539325
0.539775
0.5537
0.556175
0.55825
0.5588
0.583425
0.587275
0.59495
0.62845
0.648625
0.687025
0.70205
0.710375
0.72485
0.729925
0.7347
0.7404
0.769
0.77075
0.792475
0.79755
0.8251
0.839675
0.8745
0.8795
0.9511
0.953425
0.959225
0.969875
0.9894
1.043125
1.048
1.05815
1.06925
1.105925
1.134475
1.165125
1.207475
1.23365
1.285525
1.293275
1.324
1.3383
1.35815
1.421175
1.438075
1.438625
1.439275
1.455725
1.4814
1.534375
1.6592
1.697225
1.759425
1.8837
1.907
1.94865
1.95635
2.04575
2.1156
2.125325
2.155
2.3951
2.536075
2.582775
2.5915
2.7621
2.7765
2.85655
2.9097
2.964375
3.059975
3.2425
3.257575
3.359175
3.3611
3.47565
3.642625
3.7622
3.881
4.093375
4.19915
4.679175
4.762525
4.777275
4.901025
95
