0.503325
0.504775
0.516575
0.516625
0.517
0.518775
0.5324
0.534725
0.543125
0.545
0.555825
0.563475
0.565525
0.56665
0.577775
0.6019
0.616575
0.62025
0.62195
0.64595
0.65345
0.67235
0.674525
0.674975
0.6854
0.71535
0.7154
0.719175
0.7264
0.730925
0.757825
0.772975
0.7733
0.7756
0.7918
0.81355
0.813925
0.81945
0.829075
0.8337
0.835525
0.8381
0.857175
0.88955
0.91055
0.91135
0.926825
0.946875
0.94875
0.974975
1.06565
1.101925
1.114625
1.115475
1.135325
1.16105
1.1842
1.19235
1.1968
1.240275
1.28805
1.367075
1.371925
1.55355
1.6955
1.7591
1.8796
1.907875
1.9445
1.974475
2.030875
2.067675
2.162125
2.28495
2.31325
2.314825
2.419025
2.44145
2.462025
2.47385
2.595025
2.62205
2.6314
2.670675
2.680575
3.0161
3.0854
3.16685
3.233925
3.44395
3.458625
3.469925
3.5293
3.53945
3.547975
3.628125
3.71235
3.8216
3.9022
3.992725
3.99685
4.0182
4.04325
4.08075
4.0866
4.1928
4.482225
4.48775
4.509375
4.63885
4.7398
4.809675
112
