0.495275
0.50615
0.5258
0.527925
0.5401
0.540625
0.54445
0.561625
0.585
0.590075
0.594375
0.6128
0.630975
0.63225
0.64135
0.6493
0.661675
0.672225
0.69535
0.732575
0.73595
0.75055
0.756775
0.762625
0.77045
0.773175
0.797475
0.8154
0.851025
0.85325
0.8538
0.902925
0.925425
0.92605
0.940075
0.96315
0.966475
1.038925
1.051825
1.0785
1.08495
1.09615
1.100425
1.1079
1.126425
1.1292
1.189675
1.199125
1.25325
1.2652
1.285975
1.364225
1.376425
1.40595
1.41215
1.420875
1.4807
1.529075
1.68095
1.7018
1.747025
1.7478
1.79955
1.82945
1.83295
1.91305
1.9263
1.97155
1.99615
2.0214
2.105625
2.11805
2.215675
2.246775
2.322
2.331175
2.351725
2.39265
2.4099
2.488675
2.59
2.6227
2.97345
2.973625
3.050525
3.124175
3.40925
3.439725
3.602275
3.645725
3.658825
3.77305
3.8396
3.85745
3.862325
4.00975
4.022125
4.095875
4.320625
4.322675
4.333675
4.48525
4.524625
4.6789
4.80875
4.9413
106
