0.30205
0.442875
0.46955
0.5117
0.5252
0.534725
0.542725
0.561475
0.57445
0.57535
0.577375
0.604175
0.607175
0.63265
0.648775
0.65075
0.65325
0.6609
0.6634
0.678975
0.68275
0.69045
0.7034
0.718025
0.7373
0.7432
0.77555
0.792375
0.794375
0.79535
0.796775
0.797025
0.809425
0.8231
0.8282
0.84105
0.858975
0.864925
0.86525
0.8696
0.870875
0.876725
0.885625
0.888425
0.930525
0.954975
0.9621
0.996
1.02475
1.026725
1.027
1.0291
1.0364
1.089725
1.110575
1.14555
1.172225
1.206525
1.21055
1.219975
1.23705
1.256575
1.2873
1.38065
1.405775
1.42545
1.426375
1.469375
1.642125
1.665275
1.6728
1.678925
1.70135
1.769475
1.80485
1.842725
1.855225
1.86995
1.917075
1.931375
1.95085
2.07185
2.462125
2.518175
2.6342
2.6403
2.641
2.70425
2.718825
2.739275
2.768075
2.812475
2.82015
2.856425
3.0756
3.226
3.2359
3.25855
3.330525
3.5558
3.5565
3.646875
3.652975
3.73985
3.872775
3.89885
3.9402
3.942
3.9638
4.2003
4.2932
4.3587
4.404475
4.607175
4.66295
4.66925
4.8833
117
