0.51725
0.53505
0.5384
0.543
0.5517
0.554925
0.5568
0.557375
0.557775
0.56305
0.57075
0.5753
0.576325
0.58225
0.5826
0.59345
0.600625
0.6046
0.64195
0.6486
0.65295
0.65355
0.654875
0.6579
0.683525
0.7481
0.770125
0.793925
0.80755
0.814025
0.8397
0.85995
0.872925
0.880475
0.91565
0.927175
0.99365
1.0188
1.031625
1.2103
1.2131
1.256325
1.31065
1.391425
1.534575
1.647425
1.689325
1.7074
1.74345
1.785775
1.96825
2.056725
2.068725
2.076525
2.2587
2.2658
2.54765
2.6814
2.908625
2.968925
3.046975
3.049725
3.104325
3.250825
3.440475
3.516725
3.57615
3.7157
3.72985
3.746275
3.86795
4.13265
4.154975
4.3952
4.54105
4.71745
4.722325
4.75905
4.78175
4.98575
80
