0.076725
0.4349
0.510325
0.512275
0.514675
0.5176
0.52845
0.5438
0.54635
0.5865
0.6265
0.6415
0.643525
0.652925
0.658125
0.6717
0.675
0.680325
0.686
0.696525
0.709425
0.7155
0.73565
0.742775
0.770125
0.79185
0.804575
0.805975
0.8145
0.82885
0.8314
0.837125
0.847125
0.858175
0.88915
0.9044
0.914825
0.939875
0.94265
0.9641
0.9659
0.9837
0.99665
1.012625
1.0358
1.049975
1.05735
1.1059
1.134025
1.208925
1.24435
1.302125
1.308975
1.3412
1.343675
1.4382
1.5142
1.557975
1.62285
1.713725
1.7474
1.76985
1.917875
2.17715
2.188925
2.25385
2.358275
2.379075
2.44305
2.491825
2.548625
2.583675
2.904275
2.982825
3.063275
3.064475
3.153875
3.36935
3.38695
3.58365
3.62515
3.80125
3.883475
3.9295
3.946775
3.97105
4.288
4.32925
4.526525
4.613775
4.7667
4.882475
4.944625
4.954525
4.969325
95
