0.523325
0.5356
0.5405
0.544025
0.547925
0.5538
0.558875
0.570525
0.580925
0.647375
0.655825
0.6752
0.67655
0.6792
0.681275
0.684725
0.7093
0.70985
0.724325
0.728775
0.731875
0.738825
0.748425
0.7934
0.797325
0.830825
0.835975
0.843875
0.84955
0.870775
0.883375
0.883925
0.9169
0.941225
0.970825
0.9776
0.99295
1.02875
1.029275
1.07155
1.07885
1.128625
1.165875
1.169575
1.1812
1.302075
1.37595
1.3765
1.4162
1.422925
1.444425
1.4563
1.497
1.642925
1.6951
1.814375
1.870925
1.90175
1.9093
2.022
2.129875
2.146225
2.2425
2.30045
2.496675
2.5129
2.7137
2.737725
2.7656
2.76735
2.7952
2.807225
2.94085
2.9432
3.034025
3.0781
3.152025
3.15495
3.295475
3.3263
3.43375
3.50545
3.5068
3.714125
3.741975
3.818925
3.84415
3.9194
3.933725
3.9807
3.981175
4.091375
4.1171
4.1681
4.185225
4.3139
4.350875
4.7126
4.95995
99
