0.09035
0.155975
0.5128
0.51845
0.5214
0.529325
0.538
0.5394
0.544025
0.54625
0.582125
0.5854
0.592
0.596725
0.61565
0.6212
0.642625
0.7123
0.718725
0.723125
0.737375
0.750625
0.7826
0.793725
0.804975
0.8136
0.83085
0.831875
0.836575
0.8848
0.89015
0.930975
0.9355
0.96765
0.974725
0.979925
1.03135
1.080375
1.0945
1.1416
1.159875
1.17575
1.204575
1.2638
1.295275
1.308025
1.3508
1.354175
1.368575
1.4021
1.4706
1.492275
1.7339
1.915125
1.950775
1.97575
1.97895
2.042925
2.1426
2.16605
2.20115
2.21935
2.24375
2.280925
2.281175
2.282825
2.301125
2.4963
2.57875
2.76315
2.777375
2.779475
2.8601
2.9121
2.931925
3.000725
3.038775
3.206375
3.372175
3.376475
3.478675
3.5353
3.54035
3.5669
3.8282
3.855475
4.097275
4.112075
4.142375
4.276575
4.362825
4.71935
92
