0.36465
0.38095
0.509625
0.54615
0.548325
0.555825
0.5602
0.5655
0.583425
0.589525
0.595275
0.59985
0.61745
0.647175
0.661275
0.665175
0.673
0.693575
0.7007
0.705525
0.717325
0.72365
0.744
0.74655
0.752125
0.766725
0.77375
0.80505
0.8084
0.848975
0.8624
0.864625
0.88975
0.90975
0.9402
0.94845
0.94895
0.9612
0.97375
0.9836
1.0633
1.07265
1.1984
1.201575
1.2025
1.225325
1.24695
1.258475
1.274225
1.291475
1.294725
1.304525
1.3056
1.322
1.374225
1.389375
1.4082
1.4993
1.50155
1.57405
1.614825
1.618525
1.65585
1.67415
1.709125
1.794675
1.881675
1.9117
1.912675
1.944425
1.945025
2.041125
2.042275
2.042725
2.0802
2.084675
2.147925
2.15795
2.26375
2.338475
2.3716
2.45085
2.452475
2.4575
2.48915
2.503875
2.5262
2.5278
2.61875
2.65305
2.665875
2.761475
3.016125
3.0282
3.04565
3.10215
3.174425
3.292325
3.33305
3.337475
3.363125
3.44555
3.52435
3.540525
3.6459
3.6468
3.71915
3.90675
3.989325
4.022025
4.40025
4.418375
4.493825
4.579975
4.6713
4.7444
4.9041
117
