0.218225
0.5038
0.513875
0.515325
0.5157
0.527875
0.52905
0.54425
0.56155
0.571125
0.574825
0.6242
0.6429
0.650325
0.654475
0.68645
0.687725
0.698025
0.709925
0.743375
0.751075
0.75665
0.75855
0.776375
0.80195
0.809825
0.829875
0.83425
0.841275
0.846325
0.848625
0.944125
0.947675
0.95415
0.987875
0.99745
1.0316
1.095575
1.1048
1.15355
1.1549
1.159075
1.18315
1.21305
1.23635
1.28355
1.286725
1.33745
1.354975
1.452875
1.49
1.5511
1.5921
1.6501
1.74845
1.927725
1.9312
1.953925
1.967525
1.97065
2.63385
2.807425
2.91235
2.969125
2.984225
2.99325
3.19985
3.306875
3.417375
3.544075
3.7894
3.82705
3.961525
3.996375
4.207725
4.30915
4.314575
4.3477
4.79825
4.969275
80
