0.001375
0.366225
0.3949
0.501525
0.5139
0.5317
0.544675
0.56035
0.560625
0.57305
0.58085
0.594325
0.59965
0.6087
0.622425
0.6434
0.646375
0.65825
0.65895
0.66915
0.677725
0.69625
0.70155
0.7229
0.73445
0.751725
0.764525
0.766375
0.796725
0.81175
0.8189
0.8349
0.861775
0.927675
0.93675
0.948675
0.949125
0.961675
0.9639
0.976525
0.994875
0.998375
1.0352
1.0461
1.201825
1.310075
1.313225
1.513225
1.58225
1.627175
1.814475
1.8391
1.994875
2.054025
2.2641
2.26765
2.3308
2.4169
2.467425
2.564025
2.707275
2.916275
2.94925
2.950325
2.962475
3.119225
3.18395
3.302025
3.377775
3.384
3.503175
3.5067
3.507
3.66875
4.181325
4.25325
4.288075
4.2888
4.317025
4.3491
4.40185
4.4488
4.541975
4.58575
4.689625
4.93
86
