0.025975
0.331875
0.449775
0.50465
0.508275
0.509525
0.520025
0.535375
0.576275
0.588175
0.58935
0.589625
0.634075
0.646475
0.64815
0.6748
0.675125
0.6857
0.69605
0.69775
0.729275
0.7426
0.75075
0.751775
0.7522
0.771125
0.775325
0.78035
0.78305
0.80805
0.811925
0.823975
0.8376
0.8535
0.864775
0.918725
0.91925
0.93225
0.937325
0.94655
0.9651
0.98055
1.015825
1.04435
1.068725
1.0762
1.156875
1.232
1.2428
1.260225
1.27605
1.445725
1.456425
1.494325
1.519575
1.659475
1.667825
1.750325
1.80505
1.8135
1.821025
1.9408
2.010325
2.140825
2.157675
2.254825
2.280575
2.3941
2.44745
2.45955
2.48325
2.596675
2.62525
2.72205
2.9632
2.98575
3.0735
3.1185
3.251875
3.287875
3.454825
3.6942
3.73965
3.803225
3.9623
4.054225
4.198625
4.2994
4.477825
4.564225
4.77705
91
