0.20505
0.502175
0.503975
0.509375
0.5152
0.52345
0.530325
0.5332
0.5359
0.569425
0.572075
0.58225
0.59775
0.6043
0.61135
0.612525
0.621825
0.622925
0.667925
0.67145
0.684425
0.70095
0.712025
0.714275
0.725475
0.7392
0.74735
0.75365
0.75575
0.78035
0.7915
0.817375
0.83515
0.8368
0.8676
0.872725
0.902475
0.940325
0.9563
0.979225
0.98065
0.994975
1.023925
1.0485
1.060525
1.061325
1.092025
1.0925
1.1882
1.22035
1.22815
1.244625
1.292625
1.316675
1.3368
1.33965
1.38545
1.435975
1.566875
1.5836
1.66995
1.692925
1.7048
1.789025
1.8052
1.8194
1.865975
1.890025
1.97645
1.9967
2.08525
2.11225
2.130075
2.2174
2.266475
2.2783
2.2973
2.30835
2.572225
2.648725
2.86345
2.95855
3.107225
3.113575
3.144825
3.213475
3.257075
3.290175
3.36365
3.4428
3.46025
3.4768
3.57135
3.70635
3.76725
3.86375
4.069025
4.53285
4.614
4.6533
4.760475
4.775925
4.8036
4.979425
104
