0.32285
0.43565
0.50345
0.510525
0.535525
0.549075
0.55045
0.562925
0.5814
0.584725
0.5865
0.596025
0.5984
0.6017
0.60295
0.626425
0.628925
0.6369
0.643675
0.65745
0.6669
0.6709
0.677125
0.677825
0.685125
0.741025
0.74705
0.769625
0.789125
0.811175
0.8161
0.863075
0.865725
0.8698
0.873325
0.8805
0.93905
0.9541
0.95465
0.97865
0.983775
0.987
1.001575
1.020925
1.06385
1.10675
1.115475
1.1512
1.217525
1.255525
1.2936
1.305225
1.326325
1.402775
1.43405
1.49725
1.498625
1.525875
1.6424
1.6845
1.698825
1.748375
1.870925
1.884375
1.97965
1.99985
2.025825
2.081575
2.09995
2.1455
2.2592
2.271625
2.291875
2.40535
2.46195
2.475925
2.5675
2.575075
2.7475
2.798175
3.00145
3.055025
3.23165
3.353325
3.3628
3.41975
3.458725
3.502175
3.52665
3.758275
3.92045
3.962375
3.97125
4.2397
4.327025
4.4103
4.433375
4.464675
4.5573
4.725925
4.89405
101
