0.2439
0.411975
0.5015
0.50535
0.5325
0.584875
0.5879
0.604475
0.612175
0.621575
0.622925
0.636425
0.64135
0.65785
0.6745
0.68385
0.690325
0.741975
0.77845
0.8166
0.8836
0.9048
0.945025
0.959525
0.962175
0.9677
0.98025
1.01355
1.03225
1.052275
1.065475
1.076275
1.0945
1.119575
1.124475
1.150475
1.16435
1.20245
1.2148
1.250375
1.2717
1.306125
1.3123
1.407675
1.41355
1.449875
1.4696
1.48815
1.5027
1.51425
1.55525
1.608675
1.623
1.663175
1.720425
1.768875
1.81885
1.8284
1.88465
1.93695
1.997025
2.0442
2.084425
2.144175
2.146875
2.2317
2.501025
2.75325
2.794
2.80235
2.827175
2.872875
3.032025
3.04335
3.10885
3.123975
3.140575
3.201025
3.23915
3.28035
3.315875
3.49665
3.72905
3.900975
3.9175
4.00795
4.0255
4.13375
4.164825
4.31775
4.361775
4.427275
4.470425
4.61775
4.643
4.73225
4.742425
4.753525
4.895675
4.923275
4.9487
4.991825
102
