0.25825
0.28975
0.471175
0.4845
0.500125
0.527125
0.552025
0.55275
0.556975
0.557125
0.5572
0.575975
0.577075
0.582225
0.5991
0.59965
0.626125
0.647975
0.65355
0.65885
0.66345
0.67295
0.679825
0.69385
0.733075
0.735125
0.743625
0.7514
0.764075
0.789
0.820225
0.82945
0.8356
0.8576
0.8577
0.877175
0.887275
0.895525
0.92145
0.987425
0.989375
0.99155
1.008625
1.017225
1.018425
1.03635
1.042375
1.06295
1.0912
1.098575
1.2587
1.2678
1.27205
1.341425
1.372725
1.40795
1.43015
1.519975
1.6172
1.7366
1.777625
1.790475
1.8018
1.82105
1.836525
1.858975
1.90665
1.9301
1.952625
2.12835
2.241975
2.413325
2.439925
2.470375
2.50695
2.57305
2.726375
2.842
2.8433
2.850225
2.873275
2.88225
2.963825
2.9738
3.06125
3.1636
3.26255
3.291425
3.331025
3.33435
3.442475
3.61885
3.81775
3.841125
4.00905
4.304625
4.3587
4.6569
4.9113
99
