0.3294
0.498775
0.50325
0.5077
0.51645
0.527675
0.54955
0.55235
0.55435
0.55725
0.5578
0.5587
0.564975
0.56865
0.57755
0.584325
0.588175
0.5929
0.6074
0.626675
0.63985
0.6463
0.6483
0.652975
0.663425
0.67575
0.69475
0.698075
0.7181
0.726525
0.7277
0.7362
0.7447
0.76055
0.7608
0.766475
0.808625
0.81085
0.833275
0.848475
0.850375
0.872625
0.8921
0.89285
0.89555
0.92335
0.930225
0.9448
0.949475
0.950075
0.9747
1.000525
1.006325
1.03885
1.0464
1.0586
1.11545
1.1161
1.11685
1.123
1.126625
1.146375
1.159675
1.175025
1.18955
1.2368
1.257
1.34
1.340575
1.3824
1.383525
1.41415
1.518875
1.542575
1.599325
1.648225
1.69085
1.751825
1.77085
2.012725
2.094775
2.123525
2.171
2.1897
2.203425
2.220225
2.2433
2.334875
2.415575
2.461575
2.493425
2.617125
2.646175
2.79305
2.793575
2.82095
2.904225
2.95625
3.144975
3.50195
3.513025
3.8111
3.821075
3.88185
3.9645
4.2566
4.47715
4.478275
4.542275
4.592275
4.88205
111
