0.506225
0.51395
0.5166
0.568025
0.571125
0.592
0.60715
0.665525
0.679
0.681975
0.6934
0.693625
0.69525
0.706925
0.72005
0.737575
0.743475
0.751725
0.754475
0.756725
0.759425
0.76515
0.782775
0.7832
0.814625
0.8348
0.8394
0.843225
0.8751
0.876925
0.894025
0.913075
0.91385
0.929
0.949375
0.952675
0.965625
1.006825
1.025425
1.030825
1.0375
1.0421
1.08165
1.08235
1.091175
1.09805
1.1151
1.1332
1.1365
1.13735
1.152725
1.15425
1.199325
1.209725
1.233325
1.28795
1.29375
1.398975
1.420325
1.4569
1.67095
1.68085
1.6888
1.693475
1.7809
1.785625
1.8141
1.8419
1.941675
1.95645
1.975275
2.160675
2.181475
2.194725
2.239675
2.270425
2.2735
2.285775
2.306325
2.31485
2.3576
2.366425
2.54105
2.548975
2.55695
2.595425
2.622525
2.627125
2.9376
2.94925
2.957175
2.95875
2.964975
3.00285
3.110025
3.2318
3.43355
3.492725
3.571375
3.9718
4.04485
4.0477
4.076225
4.3094
4.50855
4.59165
4.634475
4.7315
4.73235
4.746225
4.88225
4.885525
112
