0.45055
0.50775
0.521375
0.54065
0.5459
0.5476
0.566025
0.56705
0.567475
0.5712
0.57405
0.5788
0.58
0.58125
0.586125
0.60885
0.622775
0.6361
0.638
0.642675
0.6483
0.648925
0.65745
0.6632
0.66795
0.674725
0.68365
0.694425
0.702475
0.709875
0.730325
0.733525
0.746275
0.760775
0.765675
0.77085
0.77905
0.820775
0.8307
0.853325
0.8686
0.897175
0.90615
0.913175
0.925325
0.935275
0.9483
0.993225
1.013525
1.08735
1.13665
1.1484
1.17135
1.267525
1.290225
1.29165
1.307675
1.33065
1.345875
1.40735
1.40835
1.416775
1.436425
1.4701
1.482875
1.515125
1.62465
1.682825
1.701125
1.761125
1.8557
1.881925
1.953375
1.9611
1.976975
1.98835
2.1101
2.13635
2.179625
2.23035
2.24125
2.266575
2.2893
2.33155
2.3597
2.4092
2.448875
2.464475
2.49145
2.680025
2.76995
2.790075
2.844
2.902125
2.9224
2.96815
3.021175
3.05975
3.08495
3.15075
3.175325
3.234675
3.26505
3.2915
3.34
3.349725
3.388075
3.450725
3.627175
3.6382
3.77155
3.78125
3.824725
4.13785
4.153925
4.233125
4.292325
4.461625
4.554
4.59415
4.727225
4.755825
122
