0.1228
0.26805
0.50355
0.5107
0.513825
0.51515
0.528775
0.5309
0.531325
0.53155
0.54165
0.5487
0.5737
0.57415
0.58855
0.607725
0.621375
0.626525
0.65455
0.657725
0.66455
0.6829
0.6875
0.70495
0.714675
0.7413
0.744925
0.772175
0.80475
0.812175
0.871825
0.87785
0.89625
0.899875
0.901425
0.912025
0.93355
0.984425
1.0121
1.0197
1.021825
1.038125
1.044825
1.06945
1.099125
1.10925
1.127775
1.1344
1.1437
1.147175
1.267625
1.281625
1.2952
1.362725
1.47675
1.506875
1.559725
1.560125
1.6109
1.73215
1.7641
1.889925
2.00025
2.019575
2.06715
2.0916
2.319475
2.34965
2.4059
2.598
2.65135
2.710775
2.8164
2.8873
3.037075
3.1444
3.1478
3.205425
3.2516
3.566125
3.607075
3.63185
3.653875
3.745675
3.846675
3.901775
3.940275
3.9429
4.180975
4.36855
4.37275
4.40515
4.532375
4.600575
94
