0.51225
0.5123
0.52415
0.526625
0.5283
0.528425
0.5322
0.537325
0.5626
0.570775
0.5726
0.576925
0.578525
0.600975
0.6319
0.6811
0.70395
0.7056
0.70755
0.72925
0.734475
0.77575
0.824675
0.85745
0.879675
0.879875
0.884625
0.888275
0.9065
0.908
0.9148
0.9218
0.956325
0.9589
0.9624
0.991
1.02205
1.033675
1.0494
1.051425
1.092825
1.104775
1.134925
1.17805
1.203725
1.2255
1.22745
1.257875
1.263
1.28795
1.3229
1.345975
1.4355
1.47565
1.568425
1.802275
1.869575
1.871975
2.0918
2.130625
2.1328
2.267375
2.355825
2.3592
2.396725
2.4428
2.583275
2.6284
2.831
2.997275
3.008025
3.166775
3.237775
3.30105
3.443075
3.696125
3.802875
4.2569
4.5654
4.651675
80
