0.244725
0.504325
0.5118
0.51365
0.520525
0.551375
0.5554
0.564625
0.5678
0.567925
0.570575
0.576075
0.58775
0.623075
0.6236
0.624525
0.63075
0.6311
0.642475
0.673625
0.675775
0.6874
0.70055
0.704975
0.76445
0.7708
0.787775
0.82695
0.841575
0.86535
0.870075
0.871075
0.8976
0.902575
0.916225
0.921175
0.932525
0.94875
1.060425
1.062425
1.10365
1.121725
1.12685
1.127725
1.136025
1.161225
1.169275
1.18965
1.2361
1.2691
1.2765
1.3345
1.339775
1.34555
1.384475
1.4159
1.452525
1.459275
1.514875
2.0648
2.168425
2.224975
2.298425
2.35355
2.3993
2.442775
2.469775
3.0042
3.026725
3.0298
3.062725
3.183025
3.219825
3.266775
3.446225
3.49215
3.812175
3.8185
4.009825
4.0662
4.440575
4.525025
4.597725
4.635675
4.658875
4.750425
86
