0.2365
0.504075
0.51235
0.5151
0.5237
0.531775
0.5347
0.534825
0.542125
0.56115
0.56205
0.569275
0.601325
0.607925
0.634475
0.63695
0.64
0.64835
0.651875
0.67305
0.67335
0.690675
0.7105
0.7188
0.721375
0.72945
0.7432
0.7454
0.745425
0.74955
0.804275
0.83435
0.837525
0.8541
0.8766
0.89585
0.906825
0.946625
0.9482
0.949175
0.95405
0.9959
0.998975
1.143
1.144975
1.3593
1.373425
1.422025
1.430525
1.512675
1.552425
1.591625
1.64105
1.64625
1.75215
1.849675
1.86245
1.866825
1.9563
2.0462
2.076075
2.088375
2.11115
2.19735
2.308525
2.320225
2.3251
2.395875
2.5099
2.544175
2.73885
2.8561
2.966425
3.050975
3.051475
3.09735
3.236275
3.433175
3.66665
3.817275
3.96415
4.1926
4.212425
4.465375
4.54955
4.570725
4.610275
4.720175
4.74275
4.807925
4.835875
4.870925
4.955625
93
