0.5326
0.535825
0.56795
0.569425
0.596875
0.603875
0.61075
0.63235
0.646125
0.66635
0.685775
0.690125
0.696125
0.71535
0.732525
0.786575
0.793725
0.829325
0.832725
0.833525
0.852375
0.9129
0.931325
0.95475
0.9691
1.0454
1.079075
1.126425
1.151875
1.15205
1.2155
1.320225
1.404675
1.414125
1.44695
1.464425
1.6241
1.656175
1.666725
1.692775
1.6996
1.7907
1.90055
1.978725
2.0132
2.0644
2.1151
2.134
2.14125
2.18115
2.19555
2.292875
2.306525
2.378975
2.511075
2.547425
2.757275
2.82975
2.8413
2.920625
2.932025
3.027475
3.03465
3.0418
3.16375
3.3825
3.56405
3.714525
3.805175
3.9357
4.04385
4.14015
4.458025
4.803825
4.8049
75
