0.504225
0.507775
0.516175
0.53415
0.537975
0.546725
0.54925
0.551
0.5518
0.565125
0.572675
0.5927
0.60925
0.6279
0.63075
0.640175
0.640525
0.6531
0.658325
0.65865
0.6599
0.685875
0.698875
0.70735
0.74775
0.773825
0.774825
0.77695
0.809925
0.818225
0.83285
0.88
0.8838
0.883975
0.92555
0.928525
0.961
0.9822
0.984725
0.99175
1.0006
1.037625
1.038475
1.040125
1.045225
1.05275
1.059075
1.095725
1.1028
1.13555
1.1382
1.187975
1.200475
1.204075
1.220625
1.230775
1.2377
1.2548
1.3321
1.47155
1.51865
1.55045
1.56
1.608675
1.64025
1.685575
1.6971
1.741175
1.741575
1.836775
1.8436
2.10205
2.12735
2.13625
2.242375
2.285175
2.307775
2.3365
2.5279
2.601175
2.683
2.69545
2.820675
2.938425
2.962925
2.980425
3.015875
3.150625
3.1788
3.184325
3.388425
3.581825
3.64665
3.694125
3.783125
3.832675
3.86485
3.9099
4.296475
4.33505
4.341525
4.39285
4.422775
4.5527
4.771325
4.837725
4.858775
4.888125
4.9028
109
