0.1165
0.4943
0.50345
0.5114
0.523775
0.525175
0.5372
0.537975
0.54165
0.545475
0.5461
0.5557
0.56465
0.566425
0.58245
0.58825
0.604
0.6213
0.6219
0.628175
0.633175
0.639475
0.673
0.682125
0.684325
0.690625
0.71175
0.7489
0.758775
0.76625
0.777125
0.812625
0.814175
0.82065
0.82975
0.852375
0.854325
0.860375
0.86135
0.8651
0.86665
0.88495
0.93445
0.939725
0.9685
0.9882
0.997125
1.0529
1.07795
1.143875
1.203425
1.22625
1.233975
1.252
1.284375
1.28745
1.3248
1.346275
1.3499
1.3756
1.39025
1.58555
1.6648
1.734075
1.76545
1.81745
1.8429
1.8677
2.022675
2.023
2.05735
2.155375
2.27895
2.3092
2.46705
2.5789
2.600775
2.7506
2.818975
2.820425
2.850125
2.895725
2.901375
3.130675
3.211975
3.25215
3.4574
3.558475
3.735
3.865525
3.944175
4.12825
4.387025
4.45065
4.451225
4.54465
4.58035
4.802275
4.85615
4.8573
4.9869
101
