0.14605
0.20325
0.20415
0.504525
0.50645
0.5167
0.51845
0.530925
0.5424
0.55135
0.55165
0.582125
0.5859
0.5959
0.609175
0.609925
0.623475
0.646875
0.65475
0.6586
0.673
0.68995
0.693725
0.7011
0.701275
0.72195
0.73265
0.740925
0.769325
0.79155
0.797075
0.83205
0.8355
0.872025
0.878425
0.880775
0.882725
0.912925
0.919175
0.920675
0.966325
0.976675
0.980525
1.0065
1.010175
1.038075
1.0553
1.07445
1.084475
1.1193
1.12975
1.24225
1.25375
1.27305
1.299775
1.4118
1.529375
1.57805
1.740175
1.819525
1.981225
2.066125
2.25705
2.2741
2.420425
2.423075
2.51265
2.6097
2.62705
2.63345
2.650525
2.6865
2.763075
2.993475
3.0654
3.1257
3.27735
3.3738
3.4426
3.495525
3.591275
3.63415
3.792225
3.8044
3.8164
3.8471
3.889725
3.971925
4.02435
4.028125
4.128425
4.238275
4.242375
4.32495
94
