0.17865
0.3843
0.5067
0.529625
0.53445
0.53625
0.53645
0.54925
0.552975
0.5566
0.5718
0.59445
0.5965
0.606325
0.611825
0.636075
0.6384
0.646075
0.66355
0.691875
0.71085
0.728625
0.764325
0.80005
0.828175
0.94585
0.986875
1.010775
1.0248
1.1116
1.168725
1.17325
1.2066
1.23195
1.29785
1.30655
1.31815
1.3996
1.39995
1.40545
1.409725
1.51715
1.539525
1.55295
1.641175
1.729375
1.743025
1.8037
1.82295
1.851175
1.9496
1.97025
1.99505
2.0102
2.041075
2.067125
2.144125
2.15215
2.238125
2.34005
2.403625
2.4402
2.45735
2.457575
2.4941
2.5544
2.5554
2.558025
2.628575
2.650025
2.6707
2.738175
2.760475
2.8051
2.8197
2.954225
3.044825
3.1349
3.209975
3.248825
3.298625
3.40745
3.437125
3.47555
3.59225
3.76915
3.83515
3.876175
4.1255
4.143575
4.310925
4.41805
4.703625
4.85395
94
