0.5119
0.514875
0.517875
0.537925
0.553225
0.576675
0.581675
0.592575
0.5942
0.5982
0.6015
0.60975
0.61845
0.626725
0.637975
0.652725
0.656775
0.66175
0.662275
0.6735
0.68065
0.68505
0.71105
0.71545
0.719275
0.725775
0.728425
0.728925
0.75645
0.758425
0.76855
0.79675
0.811775
0.812425
0.817425
0.843975
0.85335
0.860525
0.8864
0.8959
0.906
0.9216
0.934825
0.939825
0.9405
0.98735
1.01135
1.1132
1.130075
1.1461
1.14935
1.1568
1.171375
1.19965
1.293525
1.348
1.368325
1.44315
1.5193
1.5386
1.5405
1.541775
1.71645
1.852725
1.9171
2.02275
2.1293
2.2993
2.4329
2.434775
2.502775
2.553675
2.621175
2.6245
2.705225
2.821675
2.825075
2.833425
2.876425
2.957975
3.06375
3.117725
3.3198
3.43095
3.49585
3.5093
3.6572
3.738725
3.762725
3.8119
3.85255
3.912375
3.946775
3.9946
4.118625
4.46315
4.51895
4.9288
4.9921
99
