0.355475
0.501275
0.506025
0.506075
0.527775
0.530925
0.531375
0.5323
0.54205
0.56265
0.5704
0.5728
0.593575
0.613025
0.618075
0.621975
0.625125
0.6493
0.67185
0.688275
0.7065
0.70925
0.71975
0.747825
0.78015
0.835375
0.840425
0.84975
0.857625
0.890875
0.9135
0.9146
0.925975
0.929
0.954825
0.962475
0.9669
0.976
0.982375
0.9858
1.019225
1.04175
1.04885
1.0542
1.0831
1.210175
1.234175
1.258
1.262875
1.299575
1.377825
1.388275
1.4301
1.452
1.469675
1.4793
1.490325
1.4977
1.50355
1.636225
1.69265
1.763475
1.784275
1.842175
1.8624
1.9344
2.267575
2.292775
2.3069
2.31235
2.329075
2.3856
2.4689
2.497075
2.51455
2.623325
2.7343
2.762075
2.7744
2.783975
2.887825
2.952375
2.97445
3.1305
3.1929
3.20285
3.20965
3.229425
3.3509
3.377775
3.453525
3.483375
3.511175
3.604675
3.607275
3.641125
3.915475
4.080475
4.128925
4.1543
4.1977
4.627475
4.69105
4.69315
104
