0.479925
0.48625
0.52395
0.52755
0.546125
0.54935
0.565275
0.56535
0.6066
0.60815
0.610925
0.61905
0.62475
0.654325
0.672025
0.678775
0.68875
0.68955
0.690775
0.71685
0.7277
0.735
0.754325
0.7548
0.7591
0.7757
0.78365
0.785925
0.8091
0.8514
0.866725
0.90215
0.955725
0.958475
0.9789
0.996075
1.01245
1.024375
1.0642
1.0664
1.124925
1.137375
1.163675
1.217
1.298525
1.3456
1.48885
1.643675
1.720825
1.786475
1.798025
1.8097
1.866225
1.869925
1.890275
1.919575
1.9269
1.94995
2.031725
2.13955
2.15375
2.2023
2.2227
2.407175
2.417975
2.46025
2.56485
2.57495
2.606525
2.6309
2.712975
2.888025
2.94355
3.044
3.068325
3.098275
3.201425
3.299075
3.489825
3.58475
3.6055
3.611175
3.76235
3.895475
3.907875
3.945025
4.0874
4.096975
4.097575
4.122575
4.1285
4.15275
4.295025
4.5216
4.718075
4.801825
4.80615
97
