0.054975
0.421425
0.502175
0.507875
0.5296
0.53035
0.532775
0.547
0.573075
0.5822
0.604725
0.620375
0.631125
0.65455
0.659
0.664425
0.68615
0.691525
0.6933
0.6938
0.725
0.7272
0.7606
0.7637
0.77645
0.777
0.82175
0.822225
0.84245
0.92075
0.929725
0.998675
1.006575
1.00925
1.031675
1.037275
1.0382
1.04585
1.048475
1.05235
1.053
1.06825
1.10755
1.109575
1.11515
1.1238
1.15575
1.1647
1.16595
1.25505
1.2585
1.3761
1.455925
1.4776
1.48525
1.518675
1.576375
1.62325
1.66805
1.685325
1.894025
1.92895
1.99185
2.021125
2.1137
2.22165
2.323475
2.3831
2.403275
2.4075
2.409975
2.532775
2.55035
2.6179
2.6203
2.9105
2.912825
3.090675
3.159675
3.196075
3.3287
3.370125
3.573075
3.61645
3.678225
3.704375
4.136725
4.22285
4.30025
4.328125
4.331525
4.407225
4.638925
4.8014
4.861775
4.996975
96
