0.009525
0.070825
0.11815
0.48975
0.50165
0.508925
0.520775
0.55115
0.5523
0.553275
0.55865
0.565275
0.573225
0.612225
0.6156
0.632975
0.642225
0.64765
0.648675
0.67175
0.6775
0.70575
0.755125
0.7565
0.7766
0.785175
0.8203
0.847975
0.910725
0.912
0.9266
0.939675
1.0303
1.06175
1.06215
1.08855
1.173
1.183075
1.211425
1.2209
1.265175
1.346375
1.35205
1.48815
1.6328
1.6864
1.71295
1.7732
1.9166
1.926475
2.0285
2.0288
2.0626
2.1183
2.152725
2.18535
2.245725
2.319075
2.380675
2.4757
2.55445
2.59365
2.656575
2.716625
2.83605
2.878075
2.899325
2.927125
2.969825
3.0072
3.103475
3.127375
3.16535
3.34575
3.458025
3.5099
3.723225
3.727725
3.748
3.808525
3.968075
4.409225
4.4117
4.84555
4.84905
4.85705
4.9384
87
