0.14615
0.320925
0.5137
0.516175
0.522225
0.52275
0.5334
0.537025
0.5423
0.5439
0.55015
0.552875
0.5598
0.56665
0.571225
0.59205
0.61355
0.616975
0.650625
0.6507
0.674275
0.69785
0.707175
0.710875
0.712925
0.727775
0.75415
0.756975
0.7573
0.80095
0.806175
0.84265
0.8769
0.883275
0.901925
0.9164
0.95615
0.9667
1.009875
1.058175
1.063
1.1181
1.1223
1.166675
1.209375
1.22205
1.24115
1.273975
1.34075
1.355125
1.3576
1.39175
1.419275
1.4935
1.656475
1.7795
1.809725
1.8343
1.910475
2.11705
2.11775
2.152725
2.230525
2.3336
2.465075
2.497775
2.575275
2.610275
2.63085
2.7403
2.7731
2.971175
3.0119
3.130825
3.2764
3.301925
3.31665
3.330975
3.349625
3.378
3.521725
3.5723
3.814925
3.88545
3.943825
3.95475
3.99045
4.0685
4.1005
4.20095
4.450925
4.605425
4.971775
4.9919
94
