0.036425
0.09655
0.1695
0.511725
0.5805
0.583425
0.583725
0.599825
0.600825
0.60145
0.603175
0.614075
0.619725
0.623225
0.635925
0.669125
0.692275
0.6952
0.7185
0.7261
0.737925
0.74735
0.788025
0.802625
0.80445
0.811225
0.8474
0.853775
0.866975
0.87205
0.87415
0.912625
0.935725
0.951825
0.955675
1.0177
1.051625
1.053325
1.0977
1.10695
1.1344
1.175275
1.1765
1.202975
1.251925
1.253775
1.254225
1.347375
1.438525
1.44745
1.485
1.498075
1.59855
1.8237
1.92565
1.9465
1.9468
1.950125
2.061975
2.0949
2.1106
2.14285
2.1434
2.1676
2.254475
2.4113
2.439725
2.522925
2.555625
2.6005
2.757175
2.965075
3.3003
3.57905
3.643575
3.71825
3.7537
3.8807
3.90295
3.996825
4.248875
4.323375
4.495775
4.565875
4.63485
4.652175
86
