0.1832
0.506975
0.51685
0.52755
0.529625
0.5368
0.6004
0.602175
0.6055
0.6372
0.66445
0.670925
0.6856
0.696825
0.71065
0.725525
0.739175
0.745775
0.823975
0.837375
0.858175
0.8652
0.872925
0.963975
0.973575
0.9899
0.992725
0.995325
1.0256
1.032725
1.039775
1.071075
1.07315
1.074825
1.106325
1.12785
1.148025
1.148825
1.16435
1.199625
1.208325
1.22825
1.2534
1.274975
1.29275
1.30905
1.369225
1.38215
1.398325
1.471425
1.51355
1.531575
1.660675
1.679625
1.79955
1.828175
1.900325
1.97225
2.01285
2.01705
2.044675
2.177
2.218875
2.3204
2.3389
2.374625
2.415675
2.625575
2.7119
2.83915
2.8946
2.913675
2.982275
3.058725
3.096925
3.1808
3.22165
3.505175
3.5555
3.6198
3.7219
3.752825
3.88055
4.17565
4.2885
4.461275
4.7391
4.942825
88
