0.501425
0.52585
0.537575
0.545
0.553625
0.55425
0.569675
0.58465
0.589025
0.59735
0.6169
0.62605
0.655625
0.672675
0.675225
0.701375
0.7049
0.723975
0.7334
0.74905
0.782775
0.8178
0.81965
0.8216
0.835325
0.8382
0.85295
0.881025
0.8824
0.891225
0.916125
0.9308
0.946725
0.947475
0.96345
0.96775
1.051075
1.075225
1.087925
1.0956
1.117075
1.1227
1.1603
1.1634
1.1833
1.256475
1.291375
1.293175
1.30505
1.4432
1.46145
1.52025
1.625925
1.632525
1.6381
1.918275
1.971225
2.036075
2.111525
2.2256
2.27615
2.291925
2.456225
2.56535
2.882025
2.907125
2.980375
2.983425
2.98545
3.01445
3.03355
3.180175
3.226825
3.36515
3.428875
3.4381
3.5042
3.539775
3.695725
3.729825
3.846975
4.05605
4.103825
4.2723
4.28075
4.323625
4.47045
4.6037
4.9165
89
