0.09035
0.396575
0.50595
0.510475
0.511
0.5213
0.570325
0.5738
0.581075
0.586425
0.59315
0.59715
0.5977
0.6067
0.60825
0.61695
0.623675
0.63215
0.652
0.66725
0.67715
0.680825
0.688125
0.722725
0.7267
0.7297
0.742975
0.759175
0.792725
0.803725
0.807875
0.8196
0.822025
0.84185
0.88905
0.914425
0.924225
1.029125
1.02985
1.03075
1.199025
1.227675
1.247275
1.247875
1.26365
1.285925
1.33735
1.37055
1.379125
1.389625
1.437775
1.510325
1.512775
1.56205
1.613725
1.7028
1.813925
1.879125
1.91345
1.920275
1.969
2.080725
2.237925
2.2704
2.287775
2.29185
2.2928
2.469925
2.59725
2.634225
2.652475
2.7145
2.848725
2.889125
3.0923
3.15235
3.182775
3.466275
3.46795
3.580825
3.79855
3.969375
4.090275
4.09225
4.113575
4.124675
4.344675
4.598125
4.7255
89
