0.244425
0.355
0.386075
0.4424
0.515875
0.516425
0.527825
0.5354
0.545625
0.571525
0.58005
0.592125
0.6171
0.623
0.630625
0.6321
0.66975
0.685
0.68665
0.687625
0.720975
0.722425
0.734575
0.75425
0.76865
0.77395
0.833025
0.83385
0.865075
0.872725
0.877975
0.887225
0.902475
0.909775
0.9203
0.92335
0.937775
0.956175
0.968875
0.971775
0.97815
0.978675
1.000725
1.07735
1.083
1.09085
1.1173
1.1259
1.12715
1.137375
1.177325
1.226175
1.254375
1.334325
1.403725
1.40855
1.473275
1.496125
1.536275
1.566375
1.69785
1.733825
1.8177
1.922
2.058275
2.1536
2.3753
2.384025
2.484775
2.511525
2.6825
2.837075
2.854425
2.916
2.932775
2.9887
3.00355
3.018525
3.04765
3.25085
3.2978
3.5474
3.624325
3.691275
3.6949
3.78635
3.800425
3.866425
3.901475
4.206925
4.460225
4.983325
92
