0.303575
0.495425
0.531325
0.533025
0.566375
0.584
0.594075
0.60655
0.641925
0.6662
0.666475
0.6875
0.694625
0.757375
0.77995
0.79215
0.8031
0.805925
0.8068
0.81115
0.815325
0.817275
0.83625
0.918575
0.9244
0.943225
0.95105
1.0006
1.02665
1.058525
1.131875
1.21095
1.301475
1.3135
1.356875
1.381075
1.394075
1.419725
1.512825
1.52595
1.562075
1.70285
1.716575
1.762075
1.887075
1.893675
1.91325
2.1103
2.1878
2.37115
2.40125
2.410075
2.514125
2.57865
2.71325
2.7339
2.7719
2.89455
2.9683
2.978575
3.171875
3.28075
3.302325
3.4309
3.52225
3.679275
3.8879
3.9002
3.955075
4.052775
4.160675
4.37055
4.4998
4.55105
4.6144
4.633125
4.6928
4.7251
4.9291
4.944775
4.9777
4.978125
82
