0.10635
0.150325
0.222725
0.222975
0.32385
0.33105
0.505
0.5253
0.5294
0.54125
0.544475
0.563725
0.5719
0.5893
0.61085
0.631
0.631275
0.634225
0.663375
0.670375
0.671425
0.6998
0.703325
0.738475
0.756225
0.80745
0.81845
0.8369
0.880225
0.900675
0.9015
0.9368
0.955925
1.0104
1.038875
1.05555
1.0631
1.120075
1.1248
1.1322
1.14215
1.145225
1.145275
1.18595
1.24645
1.258825
1.31255
1.33805
1.412425
1.42715
1.483925
1.484575
1.611875
1.659475
1.7162
1.78255
1.800975
1.9503
1.95205
2.041025
2.10455
2.1493
2.215225
2.29825
2.501275
2.514625
2.60615
2.618025
2.777425
2.7998
3.059875
3.07135
3.071775
3.10405
3.2626
3.281325
3.3582
3.4488
3.4648
3.497
3.506675
3.61095
3.769825
3.833775
3.86165
3.9246
4.02685
4.030025
4.091375
4.331375
4.3691
4.371975
4.41875
4.468075
4.501725
4.62825
4.67275
97
