0.52305
0.5265
0.54095
0.562
0.576425
0.5778
0.57885
0.591475
0.603775
0.624575
0.6318
0.6333
0.64085
0.670775
0.6796
0.698425
0.703075
0.7227
0.729475
0.735375
0.758275
0.768225
0.771375
0.784525
0.79045
0.796375
0.8916
0.899825
0.90845
0.90905
0.935625
0.938425
0.976825
0.9887
1.011275
1.012
1.012275
1.08315
1.127125
1.21755
1.2373
1.241275
1.35225
1.373875
1.38165
1.382225
1.470925
1.559675
1.5602
1.82025
1.8759
2.025175
2.093625
2.1995
2.339525
2.435875
2.52035
2.548225
2.575025
2.59905
2.756675
3.28585
3.3687
3.41115
3.5739
3.7113
3.795325
3.8544
4.023075
4.150925
4.1548
4.34915
4.40975
4.410675
4.41735
4.43245
4.580275
4.696975
4.701875
4.726825
4.8913
81
