0.0665
0.505075
0.505675
0.524325
0.56465
0.56565
0.577225
0.5806
0.591925
0.59475
0.603875
0.60685
0.637725
0.6505
0.650925
0.670975
0.68165
0.683975
0.686975
0.6946
0.70135
0.704775
0.7162
0.72125
0.73535
0.7412
0.7594
0.771225
0.776625
0.797075
0.82125
0.8229
0.8302
0.883225
0.921725
0.9508
0.969
0.9726
1.02435
1.0463
1.060475
1.1212
1.18
1.1894
1.19525
1.23555
1.250375
1.281375
1.29505
1.374925
1.377325
1.3982
1.45815
1.48145
1.498925
1.613875
1.6166
1.99305
2.10795
2.1518
2.16525
2.211075
2.454125
2.534675
2.5543
2.609825
2.68275
2.71095
2.764925
2.766
2.8849
2.88565
3.032425
3.12565
3.204625
3.23085
3.353425
3.54105
3.598525
3.861575
3.98415
4.023625
4.046175
4.349075
4.5309
4.983925
86
