0.0536
0.104925
0.282625
0.305925
0.437475
0.48085
0.48215
0.48345
0.493725
0.498375
0.520525
0.527
0.527625
0.5753
0.57865
0.588025
0.5906
0.595125
0.6137
0.618425
0.626525
0.6348
0.63605
0.640525
0.65255
0.671275
0.6885
0.6908
0.69105
0.71575
0.721575
0.7221
0.735625
0.74575
0.758025
0.772525
0.7736
0.79055
0.7976
0.810425
0.8111
0.81385
0.820625
0.836975
0.83995
0.8657
0.872975
0.897225
0.928525
0.9478
0.95765
0.99295
1.001325
1.070425
1.115825
1.1334
1.14765
1.1824
1.200125
1.20105
1.202725
1.20645
1.21005
1.243625
1.259625
1.310925
1.326725
1.342525
1.36125
1.3701
1.3805
1.38265
1.397575
1.4009
1.4155
1.42515
1.436825
1.478775
1.499825
1.5242
1.5255
1.537475
1.551675
1.562625
1.710825
1.727425
1.7822
1.809
1.816775
1.902625
1.904125
1.923575
1.95505
1.978575
1.98455
2.0341
2.065325
2.215175
2.225475
2.22575
2.30265
2.32095
2.38495
2.446025
2.476625
2.503525
2.54765
2.5619
2.636625
2.64025
2.729675
2.74945
2.771
2.798225
2.8572
2.875725
2.87805
2.88355
2.914225
2.9227
2.940975
3.114975
3.156225
3.254475
3.262475
3.281675
3.577075
3.602975
3.610725
3.62565
3.662875
3.76575
4.034575
4.176075
4.19065
4.2215
4.259675
4.267325
4.317075
4.364625
4.428325
4.435825
4.448575
4.54265
4.55175
4.57115
4.57215
4.5908
4.64115
4.714825
4.82675
4.8919
5.0681
5.077425
5.136375
5.146725
5.155825
5.258225
5.30465
5.41945
5.4457
5.510525
5.5895
5.599875
5.7346
5.744325
5.9735
6.07905
6.11185
6.235475
6.26715
6.30095
6.305625
6.316275
6.31765
6.32745
6.382425
6.45765
6.480675
6.732125
6.801
7.08635
7.1044
7.134025
7.14985
7.235725
7.2797
7.54105
7.6037
7.7881
7.8888
7.898775
7.985025
8.31705
8.362475
8.442125
8.450275
8.58735
8.603225
8.657625
8.6738
8.730025
8.780675
8.864125
8.96145
8.99295
9.160775
9.217175
9.3146
9.3677
9.37005
9.41055
9.5953
9.761625
9.797
9.8095
9.83795
9.924
9.99205
219
