0.127975
0.1533
0.325725
0.421875
0.4434
0.456175
0.45915
0.4697
0.4832
0.496925
0.502625
0.506725
0.510875
0.51195
0.51995
0.524025
0.529975
0.5301
0.531925
0.5367
0.537325
0.560525
0.56595
0.5674
0.574
0.5795
0.592075
0.59615
0.606025
0.60785
0.618225
0.624525
0.6341
0.646775
0.651425
0.664175
0.677125
0.680575
0.690975
0.70855
0.716525
0.7223
0.722525
0.7335
0.75365
0.76255
0.773925
0.781225
0.787275
0.7994
0.802325
0.8102
0.816975
0.829325
0.8337
0.839825
0.8477
0.862925
0.880625
0.9444
0.9452
0.95465
0.959125
0.97855
0.999425
1.036725
1.045075
1.051375
1.051425
1.05735
1.060575
1.07235
1.1097
1.16295
1.18365
1.190925
1.203525
1.2142
1.2213
1.2563
1.3154
1.37535
1.406725
1.43075
1.43235
1.4688
1.506425
1.5083
1.583325
1.659975
1.736475
1.76835
1.84215
1.861225
1.89375
1.8952
1.9071
1.957175
1.990625
2.019675
2.02025
2.02145
2.0717
2.1398
2.166075
2.1662
2.1896
2.25095
2.25855
2.26845
2.50615
2.54
2.59285
2.8104
2.9826
3.00935
3.01955
3.055975
3.0931
3.124325
3.135825
3.21105
3.2286
3.238875
3.32925
3.337525
3.38835
3.449825
3.48455
3.528375
3.546925
3.559625
3.626825
3.64145
3.723325
3.73425
3.741025
3.824425
3.916025
3.927875
3.96725
4.0571
4.113525
4.135025
4.326775
4.333225
4.3944
4.401625
4.413975
4.47295
4.492225
4.564325
4.57305
4.606
4.6616
4.74075
4.87065
4.98515
5.05645
5.0787
5.087425
5.153925
5.158925
5.188925
5.290625
5.385425
5.398075
5.443325
5.447
5.489625
5.5023
5.51975
5.70285
5.891325
6.0735
6.36905
6.3741
6.377275
6.549825
6.6996
6.71805
6.801475
6.807225
6.824375
6.979
6.98765
7.03415
7.167125
7.234875
7.436925
7.4555
7.57965
7.60365
7.6662
7.6897
7.689775
7.6914
7.83345
7.843075
7.88515
7.890975
8.0091
8.01255
8.053375
8.0584
8.078175
8.2198
8.230425
8.3851
8.461225
8.5295
8.545325
8.58075
8.658175
8.681375
8.6985
8.7118
8.742075
8.781225
8.953375
8.972925
9.231175
9.275825
9.279325
9.323475
9.34855
9.38375
227
