0.049325
0.12135
0.176775
0.192025
0.375125
0.4692
0.492375
0.495925
0.50955
0.525575
0.538075
0.540275
0.541775
0.550575
0.554175
0.554425
0.5788
0.581925
0.590775
0.59565
0.6069
0.615825
0.62015
0.624225
0.6618
0.678775
0.6863
0.70685
0.710625
0.719075
0.76835
0.771425
0.772175
0.80015
0.84175
0.842425
0.89875
0.925875
0.92695
0.978625
0.9825
0.99195
1.019225
1.055675
1.08705
1.10045
1.122525
1.1263
1.1288
1.1406
1.177
1.1783
1.19135
1.254525
1.269525
1.324925
1.370675
1.3781
1.38135
1.470075
1.47305
1.473475
1.555925
1.754825
1.759375
1.75985
1.795025
1.84575
1.862625
1.877375
1.94455
2.000625
2.057025
2.06795
2.0894
2.108225
2.147525
2.152775
2.3034
2.339575
2.388625
2.461175
2.508525
2.6132
2.619275
2.6214
2.7326
2.732725
2.749675
2.8958
3.1256
3.161
3.17935
3.1812
3.182425
3.259825
3.424475
3.589175
3.5954
3.70465
3.73955
3.749925
3.77595
3.797525
3.81455
3.85185
3.8685
3.91715
3.995275
4.0352
4.069
4.1669
4.293275
4.31955
4.34475
4.3762
4.4854
4.5984
4.6703
4.7069
4.788675
4.80775
4.855725
4.918525
4.954325
4.9991
5.0428
5.107975
5.117325
5.1475
5.17405
5.17715
5.2402
5.296975
5.352625
5.501325
5.6416
5.696025
5.7071
5.767075
5.85635
5.8608
5.955725
6.0011
6.027675
6.11115
6.240575
6.328875
6.548825
6.605375
6.607475
6.63305
6.69935
6.6995
6.77455
6.817925
6.92515
6.93535
7.000925
7.0376
7.148725
7.176225
7.197875
7.399375
7.4854
7.4998
7.56475
7.665775
7.782325
7.798025
7.834075
7.915225
8.13455
8.146975
8.2101
8.27955
8.3749
8.595875
8.916675
8.9951
9.0128
9.06255
9.069325
9.185025
9.29635
9.334525
9.367575
9.3901
9.53405
9.5515
9.581225
9.584475
9.605025
9.723725
9.836725
9.837425
9.977475
9.982875
198
