0.018825
0.1314
0.1651
0.212225
0.2279
0.28395
0.41885
0.4827
0.496375
0.5005
0.504775
0.51465
0.52025
0.522475
0.53145
0.53435
0.53455
0.586425
0.60945
0.6474
0.64835
0.6511
0.65655
0.6679
0.672425
0.68555
0.718975
0.72985
0.7537
0.7652
0.77
0.7722
0.7898
0.80595
0.845
0.87245
0.881
0.887575
0.89805
0.9128
0.915225
0.937075
0.93855
0.954
0.96365
0.966875
0.97605
0.97665
0.9853
0.9904
0.99415
1.006275
1.00925
1.015925
1.05575
1.058225
1.07675
1.0841
1.095875
1.107
1.1344
1.135225
1.184625
1.210525
1.22505
1.225675
1.256375
1.257775
1.270425
1.273075
1.291
1.2947
1.31415
1.332775
1.34915
1.3597
1.37085
1.3772
1.478675
1.48695
1.648075
1.751725
1.77105
1.7804
1.79125
1.86635
1.87435
1.990975
2.09395
2.1023
2.184875
2.2015
2.30895
2.318275
2.3768
2.51495
2.602575
2.616925
2.619075
2.660825
2.68645
2.705175
2.78695
2.81115
2.95535
2.96455
3.018425
3.045725
3.12465
3.15085
3.157725
3.158525
3.246375
3.2875
3.3028
3.3392
3.357075
3.364075
3.385075
3.44185
3.56295
3.574775
3.59195
3.63385
3.710275
3.753575
3.821325
3.825475
3.84295
3.88955
3.94845
3.99195
4.12265
4.13995
4.15825
4.231125
4.23915
4.306075
4.340375
4.341125
4.354925
4.41715
4.47325
4.529625
4.55905
4.683275
4.6963
4.7464
4.760675
4.8502
4.921175
4.92555
4.9328
5.0068
5.043475
5.413725
5.4359
5.449225
5.53755
5.612025
5.656475
5.720825
5.82385
5.858125
5.9444
5.97425
6.0146
6.0424
6.139975
6.1566
6.252575
6.310425
6.359525
6.40575
6.425675
6.6093
6.665925
6.6905
6.697875
6.75875
6.865225
6.8954
6.8964
6.987875
7.07525
7.125775
7.1944
7.266975
7.504675
7.505025
7.609325
7.6193
7.887275
8.008375
8.018625
8.057725
8.090475
8.113825
8.140325
8.19575
8.1975
8.315625
8.6172
8.693875
8.807575
8.815875
8.91055
8.951875
9.01645
9.115975
9.135625
9.17795
9.27365
9.340575
9.387875
9.4425
9.479825
9.6909
9.74195
9.779325
9.798375
221
