0.035975
0.036175
0.048275
0.204825
0.22215
0.3557
0.414825
0.415675
0.449525
0.4542
0.462875
0.48205
0.487925
0.50775
0.524125
0.54955
0.55835
0.559075
0.564675
0.569625
0.5722
0.5795
0.58205
0.584625
0.593425
0.59385
0.595725
0.59605
0.59835
0.631275
0.63405
0.64455
0.648375
0.67655
0.687725
0.705325
0.7096
0.7284
0.738625
0.744075
0.750825
0.757
0.76625
0.7725
0.782725
0.787175
0.787575
0.79545
0.8251
0.829475
0.832675
0.833025
0.835975
0.8361
0.8386
0.8699
0.870575
0.878725
0.883075
0.89025
0.8988
0.912425
0.9159
0.96035
0.975175
0.978375
1.004475
1.013775
1.0442
1.053725
1.075025
1.11295
1.124175
1.127825
1.137825
1.171725
1.181275
1.20565
1.2137
1.220575
1.22885
1.2289
1.241975
1.243875
1.243975
1.26445
1.2778
1.286625
1.28685
1.289825
1.30095
1.3025
1.308025
1.3118
1.36785
1.4053
1.46405
1.5041
1.577325
1.6351
1.777575
1.783925
1.829275
1.869925
1.89325
1.9101
1.979725
1.98905
1.990075
2.008625
2.037425
2.0947
2.117725
2.297775
2.35945
2.41515
2.4626
2.46625
2.522225
2.593425
2.6035
2.605825
2.633325
2.727025
2.79665
2.812575
2.878925
2.92
2.941775
2.951125
2.984625
3.073975
3.10155
3.269625
3.398025
3.45665
3.5874
3.643575
3.719675
3.722075
3.740225
3.9496
3.9865
3.997125
4.079325
4.297475
4.344
4.346225
4.4493
4.605375
4.83905
4.905425
4.9142
4.921275
4.98365
5.035775
5.0815
5.0831
5.16355
5.192775
5.229025
5.272825
5.32
5.3533
5.4387
5.6804
5.76825
5.929575
5.9939
6.269775
6.376025
6.485925
6.51855
6.6079
6.6732
6.684575
6.6948
6.713225
6.97735
7.0334
7.129475
7.22975
7.271175
7.5502
7.6635
7.7323
7.73355
7.80335
7.8194
8.299275
8.30215
8.3889
8.3922
8.406825
8.529875
8.612725
8.685325
8.7116
8.745575
8.831825
8.91055
8.92745
9.00625
9.095875
9.22875
9.27485
9.30905
9.372025
9.436625
9.548525
9.578925
9.604825
9.6559
9.6639
9.7672
9.77315
9.9133
9.938525
218
