0.051075
0.05255
0.075575
0.0771
0.4106
0.4292
0.44465
0.456725
0.4681
0.48565
0.498425
0.511825
0.513325
0.52955
0.554925
0.5588
0.56435
0.57895
0.586425
0.593875
0.5973
0.60065
0.608825
0.612125
0.613075
0.636175
0.656125
0.67775
0.705875
0.726825
0.7339
0.759125
0.7811
0.792375
0.79255
0.8209
0.85045
0.850625
0.851
0.8532
0.86855
0.871025
0.901925
0.9263
0.9382
0.9441
0.970475
0.9828
0.9916
1.001825
1.0146
1.0188
1.03695
1.061325
1.0631
1.11655
1.127625
1.13125
1.16065
1.172225
1.178575
1.1943
1.1993
1.20105
1.2087
1.214075
1.2343
1.309775
1.319675
1.343925
1.35965
1.370275
1.42665
1.445475
1.4474
1.482125
1.5617
1.582025
1.649825
1.653425
1.701525
1.730725
1.73325
1.793675
1.829125
1.9206
1.927825
1.942225
2.02075
2.041125
2.0486
2.083375
2.093075
2.176
2.1856
2.19885
2.210025
2.2155
2.223275
2.25895
2.2891
2.299625
2.3252
2.3385
2.3552
2.3995
2.402925
2.437125
2.495125
2.508175
2.59915
2.665125
2.785175
2.80825
2.875375
2.957225
2.9839
2.9907
3.085575
3.1835
3.2053
3.2446
3.257775
3.260025
3.31405
3.4213
3.426675
3.43175
3.587525
3.65425
3.794025
3.797
3.804625
3.81405
3.824775
3.8863
3.94925
4.0037
4.0038
4.00975
4.1249
4.18005
4.274825
4.333975
4.341825
4.355825
4.383875
4.41675
4.48065
4.48085
4.534725
4.5734
4.57555
4.58215
4.775275
4.7793
4.78455
4.84565
4.8728
4.8836
5.039475
5.066
5.137425
5.217975
5.237025
5.2574
5.295425
5.34685
5.43575
5.453575
5.524025
5.718475
5.734175
5.784625
5.81615
5.880775
5.90735
5.90805
5.990625
6.06635
6.093775
6.167
6.199025
6.2029
6.207125
6.238025
6.24205
6.472475
6.521875
6.547325
6.643175
6.8736
7.013075
7.02385
7.07425
7.153925
7.25975
7.268675
7.3027
7.3046
7.47725
7.504875
7.696925
7.70975
7.88735
7.925225
8.113425
8.1868
8.3085
8.3212
8.37905
8.468875
8.506675
8.56425
8.60935
8.928825
8.971475
9.071625
9.075125
9.113675
9.21205
9.28585
9.292375
9.295425
9.558925
9.59055
9.59475
9.602325
9.7632
229
