0.15325
0.197425
0.311925
0.44695
0.465325
0.466725
0.484175
0.498375
0.50395
0.504
0.50455
0.507025
0.508675
0.525625
0.5308
0.54635
0.555675
0.56165
0.59545
0.606475
0.62885
0.683225
0.6868
0.694525
0.705225
0.70735
0.71055
0.714575
0.729575
0.761325
0.771175
0.796225
0.7996
0.8118
0.818525
0.8274
0.846225
0.868
0.878075
0.89385
0.920525
0.9216
0.953325
0.98175
0.98335
0.98715
0.988675
0.989
0.990675
0.99345
1.035075
1.03755
1.03925
1.063775
1.0967
1.1217
1.1566
1.163225
1.182425
1.187475
1.1968
1.207525
1.2091
1.24565
1.251925
1.25895
1.271425
1.2979
1.32395
1.34255
1.365325
1.388625
1.40155
1.4275
1.4308
1.50685
1.529075
1.5619
1.59245
1.6252
1.62735
1.667975
1.708425
1.7501
1.81505
1.832775
1.837375
1.846725
1.93425
2.00175
2.01165
2.04705
2.05135
2.117875
2.18095
2.181525
2.1956
2.2223
2.235225
2.308825
2.31135
2.31675
2.48795
2.5362
2.58275
2.60105
2.6226
2.653625
2.668975
2.701075
2.715175
2.7728
2.781925
2.843675
2.859875
2.990025
3.05015
3.07325
3.082275
3.17775
3.1855
3.195575
3.237775
3.2421
3.317275
3.32925
3.3556
3.4137
3.430925
3.495825
3.511175
3.5255
3.624725
3.6443
3.677075
3.74315
3.758825
3.765825
3.7702
3.786625
3.82845
3.885575
3.922225
3.93345
3.997775
4.06955
4.080875
4.143925
4.2252
4.2289
4.2344
4.264
4.32585
4.345925
4.42995
4.4497
4.640925
4.6703
4.707925
4.90435
5.07345
5.2653
5.271675
5.28105
5.293675
5.305825
5.3346
5.649125
5.683975
5.742825
5.803025
5.805525
6.0736
6.07995
6.127075
6.14445
6.26495
6.268425
6.49515
6.58425
6.6028
6.69345
6.7112
6.96985
6.99225
7.05405
7.0587
7.064525
7.097075
7.168975
7.169025
7.178925
7.195875
7.205325
7.3287
7.3433
7.347525
7.414075
7.45875
7.504175
7.590525
7.6567
7.71155
7.7681
7.7982
7.8344
8.028325
8.135175
8.17135
8.242525
8.351675
8.635
8.7465
8.874775
8.93825
8.9789
9.049725
9.05785
9.143725
9.220725
9.25405
9.454825
9.4957
9.556875
9.6005
9.68685
9.8376
9.921375
228
