0.00435
0.091175
0.206
0.337075
0.39585
0.4453
0.47015
0.474275
0.478375
0.4791
0.483625
0.4838
0.486125
0.492075
0.49715
0.5043
0.50785
0.510675
0.52535
0.539975
0.5485
0.556475
0.559325
0.582125
0.58805
0.599225
0.6074
0.618875
0.622
0.6406
0.643675
0.648325
0.657925
0.678225
0.678975
0.684325
0.68715
0.689325
0.689775
0.693875
0.703825
0.707175
0.72445
0.72545
0.732825
0.7452
0.754825
0.780825
0.793025
0.81275
0.858825
0.863525
0.877775
0.886775
0.916175
0.936275
1.00225
1.045825
1.10775
1.112875
1.1408
1.189275
1.25605
1.25845
1.26005
1.2717
1.2736
1.291425
1.29815
1.3021
1.32635
1.328275
1.3539
1.367525
1.38225
1.524425
1.52485
1.541625
1.544275
1.553225
1.583325
1.591575
1.72375
1.72545
1.748125
1.807725
1.850025
1.851575
1.991075
2.0255
2.050325
2.052475
2.0689
2.2362
2.305575
2.409225
2.430125
2.4757
2.482075
2.494825
2.539175
2.569175
2.5839
2.595825
2.609175
2.6245
2.631175
2.647275
2.69545
2.72985
2.7788
2.79385
2.848225
2.8832
2.8897
3.050275
3.072975
3.123675
3.129875
3.142525
3.163925
3.260975
3.40745
3.42835
3.510625
3.5195
3.530425
3.562475
3.5744
3.576125
3.598
3.602125
3.6602
3.674575
3.7685
3.8884
3.913375
3.950475
3.973525
4.028675
4.048125
4.08515
4.164275
4.240025
4.254325
4.30195
4.368425
4.412525
4.473275
4.4923
4.551675
4.6731
4.75795
4.9077
4.9507
5.079075
5.104375
5.11215
5.135775
5.1442
5.1547
5.1675
5.247175
5.27495
5.295275
5.32215
5.374375
5.470025
5.5204
5.6248
5.6678
5.816275
5.824925
5.870825
5.94785
5.99745
6.03045
6.049725
6.106225
6.110125
6.1751
6.376675
6.424075
6.444675
6.47155
6.532675
6.584075
6.682775
6.7204
6.7262
6.734825
6.8479
6.8761
6.9079
6.925575
6.944975
6.96225
7.040075
7.041625
7.057325
7.167725
7.24095
7.28735
7.544375
7.647075
7.65335
7.66055
7.898775
7.949175
7.965225
8.05065
8.08365
8.114525
8.1158
8.15035
8.22775
8.4311
8.450675
8.4889
8.49065
8.513975
8.671825
8.70795
8.754675
8.761325
8.86815
8.870625
8.992075
9.029675
9.1262
9.205575
9.219
9.479875
9.51365
9.5964
9.625425
9.676125
9.684875
9.893825
9.89725
9.907675
9.915075
242
