0.41355
0.44785
0.4498
0.4808
0.492675
0.4951
0.505775
0.527725
0.532625
0.534375
0.5344
0.544275
0.5443
0.5549
0.557525
0.561825
0.56895
0.574625
0.577625
0.584675
0.602525
0.6056
0.613675
0.6149
0.626075
0.652275
0.662975
0.684825
0.697775
0.701025
0.70935
0.7192
0.724275
0.7287
0.806925
0.855075
0.8603
0.86855
0.882225
0.893575
0.90185
0.9085
0.91065
0.911775
0.913825
0.919375
0.950125
0.965125
0.974575
1.0011
1.0057
1.023475
1.042475
1.061225
1.07015
1.086375
1.10085
1.103225
1.1337
1.184175
1.225325
1.2452
1.2675
1.314125
1.333625
1.37385
1.379025
1.382875
1.383925
1.416375
1.4666
1.5533
1.581775
1.6081
1.629475
1.770425
1.8231
1.8337
1.834175
1.8486
1.96695
1.981475
2.04
2.050475
2.068575
2.124
2.179275
2.190575
2.23135
2.23505
2.263125
2.35465
2.381325
2.40065
2.42105
2.4454
2.561725
2.700175
2.7042
2.70475
2.71015
2.746475
2.75245
2.7635
2.780375
2.8165
2.85505
2.857675
2.903025
2.958475
2.981225
3.011425
3.06785
3.1427
3.1536
3.2818
3.2895
3.311325
3.3525
3.5021
3.592875
3.613825
3.6487
3.77595
3.7959
3.822025
3.8273
3.851325
3.92135
3.9672
4.070875
4.1843
4.378225
4.3902
4.448025
4.4739
4.5411
4.556825
4.583875
4.683425
4.7342
4.7842
5.009375
5.1057
5.25905
5.328475
5.3754
5.399675
5.4753
5.54435
5.585025
5.654625
5.6576
5.706925
5.70865
5.7266
5.766575
5.853825
5.9467
6.00285
6.011875
6.05605
6.208625
6.2626
6.31315
6.456825
6.710675
6.716375
6.736175
6.776
6.7926
6.888975
6.914225
6.990725
6.993875
6.9959
7.0013
7.023825
7.033475
7.1978
7.271275
7.361675
7.522675
7.563925
7.57155
7.6577
7.677775
7.7703
7.865075
7.879775
7.977025
8.031775
8.0809
8.19715
8.2285
8.236925
8.256725
8.31865
8.34525
8.443475
8.448325
8.484725
8.6898
8.949675
8.991725
9.0832
9.08825
9.45155
9.525725
9.813175
210
