0.0413
0.093875
0.12055
0.201
0.2033
0.276
0.328375
0.3799
0.435575
0.441225
0.4427
0.46385
0.49105
0.496825
0.50275
0.5152
0.536425
0.5473
0.55
0.571925
0.577625
0.599175
0.610875
0.621775
0.63265
0.6343
0.6422
0.6801
0.702675
0.7099
0.717675
0.733875
0.7376
0.743
0.767175
0.82795
0.845825
0.875475
0.940225
0.9405
0.95265
0.96215
0.965375
0.969225
0.975
0.980525
0.991225
1.00735
1.0275
1.031
1.07525
1.092675
1.108025
1.12055
1.1224
1.1249
1.125425
1.151975
1.18735
1.1983
1.215325
1.22225
1.235675
1.2589
1.279275
1.301425
1.31565
1.32325
1.333825
1.3407
1.344525
1.3951
1.417675
1.5192
1.58345
1.619
1.637425
1.67555
1.690875
1.72285
1.782175
1.802625
1.821375
1.857975
1.916175
1.933675
1.93885
1.96805
2.021625
2.0942
2.107275
2.14865
2.232125
2.263475
2.2915
2.36815
2.386625
2.408675
2.4251
2.429
2.4507
2.491325
2.49825
2.50995
2.53635
2.56655
2.5853
2.613
2.613675
2.97065
3.00535
3.049075
3.0519
3.1179
3.19255
3.3759
3.471825
3.6077
3.676425
3.6945
3.7094
3.739275
3.74275
3.8359
3.862925
3.867625
3.9169
3.947575
4.0107
4.06955
4.21715
4.271825
4.28285
4.416275
4.420125
4.5068
4.575
4.608725
4.681175
4.715
4.74395
4.76625
4.790225
4.797525
4.868225
4.907925
4.94315
4.9447
4.9977
5.0096
5.011675
5.019225
5.094225
5.1348
5.15645
5.19255
5.211825
5.303625
5.314125
5.362025
5.40955
5.430675
5.4467
5.468675
5.49745
5.504725
5.5205
5.75965
5.9383
5.996075
6.034
6.095325
6.23835
6.26575
6.47445
6.569125
6.682425
6.804125
6.911125
6.940025
6.9451
6.966625
7.00475
7.01875
7.051375
7.078975
7.192775
7.234
7.32735
7.41125
7.520325
7.560975
7.589675
7.623675
7.661925
7.918525
7.99675
8.086
8.112325
8.20715
8.412575
8.463375
8.498
8.539075
8.62465
8.69145
8.912175
9.033975
9.1494
9.428625
9.465625
9.60525
9.608775
9.6406
9.6418
9.76345
9.7642
9.9064
9.931225
219
