0.0692
0.134125
0.241825
0.28715
0.421075
0.456525
0.46495
0.47245
0.47335
0.493675
0.494875
0.510325
0.51395
0.522375
0.532425
0.5459
0.553875
0.562425
0.5661
0.57415
0.5826
0.583375
0.5884
0.59085
0.596375
0.60365
0.614975
0.6431
0.65445
0.667775
0.668225
0.668625
0.67605
0.699075
0.720375
0.7342
0.759825
0.766575
0.767125
0.768625
0.77455
0.775225
0.78265
0.804775
0.81085
0.81875
0.84395
0.8478
0.85565
0.858925
0.8662
0.871175
0.8765
0.877875
0.8779
0.883
0.891275
0.913275
0.920175
0.9637
0.9683
0.98945
0.9973
1.000975
1.01845
1.02975
1.065825
1.098375
1.194925
1.20165
1.2184
1.22095
1.2547
1.263825
1.319925
1.348375
1.405375
1.40695
1.408025
1.424725
1.437525
1.49145
1.5217
1.5816
1.64895
1.672775
1.684475
1.689675
1.718225
1.739025
1.782875
1.870025
1.95765
1.99065
2.222675
2.22745
2.292
2.29675
2.309625
2.3364
2.412675
2.4208
2.4322
2.44775
2.460625
2.542125
2.5683
2.593
2.6661
2.671925
2.69605
2.716225
2.744375
2.7575
2.767675
2.78315
2.82355
2.952725
3.1131
3.142475
3.148325
3.1511
3.1909
3.2222
3.29545
3.323925
3.459825
3.47265
3.579375
3.6066
3.62225
3.73245
3.7446
3.750775
3.757525
3.92005
3.96025
3.999475
4.038275
4.04045
4.165425
4.181425
4.198025
4.219075
4.359175
4.37905
4.39535
4.437725
4.48
4.49745
4.63835
4.7351
4.74045
4.79655
4.97985
5.027625
5.0317
5.08915
5.160825
5.173875
5.191375
5.339725
5.39935
5.450175
5.6351
5.661175
5.7819
5.79735
5.891975
5.950725
5.99145
6.11145
6.25775
6.3495
6.537925
6.555975
6.941225
6.9896
7.059
7.095875
7.1043
7.200475
7.2502
7.407475
7.42645
7.67115
7.67265
7.694675
7.741375
7.75185
7.806875
7.894725
7.901475
7.9188
7.972075
8.136675
8.16755
8.222625
8.247425
8.264575
8.282175
8.3125
8.3255
8.352875
8.4259
8.7465
8.767525
8.84175
8.8785
8.94045
8.96615
9.078025
9.1255
9.1913
9.277825
9.965825
216
