0.255525
0.391725
0.446525
0.492025
0.50405
0.506025
0.522825
0.5513
0.55325
0.557425
0.5583
0.5624
0.5658
0.572225
0.573975
0.575075
0.57635
0.57755
0.58
0.5803
0.5829
0.58635
0.603125
0.6152
0.629425
0.632725
0.63335
0.6343
0.6415
0.66015
0.66485
0.667225
0.6868
0.689625
0.698575
0.700225
0.703425
0.71965
0.732975
0.736975
0.73995
0.74655
0.747025
0.7486
0.763625
0.773525
0.77375
0.78745
0.809375
0.813425
0.821325
0.821575
0.8315
0.847175
0.8683
0.88425
0.90395
0.909075
0.91
0.9476
0.957825
1.0072
1.011275
1.0114
1.0262
1.03345
1.033725
1.041075
1.045275
1.046075
1.0539
1.08395
1.123675
1.14335
1.1918
1.216625
1.2313
1.240075
1.258125
1.270575
1.2764
1.28655
1.2996
1.300325
1.351175
1.374625
1.416675
1.4342
1.4435
1.4803
1.5364
1.5371
1.54375
1.592975
1.610625
1.71165
1.83535
1.866275
1.889525
1.924625
1.92895
1.99865
2.030425
2.084475
2.0966
2.098875
2.099825
2.159725
2.1648
2.167425
2.272525
2.321675
2.330125
2.385475
2.397775
2.47705
2.509475
2.58535
2.597575
2.798125
2.8414
2.8661
2.989575
3.004925
3.04
3.046675
3.08635
3.20675
3.2169
3.225725
3.227275
3.295325
3.3038
3.350175
3.421
3.448625
3.459025
3.48245
3.48905
3.497725
3.5148
3.590575
3.78935
3.818475
3.82455
3.874925
3.894725
3.906575
3.941775
4.019275
4.092175
4.2252
4.253775
4.25665
4.4089
4.45265
4.52645
4.5434
4.57945
4.630875
4.705675
4.77485
4.8141
4.83465
4.843125
4.87275
4.888575
4.940225
4.955975
4.97035
5.06795
5.119025
5.135825
5.143325
5.31845
5.383425
5.388125
5.4373
5.52225
5.62885
5.698175
5.698775
5.7689
5.99445
6.08955
6.138975
6.254875
6.26315
6.32725
6.330825
6.337725
6.4123
6.453225
6.456175
6.505275
6.5209
6.595425
6.63565
6.6454
6.654375
6.70235
6.70665
6.797275
6.819825
6.90595
6.9887
7.118425
7.1422
7.247725
7.263975
7.306625
7.429925
7.555175
7.567875
7.568275
7.62435
7.6254
7.7165
7.87985
8.052925
8.3258
8.38065
8.5024
8.537875
8.693975
8.775625
8.828075
8.9349
8.95205
9.046975
9.2448
9.427625
9.66285
9.75555
9.79255
9.88785
236
