0.183275
0.407675
0.41995
0.4599
0.46505
0.472725
0.488475
0.493425
0.497125
0.498675
0.508225
0.51385
0.522275
0.524525
0.5335
0.535525
0.539475
0.543625
0.546825
0.55285
0.555125
0.559175
0.573425
0.58255
0.589825
0.590325
0.60345
0.61495
0.627725
0.6298
0.630125
0.631125
0.63575
0.6674
0.673275
0.682125
0.686925
0.694575
0.694675
0.76105
0.784525
0.825675
0.8287
0.851125
0.85725
0.85855
0.868475
0.87255
0.875775
0.90475
0.910975
0.934325
0.945375
0.981925
0.982125
0.984575
0.993075
0.9962
1.028925
1.03165
1.04535
1.06925
1.078475
1.1997
1.22575
1.2342
1.2379
1.27805
1.287025
1.309675
1.3434
1.3491
1.3761
1.442875
1.47815
1.49575
1.532575
1.6553
1.657225
1.70505
1.721675
1.7485
1.7653
1.7813
1.7932
1.795225
1.800225
1.822525
1.890375
1.89325
1.956425
1.9792
2.115925
2.150325
2.17725
2.2466
2.2692
2.2991
2.380775
2.40185
2.42185
2.449775
2.497625
2.509375
2.581825
2.61525
2.7096
2.72915
2.8112
2.84415
3.105775
3.129625
3.21415
3.3757
3.4553
3.4703
3.588725
3.6705
3.6977
3.751875
3.83455
3.87905
3.950475
4.003175
4.094125
4.174475
4.272425
4.321075
4.36485
4.380975
4.394925
4.439
4.567075
4.60125
4.61435
4.641975
4.65385
4.68595
4.6987
4.7257
4.8002
4.83795
4.8773
4.942775
5.0019
5.010775
5.0698
5.082575
5.1147
5.17495
5.214125
5.222875
5.2327
5.241425
5.301225
5.311875
5.3431
5.379925
5.5133
5.5184
5.543575
5.566925
5.56875
5.6075
5.6603
5.776125
5.776375
5.81915
5.85665
5.8982
5.905725
5.911675
6.049
6.385525
6.46995
6.479025
6.48145
6.5096
6.53225
6.551925
6.57245
6.62065
6.6892
6.8607
6.92725
7.11255
7.164475
7.409275
7.4224
7.473225
7.475875
7.676975
7.691025
7.830125
7.834225
7.924225
7.9678
7.99105
8.31235
8.3299
8.349675
8.45385
8.50955
8.542425
8.591275
8.66395
8.703025
8.7406
9.17635
9.2888
9.3297
9.402725
9.4473
9.5768
9.59225
9.678425
9.7804
9.791825
9.894325
9.917125
220
