0.033375
0.32375
0.39435
0.45055
0.45375
0.478825
0.482975
0.483325
0.4859
0.516375
0.5168
0.523375
0.530775
0.53275
0.540475
0.54695
0.569675
0.5758
0.57595
0.602475
0.60505
0.621125
0.640975
0.646075
0.6574
0.682025
0.68475
0.694025
0.69715
0.70085
0.7141
0.715125
0.719
0.72945
0.735125
0.749675
0.75125
0.75155
0.76425
0.770875
0.776775
0.7782
0.779225
0.780275
0.78345
0.789175
0.797925
0.8001
0.82345
0.833925
0.86475
0.8737
0.878625
0.881275
0.8859
0.9057
0.949975
0.9554
0.956775
0.960675
0.977075
0.9884
0.99665
1.029325
1.030475
1.044225
1.060975
1.100275
1.101225
1.107925
1.116575
1.1428
1.18355
1.228575
1.233875
1.234975
1.2374
1.260325
1.271875
1.28465
1.31305
1.319925
1.326325
1.37165
1.41275
1.423475
1.4493
1.460075
1.49745
1.5064
1.58335
1.6386
1.643625
1.733875
1.8758
1.9264
1.947925
1.950625
1.973475
1.976775
2.010125
2.053
2.0696
2.0868
2.095525
2.1619
2.181425
2.208425
2.211625
2.218875
2.289075
2.293375
2.322025
2.3318
2.41515
2.508675
2.5483
2.6145
2.668375
2.674675
2.7757
2.873175
2.877325
2.879125
2.912525
3.0334
3.040925
3.113025
3.13975
3.18765
3.225375
3.2437
3.359075
3.463575
3.48525
3.593325
3.618575
3.69495
3.72325
3.76175
3.762725
3.8997
3.9204
3.9566
4.03765
4.07275
4.108225
4.172525
4.195225
4.209175
4.261225
4.30835
4.347
4.4077
4.49675
4.578275
4.581825
4.587525
4.625025
4.63685
4.676475
4.689625
4.72685
4.789725
4.813275
4.822875
4.86075
4.883975
4.910075
5.127825
5.15665
5.3021
5.330325
5.351875
5.36595
5.39175
5.443275
5.49555
5.508275
5.605775
5.620025
5.671025
6.0047
6.152475
6.170125
6.401
6.4074
6.413025
6.424475
6.584675
6.61975
6.6542
6.879375
6.924975
7.02185
7.03085
7.0752
7.2567
7.27025
7.358825
7.791475
7.808825
8.128625
8.1641
8.165925
8.344475
8.3949
8.593475
8.61425
8.6921
8.7804
8.827875
8.893925
8.965925
9.109025
9.179275
9.29535
9.301875
9.378975
9.4184
9.468525
9.480725
9.5928
9.650825
224
