0.032625
0.1647
0.187525
0.2007
0.38915
0.4279
0.4826
0.484475
0.489775
0.508425
0.522
0.527725
0.54835
0.5551
0.574225
0.5804
0.581275
0.5948
0.602225
0.602925
0.60625
0.61155
0.611925
0.61515
0.61785
0.618075
0.6425
0.646375
0.648175
0.654375
0.6563
0.6633
0.665775
0.67155
0.6741
0.683725
0.690775
0.69405
0.7019
0.70435
0.704775
0.7083
0.715775
0.759825
0.764325
0.7968
0.812325
0.825175
0.825875
0.837525
0.8509
0.858325
0.8606
0.86505
0.8757
0.87685
0.8823
0.8831
0.886975
0.9035
0.91575
0.9362
0.959925
0.979
1.00735
1.048925
1.062075
1.107025
1.113275
1.131425
1.138075
1.190475
1.1982
1.216825
1.243525
1.3711
1.379275
1.39215
1.4034
1.43905
1.4443
1.4658
1.5517
1.55365
1.5802
1.58745
1.687225
1.735225
1.735275
1.868975
1.88625
1.911275
1.92285
1.93375
1.9401
1.965225
2.041575
2.183975
2.21705
2.384025
2.409225
2.466525
2.510025
2.552025
2.554025
2.565775
2.591375
2.592825
2.621375
2.771625
2.7915
2.793775
2.821475
2.825075
2.841175
2.922975
3.014925
3.019725
3.03225
3.19525
3.19995
3.221875
3.269125
3.319275
3.489075
3.516875
3.549425
3.626575
3.655775
3.71005
3.77485
3.77705
3.779
3.786
3.837125
3.885625
3.9813
4.19955
4.207925
4.31425
4.31755
4.401
4.4253
4.432925
4.444975
4.447225
4.448775
4.507675
4.50865
4.5613
4.591225
4.6187
4.64695
4.717475
4.800525
4.875925
4.876775
4.88955
5.0089
5.021425
5.04215
5.1606
5.24925
5.27465
5.330975
5.35535
5.43395
5.530625
5.546575
5.570575
5.62015
5.69855
5.7492
5.754975
5.788075
5.84105
5.869875
5.9512
5.961725
6.039875
6.1882
6.2367
6.2409
6.328
6.431325
6.54225
6.618525
6.646325
6.719025
6.76175
6.78165
6.811225
6.931075
7.231425
7.273775
7.446325
7.456775
7.4752
7.505925
7.54405
7.6657
7.7595
7.83025
7.92475
8.038775
8.048175
8.059275
8.178775
8.17885
8.214175
8.267225
8.3498
8.5221
8.56235
8.56765
8.9106
9.070425
9.07595
9.38495
9.5541
9.83675
9.838425
222
