0.101525
0.1044
0.32075
0.479
0.48435
0.49195
0.494
0.49895
0.50495
0.50885
0.5174
0.521
0.52435
0.534175
0.548425
0.548975
0.550025
0.5643
0.5723
0.58135
0.60605
0.618675
0.6529
0.654075
0.68265
0.686975
0.687175
0.69955
0.7025
0.70675
0.72475
0.7298
0.758875
0.76005
0.770125
0.772425
0.77695
0.793025
0.799525
0.843175
0.84885
0.89235
0.90105
0.913225
0.919875
0.9391
0.944625
0.963375
0.9679
0.975
0.993275
1.01095
1.024775
1.052875
1.05495
1.0773
1.15895
1.19735
1.237475
1.255775
1.258925
1.310975
1.3234
1.33945
1.35395
1.37175
1.3849
1.39415
1.39675
1.4141
1.44235
1.44825
1.469925
1.489575
1.52465
1.54415
1.582275
1.583375
1.611475
1.628825
1.681175
1.692675
1.707175
1.722875
1.759125
1.7642
1.872225
1.9373
2.087775
2.09
2.104425
2.149575
2.159775
2.280775
2.355075
2.4142
2.434825
2.439875
2.484975
2.646825
2.710275
2.757175
2.761725
2.84005
2.851475
2.880525
2.9405
2.98735
3.12685
3.2575
3.30245
3.4053
3.415675
3.455075
3.495125
3.515575
3.56375
3.571275
3.6031
3.614325
3.679
3.7103
3.71595
3.7224
3.738575
3.818925
3.9114
3.943375
3.9981
4.055925
4.1157
4.24525
4.444475
4.592
4.758675
4.858875
4.87525
4.98225
5.066925
5.11385
5.20075
5.22875
5.237375
5.39355
5.48465
5.542475
5.5563
5.610625
5.63945
5.80005
5.902475
5.91585
6.037775
6.292925
6.450975
6.468825
6.542725
6.73095
6.822925
6.886875
6.905325
7.0511
7.07325
7.116975
7.1433
7.37155
7.3753
7.4064
7.465075
7.670125
7.750475
7.7576
7.80355
7.8153
7.9609
7.98675
8.00755
8.0601
8.061425
8.118525
8.164175
8.29645
8.410625
8.413275
8.537625
8.56565
8.65075
8.68285
8.8221
8.919225
8.9914
9.04045
9.0739
9.076525
9.21105
9.2473
9.25185
9.261125
9.2802
9.4154
9.4346
9.453075
9.6122
9.74255
9.760675
9.87345
9.897375
9.977325
9.99315
209
