0.012725
0.1998
0.431375
0.48425
0.4935
0.494325
0.499725
0.53415
0.549975
0.5506
0.55535
0.5625
0.564275
0.596125
0.6091
0.6122
0.6208
0.63175
0.640225
0.64975
0.6518
0.689575
0.723925
0.72565
0.735125
0.747675
0.7532
0.75835
0.7805
0.787475
0.78995
0.823
0.845625
0.881825
0.8978
0.907625
0.909725
0.923675
0.937925
0.949625
0.960875
0.974025
0.99215
1.0227
1.05145
1.05575
1.07865
1.1147
1.11545
1.127825
1.15005
1.1602
1.19715
1.20915
1.2204
1.22555
1.24055
1.254375
1.27535
1.292075
1.3217
1.3394
1.341325
1.356925
1.37885
1.41025
1.417625
1.442225
1.492875
1.512425
1.592925
1.6145
1.61575
1.7214
1.7688
1.804575
1.84435
1.85735
1.913325
1.936575
1.9473
1.9966
2.0859
2.229825
2.235425
2.25855
2.2799
2.323425
2.346875
2.350475
2.4241
2.462125
2.5244
2.534425
2.5547
2.5735
2.595775
2.653025
2.655825
2.713225
2.72065
2.72325
2.755325
2.785825
2.8128
2.95545
3.029975
3.0401
3.195025
3.22735
3.27475
3.33415
3.350925
3.4425
3.44465
3.469425
3.484175
3.490775
3.584525
3.6821
3.9091
4.042625
4.121775
4.140625
4.1648
4.27205
4.306325
4.328875
4.370975
4.428925
4.4742
4.619425
4.64505
4.8546
4.8715
4.88595
4.918525
4.931375
5.052775
5.05635
5.22
5.232925
5.483975
5.489425
5.60765
5.667975
5.727275
5.727375
5.816575
5.932325
5.938175
5.98435
6.08345
6.1096
6.21855
6.255925
6.367775
6.548075
6.718375
6.843025
6.941775
6.991525
7.05695
7.08115
7.1568
7.199775
7.31015
7.4242
7.44185
7.51605
7.565075
7.70315
7.7613
7.78165
7.8698
8.034925
8.0816
8.132575
8.381025
8.525575
8.528675
8.532725
8.580475
8.653125
8.707925
8.733825
8.746025
8.760425
8.77955
8.8016
8.98405
9.0943
9.20495
9.21865
9.248125
9.314675
9.366075
9.46925
9.517575
9.540375
9.6423
9.777325
9.78555
9.79405
9.8081
9.82895
9.878875
9.8945
9.9502
9.954675
9.975275
9.976375
212
