0.01145
0.0611
0.163025
0.19355
0.20065
0.39245
0.4545
0.45785
0.471875
0.4788
0.490725
0.491325
0.495525
0.499925
0.504575
0.512225
0.514375
0.52095
0.53685
0.5369
0.556325
0.55705
0.5888
0.6267
0.64255
0.661075
0.66205
0.66365
0.67455
0.6749
0.679425
0.68365
0.70515
0.7318
0.73435
0.765075
0.76735
0.77105
0.781075
0.78155
0.7948
0.7988
0.813025
0.813625
0.816425
0.820725
0.825525
0.84725
0.849875
0.851725
0.889475
0.909775
0.9176
0.944
0.97375
1.0114
1.028325
1.029475
1.041325
1.047675
1.0568
1.073
1.083675
1.088975
1.116575
1.123375
1.133425
1.1338
1.159225
1.20545
1.224825
1.2403
1.2646
1.283775
1.28495
1.342075
1.47045
1.483075
1.488175
1.509125
1.599575
1.603725
1.61285
1.61685
1.635775
1.6595
1.665825
1.672775
1.73855
1.7607
1.793325
1.7983
1.83845
1.85305
1.929475
1.9308
1.932525
1.972225
1.98625
2.014325
2.031175
2.03195
2.04715
2.093575
2.0984
2.1049
2.112075
2.139925
2.147575
2.153175
2.1941
2.24705
2.34215
2.3639
2.378125
2.391525
2.4481
2.465175
2.53015
2.55115
2.57385
2.591275
2.61025
2.656175
2.693125
2.712125
2.714675
2.747225
2.812575
3.20305
3.27525
3.3141
3.3454
3.352825
3.394875
3.4987
3.606875
3.675825
3.7804
3.988625
4.01005
4.08835
4.1067
4.155575
4.182525
4.18285
4.198025
4.20245
4.21355
4.250825
4.2757
4.31585
4.35485
4.36035
4.392225
4.424625
4.461
4.5445
4.586225
4.6088
4.6904
4.70135
4.738975
4.752425
4.765
5.120775
5.266925
5.332225
5.51125
5.5529
5.678775
5.683375
5.7357
5.748725
5.90325
5.904625
5.938
5.9622
5.983575
5.98655
6.0247
6.0695
6.078825
6.156325
6.196425
6.212225
6.216775
6.349475
6.383025
6.502825
6.528
6.652625
6.82245
6.87725
6.880425
6.882375
6.927025
6.941075
6.9508
7.03055
7.03685
7.10865
7.12505
7.1724
7.243575
7.24695
7.3553
7.420425
7.432025
7.54915
7.55495
7.5892
7.644725
7.68735
7.749725
7.8269
7.85595
7.9377
8.0688
8.25025
8.31515
8.352775
8.4449
8.5163
8.754525
8.832975
9.086925
9.17185
9.180375
9.2385
9.343325
9.36045
9.443925
9.481375
9.650925
9.8684
9.88425
237
