0.047525
0.13715
0.2824
0.36325
0.4817
0.482075
0.483875
0.5196
0.52445
0.554375
0.570025
0.570675
0.58785
0.5935
0.606275
0.60875
0.6535
0.663675
0.66975
0.670925
0.671275
0.683125
0.688475
0.707275
0.713175
0.744025
0.744075
0.779175
0.787825
0.797275
0.818
0.821925
0.83145
0.83495
0.846625
0.852275
0.85295
0.8799
0.88465
0.890325
0.898
0.933675
0.96035
0.965725
0.997325
0.99745
1.021325
1.05955
1.0638
1.08475
1.085775
1.125075
1.157225
1.181375
1.183175
1.186525
1.222875
1.2322
1.236175
1.3704
1.374775
1.476875
1.484125
1.487175
1.556025
1.565825
1.584925
1.621575
1.663725
1.689475
1.69345
1.7222
1.75785
1.7603
1.7938
1.796475
1.8402
1.905425
1.928125
2.01015
2.08395
2.11075
2.13005
2.2175
2.220825
2.231175
2.2741
2.293175
2.315225
2.488025
2.591325
2.606375
2.612125
2.621025
2.685025
2.73845
2.767325
2.7769
2.818425
2.960675
2.9935
3.016375
3.097775
3.152275
3.157425
3.201975
3.384125
3.397125
3.461825
3.511325
3.523075
3.558125
3.572825
3.61405
3.820975
3.827625
3.833575
3.843825
3.856775
3.97475
3.9954
4.001125
4.014325
4.1636
4.198325
4.24325
4.2832
4.33125
4.388625
4.42815
4.463675
4.491425
4.5272
4.55005
4.698575
4.72825
4.757625
4.774375
4.7779
4.8167
4.8251
4.86395
4.9928
5.00425
5.0212
5.0798
5.0824
5.10835
5.274175
5.481475
5.523425
5.542725
5.59885
5.679175
5.7229
5.74445
5.76685
5.85735
5.967975
6.0828
6.1932
6.2398
6.369475
6.3818
6.479775
6.4908
6.68995
6.920425
6.932325
6.967725
7.01245
7.139075
7.1444
7.233775
7.258225
7.383475
7.3986
7.41815
7.6662
7.673075
7.854325
7.93315
7.9861
8.100725
8.118275
8.31585
8.380375
8.39055
8.406525
8.442025
8.49325
8.52385
8.749625
8.90485
9.078875
9.113225
9.16085
9.32925
9.40995
9.873475
9.89635
9.92585
202
