0.0548
0.07225
0.199675
0.342725
0.416175
0.46715
0.4793
0.4802
0.4855
0.4875
0.487925
0.490375
0.4955
0.503625
0.50395
0.505725
0.508575
0.532
0.533875
0.54
0.561625
0.562175
0.566025
0.573925
0.57465
0.590175
0.595275
0.5967
0.603975
0.617125
0.62375
0.64205
0.647275
0.668025
0.671
0.67275
0.6752
0.696
0.72365
0.725125
0.729925
0.730825
0.737925
0.748425
0.761425
0.774125
0.78385
0.785375
0.798825
0.799975
0.8021
0.8288
0.86305
0.865575
0.866125
0.87835
0.88455
0.889025
0.905175
0.91505
0.9184
0.92255
0.926475
0.9306
0.9562
0.97315
1.027075
1.04285
1.050375
1.083275
1.1064
1.111725
1.117375
1.1252
1.134275
1.17105
1.18025
1.19665
1.217725
1.219225
1.237425
1.25165
1.261925
1.271275
1.3411
1.35355
1.36335
1.375975
1.4104
1.43155
1.443725
1.44525
1.454375
1.5122
1.568825
1.56885
1.58905
1.60495
1.67905
1.700075
1.765075
1.851825
1.866175
1.897575
1.985725
2.0051
2.032075
2.049225
2.062525
2.10515
2.231175
2.231375
2.265675
2.315675
2.323475
2.432875
2.463125
2.5107
2.721175
2.731125
2.7539
2.784325
2.8312
2.8766
2.906625
2.940225
2.949425
3.039225
3.063925
3.1209
3.152075
3.1693
3.192775
3.237425
3.245625
3.298975
3.373825
3.38825
3.519775
3.5646
3.56855
3.585775
3.623825
3.628025
3.64405
3.6557
3.723
3.862175
3.87355
3.915875
4.010825
4.011725
4.0149
4.126925
4.1349
4.35755
4.44275
4.5149
4.5728
4.6045
4.622125
4.699025
4.76855
4.8454
4.870475
4.921725
4.952025
4.974575
5.037475
5.097675
5.11
5.1257
5.417675
5.43175
5.525025
5.55635
5.6245
5.74135
5.7736
5.87005
5.9061
6.02285
6.0402
6.16785
6.3588
6.364675
6.454375
6.5277
6.5369
6.6656
6.721525
6.83045
6.96105
7.043
7.106575
7.149675
7.361875
7.422775
7.434425
7.444975
7.461925
7.481975
7.620675
7.794325
7.950275
8.00495
8.029525
8.073225
8.097025
8.11875
8.144275
8.339725
8.34505
8.472575
8.5535
8.594575
8.639775
8.755975
8.9986
9.113675
9.151425
9.17525
9.216625
9.229325
9.2502
9.3442
9.3525
9.40885
9.463375
9.546725
9.564175
9.61035
9.620625
9.66685
9.671325
9.8541
9.926025
9.93965
238
