0.168175
0.184575
0.247325
0.2691
0.47435
0.50195
0.504025
0.5051
0.5106
0.5255
0.5292
0.546075
0.559625
0.561475
0.565675
0.566075
0.569925
0.5753
0.577175
0.58355
0.609925
0.6294
0.63815
0.640225
0.6543
0.660375
0.668025
0.71685
0.72
0.725775
0.7295
0.733
0.756925
0.785225
0.791
0.794525
0.810725
0.8128
0.8281
0.83495
0.86285
0.903025
0.909375
0.95025
0.955325
0.9582
0.963125
1.062875
1.06785
1.08105
1.085375
1.154025
1.16265
1.16415
1.19515
1.249225
1.2609
1.268075
1.281075
1.3116
1.3166
1.416475
1.4579
1.465025
1.4867
1.539175
1.547
1.55205
1.557925
1.574025
1.582975
1.653275
1.673975
1.690525
1.7059
1.71595
1.7397
1.757375
1.762225
1.79255
1.906425
1.96465
1.980125
1.98495
2.027725
2.06195
2.0845
2.118075
2.2484
2.3135
2.31825
2.333475
2.359275
2.40305
2.406
2.4766
2.493175
2.536275
2.541525
2.5507
2.562275
2.5779
2.61425
2.869525
2.887075
2.96065
3.002125
3.012475
3.04295
3.1083
3.19225
3.2318
3.2452
3.427525
3.48105
3.541475
3.578125
3.62015
3.736725
3.7882
3.829525
3.8419
3.920325
3.964625
4.036425
4.0612
4.0678
4.075475
4.16235
4.186225
4.230175
4.31595
4.339525
4.3634
4.47315
4.542775
4.555625
4.658925
4.699575
4.83445
4.83705
4.85435
4.88415
4.892275
4.945375
5.03735
5.187325
5.29885
5.308775
5.36735
5.4358
5.456625
5.4965
5.7808
5.819625
5.849425
6.122425
6.1274
6.13525
6.155425
6.225425
6.25165
6.285625
6.42665
6.7692
6.87225
6.91845
6.999825
7.0175
7.07325
7.1733
7.21715
7.307075
7.33195
7.437125
7.72515
7.73945
7.767325
7.802875
7.81005
7.8471
7.85315
7.8618
8.0443
8.052975
8.142025
8.3156
8.551675
8.55505
8.572825
8.812675
8.954025
9.006775
9.1189
9.19555
9.31905
9.328725
9.6583
9.7768
199
