0.0287
0.035675
0.044125
0.1253
0.1312
0.224425
0.438375
0.491275
0.50945
0.533625
0.5364
0.550775
0.58185
0.5876
0.59305
0.595325
0.6072
0.6263
0.6715
0.675075
0.6844
0.68695
0.69815
0.7003
0.7269
0.730125
0.744875
0.762825
0.77125
0.784825
0.793025
0.813275
0.836975
0.8377
0.847575
0.85605
0.859525
0.86725
0.87155
0.877125
0.8854
0.89
0.896325
0.898375
0.900825
0.92665
0.9282
0.929375
0.9312
0.983525
0.99925
1.023075
1.0258
1.0312
1.0414
1.043575
1.090375
1.10945
1.175625
1.22375
1.262525
1.270725
1.315975
1.337325
1.375825
1.4153
1.42995
1.44055
1.462275
1.465575
1.5133
1.515225
1.58765
1.5964
1.661675
1.70715
1.713725
1.7631
1.780575
1.8185
1.8518
1.89625
1.913075
1.9854
2.019225
2.029325
2.088225
2.10975
2.130725
2.13265
2.2018
2.2056
2.300325
2.302925
2.322925
2.343975
2.3905
2.54935
2.562675
2.61255
2.633075
2.84485
2.855275
2.8912
2.931475
2.93235
2.96595
3.021
3.06155
3.07855
3.081775
3.154025
3.1992
3.2277
3.229125
3.2984
3.3884
3.432925
3.571875
3.620875
3.660575
3.693775
3.706875
3.845375
3.9244
4.1142
4.2599
4.65795
4.77965
4.804175
4.8693
4.913425
4.93115
5.045275
5.07715
5.087925
5.10165
5.1288
5.181675
5.254975
5.276975
5.362975
5.43565
5.43615
5.467125
5.478075
5.494425
5.591225
5.603775
5.629425
5.7068
5.7874
5.941325
6.208475
6.252325
6.273825
6.30345
6.417325
6.5223
6.543075
6.57975
6.5814
6.587725
6.65405
6.689825
6.74005
6.7581
6.85025
6.88365
6.9418
6.9823
7.0622
7.0624
7.0998
7.223475
7.731675
7.98785
8.002125
8.127725
8.128525
8.137925
8.1524
8.1857
8.1969
8.2242
8.34415
8.3645
8.507925
8.534525
8.547675
8.585925
8.61455
8.8631
8.89435
8.92885
8.95975
9.23495
9.329075
9.342675
9.400125
9.44395
9.531925
9.60285
9.61375
9.630325
9.692225
9.755575
9.94425
208
