0.08775
0.478425
0.487075
0.4876
0.492275
0.4937
0.5074
0.5242
0.535025
0.543075
0.54415
0.571925
0.57205
0.579275
0.59105
0.59165
0.605125
0.606675
0.6109
0.6214
0.65285
0.67135
0.6974
0.7083
0.7434
0.76045
0.760725
0.79175
0.83785
0.864075
0.883775
0.89055
0.8906
0.897125
0.9032
0.91325
0.972125
1.00925
1.011475
1.043525
1.0558
1.057575
1.062675
1.11645
1.12015
1.133175
1.134875
1.14915
1.150075
1.160075
1.162625
1.1653
1.166575
1.197375
1.2162
1.2516
1.285825
1.30015
1.336775
1.34465
1.350975
1.3969
1.410625
1.418575
1.4228
1.435225
1.45695
1.497475
1.535925
1.537125
1.573525
1.581275
1.648925
1.751675
1.785525
1.79415
1.8572
1.9018
1.93355
1.946425
2.0168
2.044075
2.07095
2.07725
2.0788
2.25915
2.359725
2.398675
2.400175
2.406475
2.420875
2.432575
2.444575
2.48605
2.561525
2.610825
2.6472
2.649875
2.76415
2.8295
2.8649
2.871625
2.90865
2.913625
2.914425
2.949125
2.951275
2.9853
3.08625
3.1011
3.115375
3.127425
3.179625
3.197775
3.223325
3.2843
3.3244
3.357975
3.3815
3.4314
3.53605
3.592175
3.622575
3.626975
3.639725
3.667225
3.6712
3.67265
3.6788
3.68885
3.7137
3.734525
3.73685
3.738525
3.7593
3.77025
3.814075
3.81985
3.87035
3.91825
4.06015
4.07305
4.0948
4.231475
4.251275
4.26865
4.274475
4.334425
4.4294
4.508425
4.5686
4.57455
4.581625
4.5926
4.62845
4.641525
4.686675
4.688475
4.75675
4.77445
4.84225
4.895025
4.9444
5.06785
5.13985
5.423175
5.549875
5.576425
5.87705
5.977825
5.9933
6.007775
6.030275
6.18855
6.1996
6.2018
6.24195
6.362525
6.4574
6.463275
6.566325
6.7029
6.824
6.82515
6.857
6.906075
7.03025
7.0401
7.12885
7.21305
7.270525
7.41345
7.455925
7.573275
7.672525
7.791225
7.819525
7.861775
7.897425
8.10905
8.13235
8.178
8.311075
8.5051
8.624475
8.6278
8.669075
8.725475
8.8478
8.93165
9.085175
9.256625
9.2695
9.467075
9.527925
9.923
216
