0.118825
0.260375
0.443125
0.478825
0.49035
0.49125
0.499075
0.517375
0.519525
0.53045
0.53195
0.54725
0.548825
0.554575
0.557175
0.582825
0.597925
0.602875
0.6102
0.638225
0.6432
0.64815
0.6531
0.6644
0.6718
0.692475
0.694025
0.6994
0.7112
0.735075
0.745375
0.751825
0.7537
0.7595
0.764025
0.764775
0.773025
0.811875
0.813525
0.8176
0.8209
0.826025
0.84175
0.84635
0.852375
0.85795
0.864625
0.8739
0.88325
0.9049
0.9225
0.954575
0.968275
0.9824
0.982575
1.0183
1.0215
1.049825
1.05275
1.054925
1.058875
1.0809
1.1383
1.156625
1.157675
1.2228
1.2332
1.238075
1.243375
1.243675
1.248775
1.2728
1.280025
1.298175
1.3324
1.336675
1.34705
1.38295
1.4536
1.46715
1.467975
1.5277
1.54835
1.574925
1.583125
1.5924
1.609725
1.6143
1.648275
1.6908
1.71635
1.7821
1.83125
2.065325
2.077075
2.09215
2.12975
2.142775
2.1524
2.1857
2.2701
2.285475
2.32015
2.347775
2.432975
2.5091
2.550625
2.841775
2.947625
2.950175
2.99695
3.0296
3.07535
3.16925
3.171025
3.267575
3.284675
3.39335
3.44935
3.509075
3.5488
3.564825
3.62255
3.669875
3.676375
3.7255
3.753425
3.850125
3.880375
3.8921
3.895525
4.0227
4.033425
4.116
4.184625
4.3079
4.407325
4.413175
4.5777
4.900225
4.9015
4.936025
4.971175
5.028825
5.05745
5.089825
5.335775
5.411725
5.427675
5.46765
5.476575
5.518225
5.5612
5.65365
5.6634
5.69965
5.78995
5.954575
6.0985
6.163375
6.25015
6.2517
6.394425
6.52385
6.750575
6.7629
6.7793
7.033925
7.03685
7.04245
7.08665
7.145475
7.228175
7.29895
7.330025
7.3624
7.403025
7.553275
7.649875
7.676825
7.758475
8.016
8.142325
8.15645
8.2971
8.319925
8.3314
8.43895
8.4841
8.515075
8.5579
8.587975
8.809675
8.83125
8.868225
8.8812
8.97425
9.107
9.2108
9.298475
9.40555
9.478075
9.50495
9.54985
9.814475
9.905075
9.946625
9.980175
208
