0.16175
0.195075
0.196325
0.2275
0.2639
0.2783
0.3143
0.423425
0.439525
0.456375
0.471525
0.481275
0.482025
0.50025
0.50875
0.51815
0.553725
0.58685
0.60455
0.62365
0.63105
0.639875
0.644825
0.6542
0.65795
0.6692
0.6852
0.69205
0.693
0.713325
0.724
0.72635
0.742975
0.744125
0.754275
0.769425
0.774275
0.795
0.8126
0.8184
0.833
0.8362
0.8481
0.8546
0.88725
0.901325
0.910375
0.91165
0.912525
0.914175
0.921675
0.9467
0.963475
0.976375
0.9808
0.9813
0.986325
1.001825
1.01615
1.020075
1.024025
1.025775
1.026275
1.055275
1.068125
1.07825
1.0984
1.127325
1.13365
1.135375
1.147925
1.14945
1.1585
1.188075
1.221475
1.257275
1.286625
1.2999
1.3202
1.408625
1.4301
1.4489
1.499825
1.5592
1.62435
1.635775
1.69085
1.698725
1.725825
1.8691
1.8787
1.928125
1.94575
1.9565
1.96875
1.985775
2.0463
2.080025
2.10915
2.131475
2.16715
2.16795
2.27855
2.315875
2.596625
2.6464
2.806725
2.883
2.90125
2.960975
2.961475
3.0065
3.093875
3.138875
3.1879
3.43555
3.460075
3.468025
3.5877
3.6274
3.659775
3.69645
3.7143
3.732225
3.748675
3.781975
3.794225
3.825775
3.830775
3.87435
3.921275
3.98935
4.0125
4.26685
4.30645
4.363125
4.486075
4.5106
4.5574
4.622175
4.653275
4.72095
4.829175
4.854925
4.88785
5.002175
5.282
5.33145
5.3664
5.4534
5.523325
5.579475
5.5939
5.59745
5.6666
5.672675
5.80135
5.846575
6.05265
6.064125
6.064375
6.1021
6.241875
6.32465
6.35485
6.52955
6.60605
6.632975
6.6564
6.684675
6.6874
6.778325
6.9335
7.008775
7.032675
7.17155
7.185325
7.261175
7.301925
7.359075
7.437675
7.443625
7.4777
7.4893
7.576225
7.80975
7.811525
7.837375
7.844625
7.8597
7.88195
7.899325
7.93185
8.0772
8.133325
8.47625
8.53915
8.595
8.782075
8.810775
8.85345
8.882175
8.976125
9.252075
9.318
9.331125
9.340875
9.456925
9.80425
9.855425
9.9483
9.990625
212
