0.105575
0.13015
0.201225
0.2766
0.3524
0.440125
0.481075
0.493175
0.497125
0.505275
0.514775
0.5182
0.528425
0.556775
0.556925
0.56395
0.57215
0.57315
0.58015
0.5925
0.5969
0.60135
0.612925
0.64695
0.66105
0.6867
0.69955
0.705225
0.7304
0.74145
0.7484
0.76295
0.7672
0.782
0.785825
0.805375
0.813875
0.815025
0.8396
0.849
0.84975
0.8512
0.8632
0.888325
0.88905
0.9392
0.942575
0.969575
0.975225
1.020675
1.02405
1.032725
1.033425
1.0593
1.06945
1.075275
1.087475
1.0961
1.0972
1.1039
1.12725
1.1386
1.14235
1.192625
1.20455
1.224725
1.2297
1.234675
1.237125
1.237675
1.247425
1.258125
1.32195
1.323725
1.3845
1.3851
1.431775
1.4329
1.441575
1.47825
1.492475
1.574125
1.576125
1.63875
1.6953
1.714175
1.733675
1.74305
1.7674
1.775525
1.8033
1.8087
1.8097
1.8137
1.853675
1.8626
2.044025
2.0696
2.105
2.154975
2.1812
2.248025
2.269125
2.399175
2.405075
2.444725
2.45585
2.51035
2.538025
2.563875
2.606725
2.66245
2.737175
2.835325
2.888575
2.89115
2.99895
3.01
3.021325
3.069225
3.0922
3.1085
3.110725
3.1406
3.258375
3.29875
3.336525
3.3607
3.3746
3.55325
3.661375
3.72535
3.736525
3.80635
4.039425
4.164225
4.2116
4.382325
4.416725
4.4298
4.4969
4.507325
4.579775
4.81425
4.94465
4.966325
4.995925
5.103275
5.1848
5.2168
5.255325
5.4342
5.44705
5.9479
5.952125
6.114475
6.132875
6.462125
6.498825
6.563825
6.72105
6.780275
6.826625
7.013025
7.019725
7.1259
7.21095
7.3076
7.363525
7.397975
7.4077
7.752575
7.86995
7.905775
7.92425
7.945875
7.9699
7.976575
8.136275
8.2531
8.258275
8.338275
8.69795
8.8824
8.898625
9.008975
9.126175
9.2702
9.397025
9.4121
9.42925
9.57115
9.9641
9.993875
194
