0.039325
0.040925
0.29055
0.326525
0.4419
0.476025
0.482675
0.486475
0.491
0.5082
0.511075
0.515225
0.5189
0.5208
0.53175
0.5346
0.552475
0.56655
0.58205
0.59175
0.5961
0.600725
0.607775
0.6162
0.624425
0.624925
0.6324
0.633125
0.6369
0.637225
0.6405
0.654125
0.655375
0.6577
0.671075
0.671925
0.6901
0.7012
0.707775
0.73545
0.736225
0.7516
0.7685
0.7741
0.7757
0.7811
0.7919
0.810475
0.852975
0.864275
0.891425
0.893175
0.893725
0.961625
0.970325
0.982525
0.99435
1.0237
1.047575
1.05135
1.06365
1.06825
1.08605
1.0994
1.103525
1.120825
1.133025
1.1489
1.208425
1.20895
1.233275
1.235825
1.244175
1.281925
1.2848
1.366225
1.388475
1.45095
1.5282
1.528975
1.54105
1.55515
1.5739
1.57535
1.575825
1.606675
1.612775
1.631075
1.66845
1.719725
1.732325
1.759425
1.763225
1.7871
1.7947
1.82915
1.843525
1.852325
1.8584
1.872825
1.87385
1.963325
1.999675
2.024175
2.02875
2.0666
2.111675
2.28785
2.317775
2.390325
2.4423
2.5816
2.635225
2.636375
2.63725
2.672225
2.86945
2.902275
2.935625
2.95615
2.978925
3.2044
3.211325
3.270225
3.38735
3.485625
3.5104
3.5686
3.642925
3.686425
3.68845
3.72
3.730725
3.75845
3.817875
3.8341
3.839775
3.986125
3.992725
4.01045
4.12055
4.1373
4.342225
4.4132
4.4164
4.475875
4.538925
4.584575
4.6004
4.622725
4.71825
4.767125
4.772
4.784
5.010775
5.086275
5.136375
5.250475
5.2924
5.313325
5.40175
5.5371
5.58035
5.67715
5.83785
5.870125
5.9721
6.050625
6.108875
6.12075
6.21755
6.220325
6.30145
6.348075
6.36075
6.4535
6.4565
6.623175
6.646875
6.758975
6.765275
6.964225
6.981425
6.983275
7.121775
7.281375
7.3036
7.417
7.58045
7.654075
7.752725
7.8421
7.85185
7.90785
7.999925
8.009725
8.11955
8.175175
8.1865
8.251875
8.30085
8.47595
8.47975
8.5784
8.588375
8.63515
8.754025
8.791725
8.888
8.9762
9.022925
9.047325
9.27605
9.313325
9.36355
9.4213
9.438875
9.54265
9.74745
9.790525
9.83975
9.96105
222
