0.004775
0.046125
0.107525
0.1553
0.209125
0.33775
0.44115
0.4603
0.4741
0.476325
0.489225
0.4946
0.51475
0.5307
0.5334
0.540275
0.55085
0.5563
0.563425
0.5676
0.579825
0.5931
0.5945
0.603
0.606425
0.618425
0.645375
0.6492
0.683425
0.685525
0.693525
0.695125
0.71815
0.7285
0.753675
0.77455
0.792625
0.8099
0.8323
0.849875
0.855375
0.859925
0.86035
0.872375
0.87755
0.88015
0.880275
0.8883
0.920375
0.958975
0.970225
0.971125
0.991575
1.001925
1.01235
1.042425
1.075375
1.10065
1.1037
1.130275
1.147875
1.164175
1.187325
1.21065
1.2173
1.22255
1.249575
1.2615
1.29885
1.30305
1.365475
1.412725
1.43675
1.4543
1.475
1.570675
1.59025
1.6927
1.693875
1.711275
1.733825
1.76445
1.796625
1.847325
1.86615
1.8807
1.977025
2.00635
2.0155
2.06285
2.062875
2.078775
2.083825
2.114475
2.125075
2.13665
2.186325
2.2411
2.2812
2.34365
2.352825
2.36505
2.373425
2.37995
2.38505
2.43005
2.446175
2.49395
2.5728
2.6158
2.81685
2.836075
2.89195
3.00425
3.009275
3.066925
3.1532
3.17915
3.1997
3.201925
3.27055
3.297225
3.329025
3.39415
3.43925
3.453425
3.57455
3.617575
3.650825
3.6625
3.703925
3.961675
3.96795
4.0617
4.139125
4.16315
4.2453
4.3185
4.33025
4.369825
4.43425
4.488075
4.50075
4.51575
4.519625
4.55055
4.562025
4.611375
4.642125
4.68495
4.793725
4.97035
5.134025
5.1381
5.1444
5.24455
5.3218
5.325375
5.404175
5.41905
5.49295
5.64545
5.769725
5.881425
5.883275
5.988625
6.06195
6.158475
6.2198
6.229975
6.3279
6.38825
6.404
6.412775
6.494225
6.4971
6.6418
6.748575
6.778275
6.7843
6.80055
6.8041
6.952975
6.98785
7.01115
7.067925
7.20765
7.234975
7.302075
7.6074
7.8142
7.82245
7.865325
8.0581
8.05855
8.2522
8.2682
8.323775
8.368025
8.399375
8.40925
8.439325
8.567325
8.588625
8.74665
8.764675
8.853925
8.9224
9.278875
9.34155
9.3695
9.5137
9.520675
9.68645
9.7017
9.8116
9.831675
217
