0.162325
0.189175
0.235925
0.275275
0.307075
0.4258
0.479475
0.498925
0.517575
0.52315
0.537125
0.5506
0.55155
0.55475
0.559025
0.5655
0.566825
0.582125
0.5893
0.602125
0.603625
0.605175
0.61855
0.61975
0.6358
0.649875
0.66285
0.668425
0.692725
0.70425
0.74255
0.746075
0.76305
0.796825
0.8011
0.80285
0.835475
0.83835
0.860125
0.862125
0.868125
0.872775
0.884375
0.91025
0.919225
0.919625
0.94445
0.97705
1.0004
1.00285
1.0111
1.011175
1.0338
1.03515
1.038875
1.046925
1.113275
1.133025
1.174575
1.180675
1.18685
1.242225
1.246475
1.27925
1.291625
1.300325
1.3115
1.392475
1.426175
1.462
1.518125
1.628625
1.6558
1.6778
1.696925
1.697225
1.728925
1.750525
1.816175
1.816925
1.8233
1.823975
1.825775
1.8774
1.884775
1.934975
1.938
1.941175
2.0562
2.14415
2.1528
2.187425
2.19665
2.2064
2.274775
2.29235
2.3409
2.353975
2.355175
2.5443
2.600175
2.6276
2.662775
2.686925
2.688475
2.711025
2.72155
2.823875
2.871675
2.95905
3.245025
3.294025
3.32925
3.47665
3.634275
3.6384
3.710225
3.802
3.8261
3.8624
3.9192
3.9864
3.98995
4.0456
4.11105
4.11605
4.3353
4.39765
4.449475
4.4568
4.484375
4.5709
4.641
4.71145
4.802875
4.815875
4.87535
4.921475
4.93865
5.054275
5.105975
5.107275
5.16905
5.17295
5.214875
5.34685
5.3691
5.438675
5.49795
5.5562
5.58425
5.602675
5.614775
5.685525
5.7549
5.80515
5.88005
6.03505
6.078175
6.141975
6.37315
6.44955
6.65165
6.657775
6.671175
6.823025
6.994225
7.074425
7.080275
7.10335
7.237825
7.259525
7.434875
7.46755
7.47225
7.503225
7.5421
7.7068
7.83345
7.9734
7.99595
8.074025
8.0745
8.1274
8.29325
8.359975
8.411125
8.454625
8.52795
8.543425
8.586275
8.639925
8.781975
8.85795
8.9147
9.047125
9.060225
9.1165
9.197025
9.2021
9.276575
9.3713
9.403225
9.5588
9.5675
9.69865
9.737575
9.799375
9.8133
9.817475
9.889425
211
