0.009775
0.069525
0.084525
0.156025
0.40765
0.479475
0.484125
0.49455
0.51915
0.5209
0.52555
0.53565
0.535725
0.53585
0.5497
0.5659
0.58085
0.5881
0.615125
0.63415
0.6381
0.638925
0.640525
0.6445
0.676625
0.6812
0.68165
0.686875
0.694225
0.7251
0.726475
0.727025
0.734675
0.742525
0.745925
0.75485
0.763875
0.765075
0.76985
0.77
0.77525
0.805
0.833275
0.834325
0.872425
0.87825
0.888425
0.89175
0.9135
0.917575
0.93365
0.954975
0.987125
0.99225
1.030675
1.03605
1.03775
1.079025
1.081225
1.113825
1.119575
1.12265
1.1436
1.18335
1.194625
1.1996
1.202625
1.2122
1.22615
1.2447
1.246125
1.26745
1.282975
1.305375
1.30695
1.325675
1.340875
1.346675
1.3532
1.370025
1.37725
1.410425
1.442525
1.444625
1.4707
1.471025
1.480775
1.485125
1.485725
1.4945
1.5319
1.588475
1.600875
1.62615
1.69265
1.716725
1.725575
1.768525
1.779375
1.78335
1.800875
1.80905
1.8447
1.848975
1.8519
1.91975
2.02315
2.104775
2.1173
2.158725
2.268825
2.281775
2.2902
2.30575
2.314175
2.328575
2.3349
2.353225
2.4647
2.467825
2.478825
2.512625
2.5944
2.638225
2.679375
2.826125
2.860475
2.87375
2.928125
2.929125
3.0103
3.1088
3.1225
3.144025
3.1842
3.203725
3.2297
3.25005
3.310175
3.369025
3.44035
3.450175
3.482275
3.504625
3.538375
3.558875
3.59435
3.6648
3.75765
3.766525
3.7912
3.83365
3.8578
3.887975
4.047625
4.0832
4.09325
4.1155
4.140025
4.1769
4.204125
4.278025
4.394875
4.4268
4.462075
4.50445
4.5263
4.55775
4.561175
4.958
5.00465
5.132975
5.153375
5.19015
5.25015
5.262575
5.2848
5.370225
5.459725
5.5569
5.70745
5.726525
5.8206
6.18295
6.228475
6.319475
6.3923
6.4141
6.524675
6.57105
6.6381
6.884275
6.969525
7.11595
7.136325
7.16315
7.1921
7.2354
7.2441
7.352325
7.3549
7.39235
7.419025
7.6284
7.6675
7.9479
7.968325
8.0741
8.105125
8.129375
8.249775
8.3291
8.614875
8.6765
8.737
8.992725
9.121975
9.371125
9.374025
9.5694
9.611525
9.6652
9.6885
9.732575
9.843425
9.860475
226
