0.2762
0.312825
0.446075
0.468025
0.470575
0.4739
0.489325
0.492075
0.50465
0.5078
0.521
0.524975
0.52765
0.530925
0.56795
0.5861
0.595375
0.60725
0.611875
0.6122
0.631825
0.644725
0.6477
0.6782
0.682875
0.692525
0.71675
0.72185
0.722625
0.734175
0.764875
0.768925
0.825775
0.84725
0.848175
0.850175
0.864875
0.885
0.8963
0.896575
0.931425
0.93745
0.946525
0.955775
0.978175
0.978775
0.979075
0.98675
0.9907
0.99145
0.995125
1.005075
1.013775
1.01555
1.027775
1.060725
1.090175
1.105975
1.1381
1.144775
1.14925
1.1503
1.154625
1.16565
1.180825
1.19705
1.230875
1.247775
1.268125
1.281375
1.3671
1.3771
1.398725
1.416275
1.427425
1.468925
1.49025
1.497925
1.509675
1.5142
1.529625
1.556875
1.575225
1.5785
1.610475
1.61705
1.6432
1.6945
1.732775
1.767875
1.772075
1.865375
1.942275
1.973425
1.9869
2.04845
2.0966
2.10005
2.128225
2.225075
2.31625
2.3445
2.38225
2.38665
2.467975
2.482925
2.483225
2.500775
2.54225
2.598175
2.7065
2.784625
2.809175
2.8462
2.86275
2.8744
2.9248
2.934375
2.98425
3.08415
3.128025
3.2102
3.2736
3.2788
3.30415
3.42695
3.505925
3.517
3.6087
3.670425
3.682325
3.778175
3.829
3.948175
4.00885
4.035425
4.0804
4.1973
4.209925
4.34995
4.36955
4.451725
4.48945
4.567925
4.599775
4.77395
4.82685
4.82895
4.86975
5.0873
5.177925
5.22805
5.3811
5.439975
5.5404
5.54045
5.5613
5.570575
5.593
5.8212
5.8455
5.8638
5.914025
6.066875
6.146175
6.1721
6.1824
6.2832
6.4622
6.62785
6.67835
6.752125
6.831025
6.93275
6.937125
7.1126
7.19675
7.2876
7.404625
7.413225
7.415525
7.5541
7.664025
7.759775
7.83815
7.941225
8.046525
8.068275
8.11475
8.128225
8.13885
8.19195
8.2541
8.28285
8.34565
8.491275
8.54745
8.6713
8.76665
8.896925
8.992725
9.010825
9.046825
9.106075
9.106825
9.1114
9.15845
9.21435
9.243625
9.26445
9.338275
9.40895
9.47395
9.4886
9.546175
9.634225
9.752425
9.832375
218
