0.0028
0.0836
0.13575
0.238025
0.2537
0.3201
0.409875
0.44145
0.4558
0.47325
0.47695
0.483825
0.495425
0.502125
0.519225
0.52005
0.521375
0.5251
0.5455
0.552025
0.55645
0.57055
0.57225
0.577625
0.5972
0.646325
0.652625
0.66085
0.666275
0.67945
0.687875
0.698025
0.702275
0.708775
0.709625
0.721825
0.745775
0.77275
0.79125
0.79305
0.7986
0.802325
0.80785
0.80835
0.8259
0.83985
0.85695
0.86615
0.87595
0.88085
0.892025
0.9219
0.935375
0.944
0.98565
1.00005
1.005
1.0254
1.04675
1.054
1.0633
1.139775
1.1611
1.180775
1.186725
1.194575
1.2248
1.2334
1.23895
1.291325
1.292675
1.365375
1.391475
1.427875
1.44835
1.4543
1.460125
1.475975
1.47655
1.534925
1.604575
1.63415
1.6537
1.659625
1.683475
1.6959
1.71115
1.75645
1.91815
1.93385
1.960675
1.962875
2.064525
2.06645
2.118675
2.196175
2.261425
2.2797
2.290675
2.29105
2.2959
2.333325
2.478775
2.496225
2.498175
2.5064
2.512475
2.526775
2.533525
2.5354
2.546225
2.568875
2.588825
2.599075
2.732425
2.82495
2.922475
2.95985
3.09655
3.1778
3.24875
3.256025
3.4335
3.441075
3.656875
3.7016
3.729275
3.85275
3.85605
3.8955
4.143075
4.15135
4.252925
4.339225
4.344675
4.530375
4.685225
4.7162
4.827575
4.84475
4.89085
4.8963
4.92335
4.930975
5.019025
5.041875
5.11785
5.1618
5.176
5.202825
5.217175
5.248825
5.3908
5.567275
5.662625
5.710425
5.720525
5.85705
5.8575
5.8823
5.90945
5.9255
5.990825
5.9944
6.06025
6.122925
6.176925
6.236475
6.30735
6.39055
6.480425
6.5469
6.591825
6.66405
6.83925
6.853
6.987375
6.9968
7.012075
7.283625
7.717875
7.79235
7.909075
7.97405
8.0067
8.010725
8.12655
8.238275
8.269325
8.275225
8.345425
8.450975
8.48245
8.57695
8.584475
8.6698
8.918325
9.074525
9.1693
9.3282
9.467525
9.5083
9.543
9.559075
9.5697
9.579375
9.7002
9.80195
9.8355
9.863025
9.962775
211
