0.08635
0.2151
0.226025
0.431275
0.4343
0.446925
0.468375
0.480875
0.49865
0.4995
0.49975
0.505925
0.506575
0.51135
0.517875
0.520825
0.521025
0.5355
0.549625
0.552425
0.5563
0.559325
0.571875
0.59155
0.6153
0.620325
0.63365
0.641575
0.65125
0.681075
0.68525
0.694575
0.720325
0.724975
0.725175
0.743175
0.755025
0.76785
0.768175
0.775025
0.783
0.79525
0.815875
0.82735
0.841325
0.844075
0.8785
0.8998
0.89995
0.9158
0.92475
0.938375
0.968875
0.9696
0.969875
0.972075
0.984475
0.98935
1.0248
1.0288
1.042425
1.04615
1.102325
1.185175
1.2281
1.2672
1.2984
1.30665
1.3439
1.344
1.389825
1.444025
1.458875
1.46015
1.4724
1.48925
1.4926
1.5952
1.602475
1.61985
1.64915
1.6791
1.726
1.8095
2.0395
2.04185
2.0795
2.151625
2.156625
2.189775
2.217875
2.22395
2.236325
2.2959
2.514175
2.516975
2.561025
2.59505
2.622525
2.6604
2.678425
2.705625
2.717325
2.748325
2.8173
2.823825
2.8647
2.930675
2.94495
2.9862
2.9956
3.00515
3.03415
3.0512
3.090725
3.096875
3.10035
3.139175
3.19
3.21625
3.265475
3.409025
3.518575
3.590225
3.6183
3.775175
3.795425
3.866725
3.9046
3.921675
4.06085
4.061025
4.06435
4.15525
4.28005
4.291475
4.360125
4.41125
4.416075
4.47775
4.5708
4.626925
4.63295
4.689975
4.710325
4.72935
4.754975
4.82755
4.848875
4.8761
5.073975
5.084475
5.117875
5.134475
5.155825
5.18145
5.345
5.572575
5.636625
5.65165
5.7253
5.760675
5.80405
5.92515
5.983575
6.0072
6.0384
6.06995
6.084175
6.1522
6.173275
6.22665
6.37995
6.467375
6.528525
6.6353
6.66705
6.678475
6.713175
6.726525
6.73495
6.748675
6.759875
6.802325
6.874
6.9078
6.9209
6.978775
7.146125
7.182125
7.322825
7.3588
7.402875
7.433225
7.492475
7.527675
7.551375
7.59175
7.813025
7.8714
8.2552
8.29125
8.3352
8.351175
8.3628
8.411175
8.456375
8.50265
8.505775
8.52055
8.720875
9.040375
9.067925
9.0948
9.1538
9.26075
9.31025
9.34355
9.43235
9.5778
9.5984
9.60145
9.6312
9.67375
9.7023
9.74145
9.835275
9.8791
228
