0.023225
0.089725
0.092
0.29285
0.436825
0.465825
0.482975
0.4846
0.51575
0.52035
0.5241
0.525475
0.53395
0.552725
0.5629
0.5751
0.577725
0.583475
0.589175
0.5901
0.592275
0.60015
0.61515
0.622925
0.627475
0.6506
0.656075
0.754375
0.773675
0.776025
0.783775
0.78725
0.79025
0.8287
0.83365
0.841675
0.842825
0.843475
0.8854
0.889175
0.89215
0.892225
0.892925
0.8958
0.906925
0.9156
0.91625
0.9408
0.9462
0.947725
0.9725
0.98345
0.987125
0.99775
1.00005
1.04765
1.117025
1.147125
1.154025
1.157675
1.16755
1.187925
1.1997
1.207875
1.211625
1.215175
1.245425
1.255175
1.28885
1.299225
1.320475
1.426475
1.44685
1.5584
1.607975
1.61775
1.635025
1.663675
1.683225
1.685025
1.7124
1.769325
1.8251
1.879325
1.887875
1.9174
1.925525
1.96275
1.97155
1.99975
2.13535
2.2335
2.26285
2.34175
2.3928
2.54305
2.61205
2.660275
2.665375
2.6937
2.72055
2.78765
2.838025
3.007175
3.0466
3.167125
3.19125
3.208475
3.219175
3.24075
3.2543
3.74635
3.8324
3.837125
3.936175
3.9767
4.093475
4.1291
4.192175
4.23035
4.25525
4.26505
4.332275
4.341275
4.513775
4.515775
4.553125
4.587975
4.7011
4.7803
4.798925
4.8688
4.95405
5.02985
5.0335
5.0364
5.053425
5.2039
5.26385
5.296575
5.4604
5.47885
5.50175
5.60345
5.6794
5.7399
5.7916
5.88585
5.88685
5.917575
5.929225
6.00995
6.036525
6.037975
6.081975
6.175925
6.273475
6.2905
6.29295
6.295
6.41795
6.450725
6.496875
6.525125
6.54035
6.5893
6.6121
6.75185
6.813325
6.868425
6.887275
6.900875
6.9053
7.0309
7.0512
7.078225
7.20925
7.2303
7.23775
7.317
7.371075
7.375375
7.508325
7.552175
7.58575
7.788125
7.800125
7.802975
7.814125
8.03975
8.1927
8.38735
8.4099
8.466725
8.49015
8.495175
8.498175
8.57625
8.715475
8.814025
9.02485
9.02865
9.078075
9.10715
9.112025
9.127775
9.21045
9.2236
9.320825
9.34165
9.948
211
