0.08425
0.14755
0.2699
0.271625
0.363025
0.39335
0.4698
0.4731
0.487475
0.490925
0.495925
0.5043
0.516125
0.519475
0.53135
0.555225
0.5584
0.56625
0.5823
0.59545
0.618625
0.628
0.636025
0.641825
0.665725
0.67955
0.683825
0.69175
0.7191
0.72425
0.736875
0.75405
0.7707
0.789575
0.790425
0.7929
0.8122
0.818225
0.82675
0.828025
0.84745
0.866225
0.87495
0.8857
0.89385
0.918725
0.91915
0.9347
0.93845
0.9985
1.004625
1.0233
1.050725
1.0584
1.0885
1.1247
1.141575
1.158525
1.15865
1.167675
1.189225
1.194475
1.28085
1.3416
1.344875
1.392075
1.40935
1.4244
1.444225
1.503375
1.5039
1.532025
1.54495
1.588175
1.59805
1.641325
1.679275
1.741125
1.75325
1.809925
1.821275
1.854625
1.878875
1.880275
1.938825
1.96235
2.000225
2.051775
2.120375
2.134575
2.201725
2.23255
2.3637
2.384875
2.398775
2.412675
2.448225
2.448375
2.44965
2.544025
2.557625
2.622875
2.652475
2.709475
2.7162
2.72545
2.756725
2.95455
2.982525
2.98905
3.034
3.09075
3.1411
3.1958
3.408925
3.42985
3.4882
3.5782
3.579475
3.733325
3.747475
3.74895
3.7966
3.8336
3.94315
3.9889
3.9951
4.030675
4.0665
4.095925
4.099275
4.19955
4.225025
4.275775
4.378475
4.454525
4.49595
4.55505
4.71515
4.797875
5.040375
5.115625
5.135125
5.18025
5.1926
5.2302
5.271725
5.391625
5.674175
5.68575
5.74385
5.755125
5.776175
5.79565
5.845975
5.881825
5.94075
6.1613
6.179075
6.38205
6.3986
6.452625
6.534425
6.542325
6.584875
6.646325
6.74195
6.7567
6.8134
6.82595
6.833475
6.912525
7.020925
7.055475
7.1236
7.3022
7.409575
7.454125
7.467775
7.518525
7.55285
7.595225
7.6197
7.65745
7.72665
7.791025
7.9722
8.085475
8.2593
8.261575
8.29215
8.4002
8.4651
8.5768
8.58725
8.598325
8.710125
8.801025
8.868425
8.8929
8.90045
8.971725
9.004525
9.19135
9.24895
9.271225
9.365675
9.387525
9.6223
9.626925
9.64475
9.952775
9.96935
213
