0.34325
0.407025
0.464125
0.469275
0.47485
0.479975
0.491675
0.49955
0.504025
0.5076
0.509025
0.514625
0.516625
0.51835
0.52395
0.5263
0.531125
0.5435
0.560175
0.566625
0.56695
0.584975
0.588375
0.600025
0.60805
0.60895
0.6129
0.6309
0.632625
0.6333
0.6359
0.63695
0.63885
0.661075
0.672175
0.687425
0.697375
0.741875
0.7501
0.782025
0.79125
0.80495
0.8287
0.83915
0.8426
0.873925
0.898725
0.9128
0.923975
0.92825
0.93415
0.9556
0.989725
0.994875
0.996475
1.02015
1.03235
1.057675
1.0809
1.0823
1.093425
1.11585
1.12005
1.1228
1.130725
1.1342
1.145325
1.1521
1.171575
1.179825
1.2002
1.2126
1.2186
1.2192
1.302825
1.311125
1.3123
1.3476
1.383575
1.392975
1.45445
1.463425
1.467625
1.47345
1.4866
1.492325
1.507825
1.556875
1.56095
1.585725
1.599275
1.61585
1.6422
1.687675
1.6905
1.702025
1.7589
1.7948
1.7974
1.938425
1.9751
1.9834
1.99555
2.0034
2.07915
2.0907
2.116775
2.21465
2.3107
2.341125
2.375975
2.422825
2.5868
2.63235
2.64305
2.673
2.6736
2.676025
2.679025
2.6834
2.70625
2.8235
2.854425
2.907725
2.928225
3.030575
3.05865
3.077725
3.127575
3.137275
3.142525
3.155025
3.18605
3.21485
3.215925
3.273075
3.2906
3.3341
3.380625
3.54645
3.593025
3.718425
3.789075
3.900875
3.9422
3.991925
4.089325
4.170825
4.287325
4.311825
4.33925
4.387025
4.5684
4.606125
4.65495
4.681175
4.712625
4.79575
4.800525
4.8037
4.832
4.8871
5.0558
5.1216
5.1952
5.231225
5.35115
5.393475
5.39855
5.460925
5.712575
5.773675
5.9722
5.976725
6.048325
6.067825
6.068225
6.146225
6.159775
6.231175
6.26255
6.2872
6.302025
6.3177
6.334175
6.362025
6.551875
6.622325
6.675075
6.7524
6.82415
6.8424
6.937975
7.0759
7.1412
7.279475
7.4158
7.5976
7.625475
7.791575
7.8564
7.88335
8.073125
8.134725
8.14015
8.14645
8.623775
8.6264
8.70475
8.7923
8.825225
8.84535
8.861425
8.8932
8.96665
8.97575
9.0002
9.208075
9.277075
9.347775
9.35005
9.375175
9.468125
9.531175
9.55925
9.6388
9.6781
9.802925
228
