0.069475
0.263875
0.296325
0.30985
0.32095
0.3539
0.44875
0.4532
0.503775
0.508475
0.533425
0.533625
0.5516
0.5578
0.56285
0.609525
0.61215
0.6276
0.638475
0.6387
0.643075
0.65665
0.672475
0.678225
0.68095
0.6963
0.7179
0.727975
0.747025
0.7522
0.7536
0.786825
0.788675
0.798025
0.80615
0.807625
0.81605
0.83395
0.872325
0.883275
0.885525
0.895925
0.898925
0.8994
0.902375
0.914625
0.93125
0.932825
0.978
0.979425
1.00835
1.040775
1.087275
1.09975
1.1692
1.16965
1.1711
1.19215
1.193825
1.1948
1.29
1.374275
1.3795
1.381625
1.40575
1.5361
1.54485
1.557275
1.624975
1.86185
1.872125
1.885925
1.8941
1.92945
1.9471
1.992925
2.010025
2.017875
2.0218
2.1435
2.1436
2.200725
2.238375
2.248275
2.298375
2.29885
2.327075
2.4763
2.482275
2.4838
2.503
2.601875
2.654475
2.7892
2.856225
2.897725
2.90415
3.0502
3.0567
3.139825
3.20405
3.24745
3.266025
3.291225
3.327875
3.359675
3.426375
3.439025
3.45925
3.561525
3.593825
3.605075
3.64315
3.6463
3.743725
3.750175
3.833375
3.8535
3.865875
3.94915
3.9536
3.953775
3.987025
4.0509
4.05515
4.085925
4.08775
4.173125
4.2101
4.294175
4.30575
4.335
4.33535
4.362375
4.40345
4.41435
4.463525
4.4649
4.5899
4.641325
4.6422
4.721775
4.76505
4.79295
4.883475
4.929875
4.981175
5.111725
5.136875
5.407275
5.432825
5.5931
5.5967
5.62245
5.645575
5.734
5.9306
5.9569
5.97065
6.31475
6.376925
6.428925
6.52325
6.644825
6.669775
6.79085
6.8071
6.83955
6.848025
6.896075
7.2306
7.3324
7.405625
7.451675
7.45455
7.465575
7.497525
7.547075
7.575675
7.601525
7.6654
7.793525
7.930875
8.0559
8.0972
8.111225
8.2519
8.3153
8.339725
8.3905
8.48435
8.512125
8.552575
8.60455
8.608125
8.700625
8.7148
8.7367
8.868925
8.873125
8.978175
8.985425
9.0677
9.2757
9.35465
9.361
9.50545
9.5502
9.770775
9.8191
9.894125
9.9172
9.929675
9.949
9.952425
9.989975
216
