0.099825
0.1387
0.193225
0.275625
0.388225
0.4324
0.434825
0.450575
0.454175
0.45735
0.5098
0.5143
0.5239
0.528825
0.53575
0.549175
0.550425
0.562525
0.565125
0.56815
0.573225
0.5856
0.602
0.603125
0.612875
0.636525
0.6488
0.668375
0.6693
0.670375
0.68205
0.6852
0.6855
0.7147
0.717125
0.71955
0.7305
0.75495
0.7615
0.772825
0.77665
0.788375
0.7915
0.834125
0.83635
0.847875
0.860475
0.8689
0.927225
0.933475
0.938075
0.939625
0.959825
1.004725
1.006
1.022475
1.058325
1.0586
1.0645
1.08995
1.09135
1.093425
1.1266
1.15185
1.154975
1.170475
1.175125
1.181925
1.189275
1.20225
1.2161
1.23015
1.25395
1.25775
1.264775
1.274025
1.32925
1.373675
1.384
1.391325
1.414925
1.42495
1.4859
1.50755
1.5209
1.52475
1.5428
1.6042
1.686
1.696525
1.715625
1.762875
1.781275
1.782075
1.810575
1.82735
1.83995
1.87195
1.8949
1.900625
1.91045
1.91415
1.96875
2.07325
2.1072
2.140325
2.19205
2.2507
2.2646
2.2941
2.346
2.374475
2.4
2.44085
2.48375
2.497325
2.56995
2.582975
2.663175
2.722425
2.743425
2.808175
2.823575
2.826025
2.8638
2.8958
2.9055
2.90945
2.955025
2.9744
2.9802
3.03185
3.0518
3.05565
3.07525
3.102725
3.121625
3.207025
3.215125
3.2196
3.22865
3.3144
3.31985
3.483375
3.520125
3.564075
3.573
3.573475
3.604025
3.610075
3.75715
3.76625
4.0
4.015275
4.0372
4.10595
4.15795
4.1605
4.174275
4.252625
4.3446
4.3972
4.40755
4.486525
4.51545
4.84935
4.941475
4.994125
5.0136
5.063825
5.0845
5.085825
5.1253
5.22185
5.27565
5.2758
5.380475
5.5245
5.5479
5.6749
5.6788
5.721775
5.921825
6.0833
6.31515
6.500075
6.508825
6.51885
6.57845
6.681475
6.705675
6.769325
6.8424
6.852375
6.904875
7.0622
7.1567
7.28215
7.33625
7.544075
7.56685
7.597925
7.63515
7.730675
7.748175
7.80375
7.93555
8.062275
8.19105
8.233425
8.289775
8.2966
8.4715
8.495925
8.557125
8.662275
8.8579
8.867875
8.971175
9.0756
9.779575
9.9109
222
