0.06905
0.196775
0.433675
0.433775
0.45045
0.458525
0.508875
0.516475
0.5215
0.530775
0.53105
0.54085
0.5717
0.580225
0.597225
0.605675
0.613775
0.615325
0.622725
0.623275
0.6245
0.62625
0.640175
0.64425
0.650025
0.6548
0.66605
0.66825
0.684275
0.700075
0.703025
0.707
0.7259
0.726575
0.7377
0.74075
0.7759
0.777675
0.793975
0.8243
0.86415
0.8659
0.88945
0.899
0.94555
0.94575
0.950725
0.95945
0.9627
0.96385
1.01255
1.0165
1.1208
1.121575
1.12195
1.146925
1.151275
1.223525
1.225325
1.238275
1.2429
1.3072
1.322525
1.329825
1.334
1.3841
1.44515
1.4461
1.512075
1.512575
1.52665
1.546875
1.578025
1.6771
1.688475
1.757325
1.793475
1.8654
1.8982
1.898575
1.965975
1.996225
2.144
2.177725
2.18415
2.198625
2.204725
2.2491
2.2652
2.30325
2.420575
2.48875
2.4901
2.66435
2.7075
2.7364
2.742975
2.746525
2.75805
2.830325
2.94805
3.008225
3.018075
3.107325
3.264
3.287025
3.322975
3.404375
3.4044
3.64335
3.796275
3.857975
3.935575
4.014525
4.03565
4.096475
4.11835
4.2005
4.2423
4.25175
4.43735
4.460675
4.612825
4.61895
4.642775
4.7474
4.7795
4.802375
4.90985
5.001575
5.196075
5.21355
5.2227
5.319075
5.327
5.379475
5.459025
5.634
5.77035
5.816475
6.013475
6.186625
6.2722
6.2756
6.296975
6.2994
6.484325
6.8003
6.83965
6.975825
7.24995
7.268
7.2732
7.303
7.34305
7.59235
7.633025
7.635225
7.68135
7.7967
7.86205
7.903725
7.995575
8.0037
8.117075
8.179675
8.186925
8.267475
8.27995
8.53135
8.540975
8.56005
8.586
8.712775
8.7423
8.795025
8.926825
9.48835
9.50685
9.630675
9.664575
9.671725
9.6885
9.73075
9.7328
9.7908
9.875275
9.88695
188
