0.04355
0.2455
0.386
0.437275
0.461375
0.486975
0.48815
0.4966
0.501625
0.5144
0.515175
0.5161
0.520175
0.555775
0.5641
0.5756
0.578525
0.58525
0.603375
0.60465
0.604675
0.61025
0.6182
0.640425
0.662925
0.666375
0.6737
0.684475
0.684725
0.686725
0.68815
0.6925
0.7136
0.723925
0.724175
0.7281
0.7524
0.768075
0.771625
0.78375
0.784275
0.79035
0.79125
0.7949
0.796725
0.7991
0.80255
0.817725
0.85105
0.86965
0.885675
0.89475
0.933325
0.93935
0.981275
0.9875
1.011275
1.013725
1.01845
1.021875
1.073625
1.073825
1.11835
1.1302
1.199125
1.253025
1.25645
1.3091
1.364425
1.382
1.39605
1.4014
1.409475
1.41225
1.4384
1.46785
1.481925
1.484275
1.488325
1.5915
1.597225
1.59915
1.612025
1.67675
1.693075
1.754
1.7588
1.759125
1.761275
1.775475
1.7938
1.818125
1.828875
1.8377
1.871125
1.927075
1.9365
2.00675
2.034325
2.057125
2.074775
2.12165
2.122075
2.160075
2.20635
2.207275
2.32785
2.3414
2.3469
2.3759
2.433925
2.45435
2.48885
2.58205
2.6036
2.61235
2.613375
2.70835
2.768275
2.84
2.87485
2.950825
3.0795
3.115075
3.185475
3.2714
3.3786
3.399675
3.40605
3.432775
3.5009
3.54645
3.577875
3.62435
3.661125
3.680375
3.708375
3.790375
3.840325
3.85695
3.9053
3.9633
3.995675
4.082325
4.092825
4.0963
4.222975
4.246425
4.407225
4.4254
4.4293
4.516075
4.531175
4.5624
4.752525
4.852725
4.9211
4.983825
5.012875
5.036975
5.2815
5.282175
5.283275
5.3393
5.3521
5.35425
5.407725
5.44415
5.4861
5.5886
5.676275
5.854725
5.9243
5.95505
5.999925
6.003875
6.0902
6.203375
6.214325
6.58685
6.93585
7.016275
7.075325
7.21535
7.226925
7.3617
7.567975
7.57225
7.67225
7.7606
7.775
7.997225
8.0525
8.064925
8.311625
8.408775
8.435375
8.4707
8.478925
8.642225
8.697
8.741725
9.0015
9.216025
9.28805
9.543225
9.66935
9.750175
9.958925
9.966475
210
