0.00075
0.125075
0.19425
0.3268
0.467625
0.4679
0.49615
0.5085
0.51155
0.526525
0.531175
0.548875
0.55125
0.55215
0.5545
0.5564
0.558375
0.561075
0.561925
0.5669
0.572075
0.57265
0.5921
0.594
0.599375
0.59995
0.6143
0.62195
0.63595
0.66185
0.6646
0.697975
0.698275
0.761025
0.77005
0.770375
0.7791
0.78105
0.78195
0.81595
0.8195
0.852575
0.932525
1.00075
1.008325
1.075325
1.096525
1.11265
1.1383
1.142225
1.15745
1.158075
1.174375
1.2097
1.2105
1.2258
1.245275
1.277075
1.284925
1.314025
1.32905
1.3375
1.435
1.439575
1.4427
1.44535
1.451725
1.4558
1.499875
1.514425
1.526075
1.541425
1.54495
1.630825
1.6457
1.650225
1.706475
1.754675
1.800675
1.8119
1.845625
1.857525
1.9004
2.0393
2.040875
2.1419
2.174375
2.235525
2.2854
2.322425
2.3464
2.37515
2.3811
2.4177
2.441475
2.538475
2.59595
2.6226
2.804775
2.819325
2.9373
2.94385
2.97385
2.99265
3.03935
3.04305
3.047725
3.05115
3.074225
3.089775
3.15045
3.1584
3.19245
3.2044
3.2184
3.231025
3.2396
3.250125
3.26125
3.26555
3.306375
3.320925
3.337275
3.3401
3.469275
3.4994
3.506675
3.556625
3.626
3.6305
3.67425
3.731575
3.7676
3.998
4.1076
4.197225
4.2157
4.231625
4.26145
4.486925
4.715
4.8528
4.879425
4.906925
4.985225
4.98865
5.1456
5.1667
5.21965
5.22035
5.2269
5.370625
5.409
5.58855
5.603325
5.828775
6.011775
6.18475
6.227875
6.233625
6.2741
6.314325
6.452225
6.67665
6.719175
6.8412
6.890025
6.9275
6.99315
6.994825
7.02285
7.23545
7.27475
7.314525
7.397025
7.4982
7.559875
7.579025
7.723725
7.825725
7.904575
7.910675
7.920875
7.931075
7.973
7.9872
8.02395
8.0559
8.194225
8.28515
8.3896
8.49845
8.507125
8.636125
8.72615
8.862175
8.8916
8.903375
9.245925
9.259975
9.3196
9.37975
9.39585
9.427875
9.521825
9.620775
9.65205
9.670475
9.72625
9.7979
9.800175
9.815
9.951375
213
