0.03205
0.072175
0.14525
0.182575
0.211175
0.349725
0.449675
0.46765
0.47445
0.492725
0.49605
0.500875
0.501525
0.50225
0.502875
0.5038
0.527275
0.528975
0.533
0.540725
0.550375
0.58395
0.587175
0.61365
0.614175
0.620625
0.62925
0.6455
0.689375
0.699425
0.700775
0.705975
0.722475
0.7627
0.78285
0.784975
0.815825
0.832525
0.861675
0.868
0.91355
0.937175
0.99155
0.998125
1.022525
1.0535
1.11895
1.12555
1.14305
1.1751
1.2142
1.249525
1.302925
1.341125
1.351625
1.370925
1.406
1.40635
1.4183
1.43145
1.444125
1.452325
1.4538
1.466625
1.532625
1.53655
1.55915
1.581425
1.5873
1.606625
1.61765
1.621925
1.643125
1.6443
1.654625
1.681125
1.682925
1.759325
1.7942
1.84895
1.869175
1.87745
1.89135
2.04205
2.05295
2.065725
2.178225
2.234
2.277125
2.287025
2.3249
2.38245
2.396875
2.467225
2.49255
2.5258
2.53895
2.544425
2.6019
2.62835
2.685825
2.713175
2.73665
2.7847
2.789575
2.793275
2.814225
2.858
2.873725
2.915575
2.9882
3.011825
3.11635
3.21595
3.23485
3.315425
3.425525
3.4423
3.461275
3.6368
3.742625
3.759775
3.83765
3.88345
3.88625
3.964375
3.9963
4.00175
4.006675
4.012
4.052025
4.1094
4.114825
4.132975
4.1764
4.1774
4.181625
4.2547
4.28015
4.342625
4.383925
4.4065
4.416275
4.455825
4.480075
4.540475
4.571725
4.695325
4.807125
4.96575
5.0594
5.16205
5.1886
5.2759
5.408725
5.462525
5.47395
5.628775
5.64295
5.657675
5.800375
5.8562
5.92615
5.9798
6.083375
6.2619
6.290675
6.33275
6.371
6.432375
6.628275
6.62985
6.669
6.706925
6.7104
6.7348
6.85615
6.922025
7.012425
7.063175
7.11585
7.183025
7.337625
7.35975
7.5136
7.5144
7.53815
7.684525
7.7922
7.817525
7.908075
7.94905
7.961325
8.087925
8.11785
8.416875
8.457925
8.563875
8.9834
9.005175
9.136825
9.2047
9.27975
9.386775
9.462875
9.467725
9.48155
9.53545
9.5701
9.629125
9.71675
9.7239
9.734725
9.7538
9.7864
9.953825
9.957525
217
