0.127025
0.15175
0.2943
0.3384
0.41105
0.4317
0.440725
0.453925
0.477375
0.482075
0.4941
0.507825
0.5094
0.52175
0.5267
0.528275
0.53325
0.538625
0.5403
0.553875
0.55985
0.58265
0.617325
0.639575
0.6899
0.6938
0.703175
0.7172
0.721625
0.72365
0.740425
0.751175
0.759975
0.76425
0.806775
0.8367
0.85925
0.8715
0.8753
0.88135
0.88785
0.906175
0.90865
0.927525
0.932825
0.965175
0.9779
0.979725
0.981275
0.9814
0.990175
1.0005
1.010225
1.01255
1.015175
1.031925
1.0386
1.0443
1.050825
1.066725
1.102375
1.118725
1.1476
1.14995
1.167125
1.224475
1.2513
1.258
1.305025
1.31615
1.316175
1.352775
1.354525
1.40375
1.471575
1.4839
1.4898
1.54155
1.56045
1.589325
1.6012
1.617575
1.6433
1.800575
1.804775
1.80655
1.82325
1.87495
1.877375
1.904025
1.9089
1.9338
2.0248
2.02715
2.0367
2.052075
2.102375
2.10495
2.1129
2.133325
2.2466
2.259
2.32705
2.338375
2.362775
2.3645
2.3658
2.39925
2.41825
2.44615
2.46565
2.46715
2.476275
2.559075
2.579925
2.5916
2.59925
2.725375
2.759175
2.787675
2.79065
2.869125
2.913475
2.9923
3.00975
3.07955
3.0872
3.120975
3.20205
3.26435
3.282125
3.344875
3.35145
3.38965
3.508025
3.55495
3.630225
3.73185
3.805225
3.8981
3.9133
3.917575
3.937375
3.998475
3.999175
4.0838
4.134125
4.14655
4.226
4.27305
4.2765
4.3195
4.35535
4.406425
4.47425
4.477575
4.5424
4.630475
4.821675
4.8255
4.8318
4.880825
5.0774
5.1059
5.13955
5.231875
5.2576
5.441525
5.4519
5.550125
5.737675
5.8411
5.966625
5.997675
6.029175
6.2329
6.506375
6.52935
6.56215
6.76315
6.872625
6.8872
6.91415
7.02285
7.2007
7.299625
7.306425
7.332475
7.35
7.4026
7.4751
7.521375
7.577475
7.676925
7.6881
7.734
7.755225
7.854275
8.09145
8.400075
8.458575
8.48145
8.60005
8.6663
8.73245
8.7701
8.888125
8.917125
8.934875
8.971375
9.0779
9.097225
9.255675
9.285175
9.352375
9.3703
9.449025
9.615875
9.717125
9.720275
9.785825
9.89885
9.9134
9.921075
9.9735
9.986875
226
