0.017225
0.04965
0.058875
0.176225
0.187775
0.20255
0.21235
0.215625
0.30525
0.47835
0.4921
0.512375
0.5144
0.529875
0.543475
0.553825
0.5544
0.563525
0.586475
0.591075
0.60465
0.611525
0.628575
0.63755
0.642275
0.6444
0.686225
0.697775
0.71355
0.722275
0.724725
0.737375
0.763925
0.76945
0.804925
0.826525
0.889525
0.898375
0.911425
0.9741
0.98135
0.98295
0.9926
0.9982
1.00015
1.0033
1.00845
1.020375
1.0413
1.06815
1.113425
1.15545
1.16075
1.1761
1.1953
1.198425
1.203875
1.210325
1.24715
1.2532
1.2676
1.277425
1.285725
1.324625
1.3671
1.390325
1.3954
1.446775
1.476075
1.51985
1.542425
1.559225
1.581625
1.5893
1.640475
1.6581
1.7065
1.709925
1.75625
1.79975
1.84735
1.886575
1.894575
1.8961
1.915075
2.0348
2.060775
2.061675
2.065925
2.0902
2.10485
2.122775
2.152825
2.161675
2.16415
2.177125
2.235075
2.259825
2.3301
2.40825
2.43235
2.478525
2.492425
2.499425
2.51075
2.526825
2.5345
2.5481
2.590525
2.609375
2.660525
2.7079
2.807275
2.826575
2.859975
2.919725
2.96035
2.997
3.0858
3.093225
3.096825
3.120875
3.150075
3.1593
3.170175
3.174275
3.206425
3.2513
3.30715
3.37045
3.3902
3.4306
3.478125
3.549975
3.560025
3.739975
3.758675
3.934925
4.045375
4.104525
4.132925
4.174525
4.2401
4.4394
4.595825
4.685025
4.733525
4.762875
5.017325
5.0409
5.094175
5.137725
5.183325
5.283175
5.36495
5.40415
5.44895
5.594175
5.643025
5.6945
5.7928
5.83965
5.868575
5.94875
6.005525
6.100275
6.218075
6.2239
6.30755
6.4718
6.674625
7.003825
7.145275
7.188175
7.2475
7.397825
7.4228
7.896425
8.0464
8.0882
8.190625
8.439575
8.483225
8.498175
8.52255
8.571425
8.602025
8.6387
8.6493
8.821975
9.013325
9.0231
9.05065
9.123475
9.1947
9.294275
9.334025
9.494725
9.68435
9.93275
200
