0.002475
0.02595
0.27185
0.366825
0.43225
0.4328
0.482175
0.483775
0.507375
0.5218
0.52225
0.5371
0.540425
0.544175
0.5471
0.562275
0.582125
0.585975
0.59745
0.61285
0.615825
0.6466
0.6484
0.655725
0.665175
0.67325
0.68025
0.68615
0.6895
0.7008
0.701025
0.7301
0.779375
0.77995
0.789875
0.8292
0.8316
0.837075
0.8399
0.8583
0.867375
0.8765
0.8805
0.88485
0.900625
0.906
0.9094
0.913
0.925175
0.94215
0.945
0.987975
1.002475
1.004325
1.050975
1.057325
1.067975
1.084525
1.0863
1.09425
1.1249
1.128125
1.132575
1.14365
1.14785
1.152525
1.167675
1.185475
1.20475
1.20755
1.281575
1.285625
1.298525
1.3033
1.3652
1.3777
1.48375
1.56985
1.661625
1.673425
1.690575
1.705425
1.7301
1.73575
1.75605
1.7574
1.802525
1.861025
1.923275
2.0076
2.075625
2.1013
2.11625
2.16535
2.19975
2.24165
2.2853
2.333425
2.338575
2.36355
2.39325
2.393475
2.39925
2.471825
2.4974
2.51625
2.555725
2.629525
2.636025
2.7426
2.859625
3.008
3.032625
3.1222
3.16665
3.18465
3.220625
3.2603
3.260575
3.323925
3.3252
3.33015
3.425475
3.445725
3.476
3.576925
3.65745
3.7346
3.7663
3.7841
3.790675
3.941225
4.041225
4.057075
4.1004
4.146075
4.2102
4.211525
4.222075
4.22955
4.354325
4.446475
4.55015
4.595275
4.6073
4.649975
4.6774
4.7494
4.782075
4.8228
4.870625
4.8927
4.9008
4.9023
4.974825
4.9963
5.106375
5.220425
5.2756
5.449375
5.50275
5.544525
5.584825
5.64705
5.7449
5.7913
5.8522
5.900975
5.91535
5.9665
5.97915
6.08945
6.138825
6.1618
6.188475
6.346925
6.4956
6.72445
6.770325
6.788875
6.962375
6.976675
6.979725
7.247425
7.32625
7.507625
7.551825
7.601375
7.6299
7.732475
7.745625
7.77265
7.783425
7.7845
7.81195
8.079875
8.10435
8.233075
8.3035
8.331
8.353625
8.4011
8.4158
8.5224
8.55365
8.783725
8.83025
8.9564
9.05825
9.275975
9.31285
9.330225
9.484825
9.502
9.5064
9.638125
9.780475
9.7845
9.807725
219
