0.04035
0.051975
0.09805
0.161075
0.414525
0.41615
0.46615
0.475875
0.48285
0.4851
0.494725
0.5352
0.541275
0.5441
0.55085
0.558125
0.55965
0.57075
0.583675
0.596025
0.597475
0.605525
0.62285
0.62305
0.651375
0.6515
0.653125
0.654025
0.6744
0.708675
0.731675
0.736725
0.74745
0.75635
0.80535
0.83485
0.836475
0.838075
0.83845
0.85175
0.8673
0.8798
0.881825
0.895575
0.910625
0.976175
0.99025
1.002375
1.03175
1.03745
1.040275
1.0495
1.08245
1.09515
1.132475
1.140075
1.15085
1.151425
1.15775
1.175775
1.244975
1.263025
1.29475
1.3002
1.385175
1.38965
1.403975
1.41665
1.427925
1.440375
1.448225
1.462175
1.507475
1.535575
1.56535
1.581925
1.586275
1.65335
1.7002
1.7033
1.850975
1.8739
1.885125
1.9801
2.036475
2.045525
2.05615
2.134725
2.18395
2.2121
2.268775
2.37705
2.388925
2.433675
2.550575
2.5941
2.634625
2.6909
2.792575
2.79555
2.864025
2.901125
2.932175
2.966175
2.9913
3.0344
3.06445
3.15025
3.1717
3.1949
3.21195
3.373675
3.5438
3.54825
3.62095
3.6823
3.75445
3.7969
3.936025
3.953575
4.18685
4.2027
4.337225
4.523775
4.536075
4.546025
4.719625
4.730225
4.7886
4.886425
4.8956
4.897625
4.98655
4.9926
5.018975
5.047325
5.066825
5.106575
5.162525
5.211825
5.229375
5.25765
5.455125
5.5097
5.5456
5.6088
5.65785
5.8604
5.921
5.94075
5.97935
5.999525
6.014925
6.14485
6.19595
6.4071
6.4253
6.49135
6.519025
6.572975
6.5987
6.63665
6.659625
6.930925
7.004225
7.0504
7.0544
7.2064
7.222875
7.330725
7.341125
7.378625
7.480375
7.537225
7.76015
7.7779
7.936475
8.005275
8.013675
8.227475
8.33215
8.7809
8.781425
8.79895
8.833825
8.8689
8.9303
9.0474
9.222325
9.334575
9.4905
9.5536
9.69525
9.765925
9.792775
195
