0.0007
0.048575
0.119275
0.29915
0.326725
0.439
0.464175
0.486375
0.48785
0.4907
0.49485
0.496125
0.497125
0.5068
0.52535
0.526175
0.5403
0.541525
0.5432
0.5554
0.56015
0.5603
0.57345
0.5769
0.581425
0.58605
0.58825
0.5899
0.599775
0.6045
0.623425
0.63485
0.64475
0.649825
0.653275
0.656475
0.6611
0.66325
0.66805
0.671675
0.691725
0.693525
0.69505
0.69575
0.704875
0.712
0.716925
0.7398
0.7523
0.754475
0.754725
0.77085
0.78165
0.8202
0.8267
0.82755
0.85015
0.851225
0.8519
0.8628
0.88015
0.9117
0.9132
0.914525
0.916725
0.919975
0.93525
0.943
0.972375
0.9764
1.01055
1.022525
1.029025
1.04145
1.05525
1.06275
1.084825
1.102575
1.104225
1.109975
1.11515
1.151325
1.1764
1.180275
1.1934
1.23915
1.242775
1.27715
1.289175
1.29735
1.43295
1.437275
1.471925
1.5094
1.553325
1.57345
1.5908
1.6201
1.6658
1.7381
1.7384
1.751775
1.820525
1.854425
1.9047
1.9122
1.931875
1.936425
1.9585
2.027175
2.030375
2.111425
2.113675
2.130725
2.185975
2.187125
2.21615
2.228175
2.253625
2.30005
2.344025
2.35195
2.44675
2.4731
2.489825
2.572225
2.581875
2.58785
2.632275
2.72245
2.7632
2.768825
2.8582
2.940025
2.97855
2.989375
3.06195
3.076225
3.141675
3.161375
3.2961
3.451425
3.64525
3.7063
3.782125
3.791775
3.80955
3.809975
3.863675
3.934975
4.138175
4.392375
4.4443
4.459725
4.530725
4.615025
4.67645
4.6936
4.906125
5.312525
5.41945
5.430025
5.599925
5.6927
5.737225
5.7405
5.745775
5.8182
5.866
5.96585
5.967475
5.973
6.0396
6.047675
6.207725
6.29715
6.3787
6.593
6.6221
6.8112
6.848
6.89325
6.943075
7.096825
7.247175
7.265125
7.356975
7.3678
7.40945
7.42555
7.665175
7.7197
7.844525
7.862625
7.93265
7.9599
7.997075
7.999775
8.017925
8.0842
8.160075
8.2153
8.22355
8.273025
8.337225
8.372125
8.3886
8.475325
8.659325
8.807975
8.81475
8.8384
9.063375
9.22885
9.402625
9.515
9.526625
9.7762
9.8198
9.91855
9.9479
9.95165
222
