0.074875
0.16625
0.260575
0.410475
0.42455
0.425
0.482225
0.491625
0.497725
0.5029
0.503475
0.50475
0.505175
0.52525
0.525275
0.528075
0.528475
0.532225
0.5449
0.545725
0.545975
0.549075
0.554075
0.574575
0.585025
0.586925
0.593825
0.595925
0.598525
0.611025
0.631975
0.635125
0.6381
0.640775
0.6427
0.646525
0.6522
0.66215
0.662575
0.68115
0.68355
0.685925
0.698775
0.698925
0.709725
0.713175
0.7162
0.7241
0.724925
0.727
0.742725
0.76565
0.774525
0.7754
0.7944
0.824075
0.8442
0.8834
0.89
0.896425
0.908425
0.929075
0.972475
0.979575
1.02425
1.067075
1.174475
1.18875
1.1987
1.21085
1.2117
1.21195
1.213625
1.21515
1.221025
1.240225
1.2417
1.250725
1.252825
1.3564
1.357025
1.478475
1.49375
1.49695
1.538575
1.5533
1.557575
1.582275
1.639225
1.67155
1.713175
1.790425
1.799175
1.800075
1.818825
1.849725
1.8575
1.867275
1.8717
1.90595
1.91365
2.002275
2.0068
2.02135
2.076925
2.131675
2.17115
2.171425
2.269575
2.2951
2.41835
2.4401
2.44285
2.451625
2.49695
2.541125
2.5766
2.58715
2.6066
2.609425
2.615175
2.651925
2.68185
2.6931
2.72565
2.747925
2.777825
2.807225
2.8118
2.8198
3.0884
3.1299
3.223025
3.3279
3.359575
3.423775
3.48875
3.528275
3.565625
3.6197
3.689
3.734675
3.7828
3.816575
3.83645
3.849
3.96085
3.967075
4.023675
4.095975
4.10385
4.138025
4.224475
4.30095
4.339725
4.385125
4.5056
4.58665
4.5965
4.6156
4.7257
4.756775
4.82335
5.0041
5.107425
5.16085
5.2777
5.453775
5.519325
5.660075
5.744425
6.05295
6.062025
6.13605
6.150225
6.2759
6.314325
6.3261
6.348025
6.502175
6.53345
6.54275
6.609425
6.629775
6.76635
6.85255
7.06915
7.09745
7.1269
7.1883
7.202175
7.42185
7.4316
7.471125
7.634775
7.65765
7.7066
7.752725
7.839275
7.975225
7.98825
8.0158
8.023075
8.074625
8.086275
8.093575
8.1488
8.150175
8.277025
8.313275
8.448525
8.49515
8.576175
8.622275
8.6462
8.6493
8.858675
8.986775
9.2296
9.2906
9.306275
9.364275
9.4452
9.460725
9.5927
9.688975
9.7404
9.793625
9.8592
9.884075
9.9893
231
