0.13635
0.25705
0.3442
0.4043
0.40935
0.4259
0.43805
0.438175
0.457075
0.472275
0.4753
0.4833
0.490325
0.491125
0.507625
0.523925
0.537325
0.55865
0.559925
0.56445
0.567975
0.5862
0.599675
0.6023
0.618975
0.630925
0.633825
0.6418
0.670025
0.67835
0.683975
0.691
0.699075
0.70895
0.72215
0.741025
0.77185
0.782475
0.8063
0.82645
0.830625
0.84185
0.8453
0.861325
0.878275
0.9066
0.920625
0.922275
0.930575
0.935175
0.940025
0.942275
0.945025
0.95275
0.9554
1.002975
1.01295
1.016525
1.0224
1.026075
1.02945
1.03265
1.07545
1.129875
1.13885
1.16755
1.183225
1.1896
1.205875
1.2342
1.295
1.302775
1.32985
1.342275
1.376125
1.38165
1.401075
1.42715
1.437075
1.442325
1.470325
1.47615
1.500625
1.5867
1.615925
1.6315
1.633175
1.64845
1.654475
1.69605
1.718325
1.734675
1.769325
1.817825
1.818225
1.8279
1.943175
1.9447
1.965375
2.03595
2.04725
2.061675
2.093225
2.141575
2.1844
2.27795
2.282075
2.28555
2.327475
2.4818
2.515975
2.518275
2.52245
2.52745
2.551375
2.6124
2.615275
2.632925
2.683775
2.705
2.9344
2.9793
3.064875
3.096925
3.13165
3.150425
3.169425
3.22615
3.4736
3.562
3.580275
3.585975
3.62855
3.6373
3.69265
3.805
3.940225
4.2718
4.3188
4.384775
4.38905
4.430475
4.566875
4.61375
4.76465
4.76975
4.77445
4.831725
4.853525
4.87055
4.882175
4.8875
4.95585
4.978925
5.046725
5.06515
5.083725
5.2472
5.2557
5.346525
5.365375
5.39265
5.493375
5.504
5.669375
5.695575
6.139475
6.2536
6.264475
6.35255
6.406325
6.46435
6.519875
6.55005
6.557175
6.56115
6.646725
6.6825
6.694975
6.9405
7.096725
7.113975
7.1843
7.208525
7.3594
7.377275
7.402925
7.62745
7.74295
7.800925
7.838725
7.983525
8.007025
8.0657
8.12775
8.169125
8.341775
8.4437
8.54875
8.552125
8.7232
8.847925
8.868175
8.868625
8.900675
8.9147
8.95035
9.047375
9.1344
9.182375
9.21105
9.265675
9.34285
9.402425
9.492175
9.5271
9.564025
9.597925
9.732425
9.8472
9.896625
221
