0.0326
0.2754
0.308875
0.332275
0.446225
0.448475
0.4715
0.485425
0.49275
0.49905
0.5008
0.504575
0.510325
0.510975
0.511525
0.521875
0.5222
0.52825
0.539675
0.5422
0.546725
0.551425
0.559925
0.56245
0.57785
0.5936
0.59855
0.605425
0.60845
0.613725
0.6156
0.6159
0.61815
0.6198
0.6393
0.65265
0.65435
0.66095
0.661725
0.6684
0.671125
0.67345
0.675175
0.679825
0.684725
0.69105
0.709025
0.70975
0.74295
0.7481
0.74815
0.7574
0.758775
0.760225
0.77345
0.774225
0.7818
0.788775
0.791175
0.796375
0.812775
0.823425
0.8323
0.84595
0.8579
0.866425
0.893725
0.8969
0.8987
0.90275
0.906375
0.928575
0.99065
0.99215
1.003825
1.045075
1.053525
1.0731
1.078225
1.100275
1.1071
1.151375
1.17165
1.195325
1.1982
1.22905
1.24815
1.26855
1.2708
1.3031
1.3075
1.382225
1.387475
1.4497
1.462725
1.517375
1.517575
1.524775
1.52685
1.531075
1.617275
1.637475
1.643775
1.66565
1.717225
1.796625
1.80125
1.83775
1.849325
1.8548
1.9655
2.015575
2.03495
2.125525
2.150675
2.1951
2.21965
2.260075
2.272925
2.2966
2.311275
2.3329
2.3422
2.349325
2.35255
2.421725
2.452675
2.453725
2.4954
2.5088
2.512025
2.670075
2.68765
2.7408
2.7419
2.826175
2.926025
2.976975
2.990675
3.056525
3.08525
3.177675
3.182775
3.264025
3.266
3.270775
3.3226
3.343925
3.3694
3.555825
3.569375
3.574275
3.698875
3.767975
3.899975
3.9581
4.0023
4.1793
4.302925
4.4026
4.4033
4.4174
4.462925
4.5239
4.560275
4.5867
4.597175
4.64695
4.7917
4.81995
4.868325
4.97975
5.0736
5.185775
5.1898
5.25425
5.30305
5.32005
5.49265
5.5012
5.531125
5.704925
5.705075
5.774325
5.79775
5.808225
6.029175
6.057075
6.6978
6.734325
6.734475
6.8996
7.0334
7.32085
7.3674
7.405475
7.5092
7.6446
7.6851
7.693375
7.718975
7.8941
7.978025
8.19145
8.522775
8.524275
8.661175
8.851525
9.013525
9.154925
9.287425
9.5012
9.51855
9.5718
9.73035
9.73485
9.86605
9.869025
9.87435
9.881475
9.90205
9.923875
222
