0.1208
0.4685
0.484525
0.499325
0.50025
0.506525
0.52085
0.524825
0.52705
0.535875
0.53635
0.540625
0.5407
0.54445
0.546825
0.55135
0.58095
0.593275
0.601225
0.6081
0.62345
0.6246
0.632425
0.657275
0.6585
0.6597
0.68325
0.6848
0.6947
0.7126
0.728925
0.740425
0.74725
0.7479
0.772575
0.814275
0.823875
0.824175
0.865875
0.8922
0.901775
0.92905
0.96645
1.0055
1.0136
1.055775
1.0821
1.097
1.13085
1.14235
1.1457
1.167575
1.1701
1.172425
1.18965
1.1979
1.31075
1.330175
1.34715
1.422675
1.45465
1.467275
1.514
1.548725
1.590925
1.602375
1.625975
1.647475
1.754425
1.77765
1.779325
1.794325
1.921575
1.956175
2.04195
2.0492
2.050325
2.1258
2.13815
2.155175
2.1586
2.1694
2.1861
2.209575
2.3039
2.351375
2.40135
2.418775
2.424025
2.4291
2.679525
2.685175
2.8226
2.861725
2.973325
2.980775
3.000775
3.030775
3.04765
3.072475
3.079125
3.2201
3.276625
3.2839
3.494825
3.54
3.59665
3.638525
3.784475
3.8328
3.983525
4.0412
4.050325
4.0578
4.1445
4.15345
4.203575
4.24425
4.32035
4.39435
4.42795
4.4641
4.468125
4.5131
4.55865
4.565925
4.571875
4.602475
4.614275
4.626775
4.78295
4.814375
4.845625
4.850225
4.9632
4.986075
5.04615
5.084625
5.10655
5.160225
5.2646
5.5941
5.605525
5.6415
5.681575
5.68375
5.729475
5.7825
5.804825
5.8632
5.9294
5.951525
5.989875
6.112725
6.1397
6.202775
6.2183
6.247
6.34625
6.4807
6.49155
6.597
6.600975
6.640525
6.685325
6.8004
7.0478
7.063825
7.083925
7.254525
7.428125
7.584775
7.82035
7.884225
7.9342
7.9649
8.009875
8.079375
8.092775
8.15415
8.20695
8.26445
8.565975
8.593875
8.594475
8.606225
8.61655
8.96225
8.97365
8.996525
9.141175
9.182425
9.21105
9.2757
9.288275
9.2958
9.432575
9.434325
9.449125
9.644175
9.65035
9.755275
9.769475
203
