0.24655
0.3116
0.473
0.481075
0.490675
0.496175
0.4985
0.508925
0.522725
0.5246
0.53
0.530125
0.531725
0.5343
0.5769
0.583725
0.585875
0.610025
0.6188
0.61975
0.625325
0.625625
0.629375
0.64185
0.64575
0.6723
0.67395
0.68115
0.695625
0.718175
0.7626
0.769025
0.772
0.77365
0.800475
0.821175
0.8507
0.852325
0.871
0.87245
0.88715
0.89055
0.964
0.98165
0.98665
0.9977
1.038625
1.041375
1.050625
1.07485
1.0752
1.079525
1.12495
1.1263
1.1715
1.194675
1.235725
1.262075
1.286975
1.35025
1.3781
1.3959
1.43185
1.4368
1.45035
1.45605
1.490825
1.53
1.563875
1.5985
1.600225
1.648525
1.661425
1.722075
1.8173
1.824325
1.847025
1.95125
1.96665
2.1143
2.11485
2.1306
2.16265
2.168425
2.240475
2.245925
2.308375
2.327725
2.431
2.480925
2.513675
2.52705
2.54875
2.556225
2.59895
2.711475
2.734
2.7412
2.7755
2.819625
2.838525
2.8486
2.855675
2.8991
3.0331
3.06325
3.06495
3.2128
3.2169
3.2465
3.4611
3.46475
3.478425
3.5015
3.573375
3.59455
3.8103
3.83545
3.845675
3.859125
3.882675
3.901625
3.936775
4.12425
4.161125
4.17145
4.279225
4.345175
4.5205
4.525225
4.603675
4.6743
4.6867
4.691
4.698275
4.742175
4.820325
4.949025
5.049325
5.1489
5.159975
5.16705
5.2081
5.21815
5.301625
5.38205
5.41385
5.441275
5.4598
5.485775
5.5732
5.661325
5.664225
5.672375
5.773375
5.97135
6.347275
6.359125
6.405425
6.509875
6.645625
6.679325
6.695075
6.7802
6.83975
7.034975
7.2082
7.217325
7.232075
7.31765
7.346575
7.440925
7.67855
7.88465
8.02405
8.0835
8.123875
8.1335
8.147975
8.1826
8.2168
8.22575
8.380025
8.4181
8.50595
8.525625
8.582625
8.679575
8.8201
8.91835
8.962925
9.0019
9.113775
9.18005
9.3032
9.3727
9.465525
9.6803
9.713025
9.71575
9.754425
9.82885
9.844375
9.846625
9.9728
9.9903
206
