0.018725
0.07235
0.3192
0.424925
0.441375
0.4616
0.478325
0.48175
0.489925
0.494375
0.5106
0.53205
0.549025
0.54945
0.550525
0.551525
0.55335
0.560525
0.56525
0.5687
0.568925
0.571525
0.57465
0.581575
0.583
0.5919
0.60315
0.605325
0.6058
0.6165
0.63135
0.63175
0.636875
0.63795
0.64855
0.667625
0.669125
0.6818
0.684575
0.68625
0.68825
0.688975
0.716725
0.726175
0.72835
0.72985
0.774425
0.811575
0.813625
0.8227
0.8497
0.8635
0.897925
0.8988
0.911825
0.91415
0.916575
0.97335
0.99765
1.008375
1.03115
1.046525
1.057925
1.064225
1.06435
1.075425
1.08585
1.0968
1.1131
1.1695
1.1697
1.2039
1.239225
1.258725
1.31075
1.319875
1.344125
1.368825
1.378725
1.40095
1.423375
1.444875
1.460225
1.462825
1.524525
1.5372
1.54125
1.6007
1.675175
1.7125
1.71505
1.72765
1.77525
1.80005
1.954625
2.091875
2.096525
2.151175
2.215
2.267325
2.3385
2.445325
2.522425
2.58605
2.588975
2.591925
2.63255
2.6414
2.656625
2.680575
2.71435
2.7375
2.740425
2.748225
2.828125
2.8901
2.921825
2.98125
3.031275
3.133525
3.16545
3.167525
3.175325
3.218725
3.28345
3.3056
3.31435
3.407975
3.421325
3.429325
3.561175
3.63255
3.690775
3.726625
3.77345
3.800025
3.82365
3.8469
3.8752
3.906175
3.98575
4.0085
4.0432
4.0983
4.13155
4.174725
4.253325
4.254575
4.367075
4.3784
4.41505
4.642825
4.725725
4.756
4.82225
4.94025
4.959525
4.96065
5.136825
5.15685
5.19225
5.210475
5.369325
5.38735
5.4028
5.427075
5.45755
5.5052
5.530725
5.612275
5.677675
5.70425
5.72745
5.868275
5.908675
6.066125
6.0766
6.100175
6.225325
6.239275
6.331575
6.461025
6.81005
6.89675
7.03855
7.066575
7.105925
7.1923
7.24455
7.264975
7.486125
7.64555
7.7031
7.808425
7.85505
7.868975
7.943225
8.180275
8.2001
8.25845
8.303125
8.355425
8.385425
8.39145
8.474075
8.4796
8.55095
8.612325
8.697425
8.821075
8.838725
8.871925
9.00785
9.015075
9.085375
9.264225
9.463725
9.525525
9.637075
9.79285
9.8275
9.836225
9.8563
9.919675
224
