0.159525
0.364225
0.39845
0.43905
0.439325
0.4447
0.476
0.48275
0.489475
0.494325
0.49465
0.4949
0.497475
0.499075
0.504875
0.506725
0.51605
0.53645
0.548825
0.54925
0.556425
0.5587
0.570775
0.572925
0.57765
0.579675
0.60125
0.60975
0.62595
0.634425
0.63615
0.638375
0.666375
0.669775
0.673825
0.68395
0.687825
0.691875
0.70455
0.707475
0.727425
0.732725
0.749625
0.781375
0.79795
0.818925
0.8215
0.8229
0.8238
0.85
0.932175
0.935975
0.93735
0.9444
0.950675
0.987775
1.00465
1.00475
1.049125
1.089675
1.11445
1.117525
1.1405
1.169625
1.18905
1.211375
1.23635
1.245075
1.257225
1.261625
1.277575
1.30415
1.30555
1.310725
1.3234
1.32595
1.3502
1.355375
1.357075
1.404475
1.43105
1.47575
1.48895
1.515375
1.518775
1.540325
1.693325
1.727475
1.75095
1.76815
1.805325
1.805425
1.92735
2.0137
2.038675
2.12235
2.231375
2.2533
2.37625
2.4334
2.444925
2.508275
2.5154
2.578275
2.756275
2.796925
2.8186
2.846475
2.939975
2.942625
2.945925
2.969125
3.05885
3.0676
3.069475
3.1269
3.279875
3.358
3.51215
3.55015
3.593325
3.602125
3.603725
3.684375
3.76555
3.806025
3.817775
3.820125
3.90945
3.9326
3.948275
3.971
4.016375
4.029175
4.1536
4.190525
4.320375
4.343925
4.35775
4.37005
4.457575
4.572
4.6084
4.685725
4.743075
4.74775
4.7485
4.814775
4.8199
4.880525
4.890075
4.9052
4.9337
5.057225
5.107725
5.224325
5.330575
5.362625
5.401925
5.4902
5.621675
5.751675
5.8307
5.89185
5.909375
6.051275
6.13545
6.320775
6.40925
6.41165
6.412825
6.466175
6.479125
6.487125
6.544075
6.557775
6.592775
6.62825
6.810575
6.82575
6.8733
6.8959
6.906275
7.0571
7.20475
7.22735
7.4152
7.4491
7.64125
7.736075
7.92475
8.095375
8.225475
8.25695
8.3095
8.31125
8.370375
8.385075
8.40705
8.412425
8.56745
8.937475
8.94475
9.0187
9.08485
9.0898
9.156075
9.299225
9.37845
9.4055
9.465025
9.538875
9.580875
9.599275
9.634325
9.69595
9.7072
9.77055
9.8312
9.90465
220
