0.237375
0.25675
0.355325
0.481975
0.484375
0.4876
0.487675
0.49275
0.50365
0.506825
0.5127
0.52675
0.53815
0.542625
0.5542
0.56955
0.5912
0.595375
0.6038
0.60925
0.610025
0.61095
0.61195
0.613075
0.6145
0.62445
0.654175
0.662375
0.6635
0.672225
0.6848
0.69915
0.707275
0.716675
0.726225
0.7528
0.7613
0.76385
0.770275
0.792875
0.799
0.8281
0.866275
0.902175
0.906525
0.909725
0.913475
0.914275
0.9324
0.9375
0.955025
0.980525
0.993025
1.0218
1.033225
1.049425
1.050675
1.103825
1.1332
1.14645
1.178975
1.1883
1.2141
1.25845
1.308375
1.406125
1.418125
1.4231
1.432725
1.437075
1.459075
1.484675
1.53385
1.66445
1.715975
1.743775
1.74555
1.7475
1.99875
2.0072
2.0271
2.0314
2.0374
2.05305
2.056
2.059
2.17015
2.2464
2.2537
2.305725
2.3367
2.363925
2.364675
2.4303
2.55325
2.5585
2.626025
2.668575
2.669175
2.67475
2.676725
2.688725
2.7499
2.763925
2.82385
2.839525
2.843825
2.894425
2.97455
3.1385
3.175375
3.25415
3.60695
3.61555
3.660525
3.69325
3.905825
3.910175
3.975925
3.999225
4.000225
4.090025
4.2613
4.275425
4.319775
4.368675
4.421275
4.66815
4.675725
4.7169
4.737225
4.77955
5.0134
5.17285
5.407575
5.431025
5.57715
5.605525
5.625975
5.71565
5.75415
5.856175
5.9029
5.9242
5.994875
6.02885
6.0415
6.43625
6.443175
6.474325
6.539575
6.583125
6.6347
6.9333
7.083725
7.132225
7.167025
7.257725
7.308125
7.40125
7.448375
7.568775
7.662675
7.7963
7.863625
7.942675
8.2087
8.403675
8.41905
8.475225
8.5483
8.564
8.70435
8.769225
8.778425
8.7842
8.81775
8.907925
8.9849
9.063425
9.5578
9.649
9.6939
183
