0.0278
0.2846
0.3546
0.4415
0.4565
0.492925
0.495475
0.50785
0.5104
0.514975
0.519125
0.5441
0.5474
0.5507
0.552325
0.58985
0.5985
0.626175
0.633125
0.676125
0.689225
0.7284
0.7628
0.7857
0.791875
0.796675
0.817475
0.8176
0.8561
0.8746
0.902725
0.92015
0.931375
0.9315
0.945525
0.9835
1.070875
1.098825
1.112275
1.1147
1.1286
1.1941
1.237225
1.2801
1.287075
1.287125
1.28855
1.289475
1.29275
1.304975
1.3216
1.383425
1.3965
1.437425
1.5467
1.547575
1.615425
1.6191
1.8335
1.8423
1.87315
1.910525
2.0091
2.02245
2.05695
2.065625
2.129775
2.246125
2.256675
2.29655
2.3664
2.41115
2.4314
2.4926
2.602675
2.61655
2.622175
2.717625
2.7444
2.8557
2.8791
2.955175
2.972375
2.998725
3.0638
3.0772
3.1292
3.144875
3.17775
3.206775
3.3411
3.358375
3.390675
3.43775
3.482525
3.5146
3.5784
3.686975
3.701875
3.753175
3.812975
3.9236
3.94075
3.971525
4.0387
4.045125
4.273925
4.328875
4.36075
4.372625
4.41805
4.478525
4.557925
4.630225
4.644275
4.6572
4.689625
4.917875
4.95
5.122575
5.73945
5.88145
5.88965
5.980725
6.27725
6.368
6.396625
6.41625
6.4239
6.5273
6.620075
6.71075
6.768525
6.8494
7.007175
7.0641
7.23505
7.276275
7.378325
7.41645
7.604225
7.63895
7.683825
7.706225
7.709025
7.737325
7.8349
7.842375
7.9222
7.9526
7.9553
7.955525
7.983975
8.031325
8.0707
8.099675
8.201975
8.21755
8.42315
8.463375
8.567075
8.74835
8.8379
8.846975
8.8945
8.911075
8.9425
9.228675
9.337675
9.35435
9.4019
9.416075
9.470625
9.6101
9.65295
9.69145
9.861575
177
