0.037675
0.06335
0.0838
0.1248
0.1375
0.38135
0.38495
0.4183
0.454875
0.465125
0.47635
0.4968
0.562925
0.572425
0.59875
0.601225
0.621125
0.648
0.706475
0.73435
0.745175
0.752275
0.75605
0.758575
0.782075
0.8264
0.8351
0.851975
0.8795
0.882375
0.90405
0.91225
0.928125
0.97355
0.984725
0.991575
1.043125
1.20225
1.222475
1.342275
1.347
1.3493
1.363125
1.435575
1.485125
1.498175
1.58065
1.605225
1.6928
1.7439
1.75365
1.762575
1.826475
1.838025
1.92095
1.929275
1.9449
2.127175
2.151575
2.271725
2.320325
2.365425
2.382375
2.433825
2.4363
2.4656
2.554875
2.55925
2.615575
2.70335
2.750825
2.791075
2.81485
2.8426
2.87535
2.930275
3.001425
3.072625
3.0976
3.173575
3.308225
3.3526
3.47615
3.518125
3.518325
3.57505
3.619325
3.63795
3.64655
3.714975
3.7612
3.851275
3.9356
3.950375
4.04825
4.12015
4.177025
4.27165
4.39025
4.475075
4.72805
4.7403
4.761975
4.770125
4.8833
4.888275
4.917775
5.158
5.1946
5.208975
5.21255
5.363875
5.46685
5.469775
5.507075
5.655925
5.69605
5.7861
5.83065
5.90175
5.904225
6.009775
6.012025
6.044125
6.15135
6.2454
6.267475
6.28755
6.296525
6.363225
6.49205
6.50555
6.56245
6.66295
6.66325
6.7421
6.813925
7.076425
7.083425
7.130625
7.1878
7.351875
7.3675
7.43955
7.619075
7.70025
7.85915
8.142925
8.15375
8.2999
8.410825
8.42375
8.60665
8.642725
8.656775
8.686275
8.789325
8.8028
8.845325
8.8706
9.016575
9.202875
9.21245
9.310575
9.5022
9.682175
9.685425
9.7343
9.81505
9.8376
9.9982
171
