0.4332
0.477525
0.477625
0.4783
0.494475
0.5013
0.5151
0.5171
0.51855
0.52085
0.527875
0.52985
0.5359
0.554725
0.5631
0.595375
0.611025
0.6478
0.661075
0.665175
0.665575
0.71785
0.720175
0.729325
0.7337
0.73555
0.768325
0.7754
0.788975
0.809575
0.8175
0.85175
0.891975
0.901
0.9274
0.95425
0.9844
1.134675
1.160825
1.168325
1.2088
1.222
1.28815
1.2936
1.307525
1.334175
1.34355
1.5013
1.600525
1.614575
1.647
1.7013
1.712025
1.7437
1.767475
1.825175
1.8785
1.89825
1.910175
1.984675
1.9881
2.077125
2.176325
2.3509
2.38
2.390125
2.430325
2.435125
2.440225
2.466325
2.4783
2.53785
2.5408
2.562375
2.694475
2.792025
2.901275
3.037425
3.09355
3.0957
3.103
3.126475
3.22955
3.398975
3.470675
3.585475
3.679075
3.707575
3.71795
3.7266
3.77615
3.848625
4.024725
4.199775
4.201475
4.316975
4.4097
4.526875
4.5565
4.6677
4.790275
4.965625
4.9807
5.023525
5.13805
5.3127
5.37385
5.43245
5.475475
5.4842
5.559625
5.58475
5.675375
5.73135
5.85385
5.92755
6.012325
6.075025
6.13285
6.676275
6.778075
6.99375
7.023775
7.110775
7.117025
7.222325
7.439125
7.609425
7.648375
7.7491
8.0661
8.202775
8.28475
8.421125
8.549625
8.762475
8.889525
8.985625
9.019025
9.022775
9.0606
9.4224
9.450875
9.657475
9.776325
9.894
9.9147
9.92915
148
