0.1552
0.170625
0.399625
0.49045
0.502975
0.510675
0.513075
0.515175
0.52415
0.532025
0.552925
0.559725
0.617125
0.618775
0.6317
0.638425
0.651125
0.659875
0.68955
0.700425
0.7065
0.70965
0.716525
0.73335
0.7461
0.768225
0.7892
0.8128
0.85085
0.8683
0.90365
0.91685
1.056625
1.073925
1.151575
1.239375
1.25775
1.273125
1.3146
1.31895
1.3643
1.371375
1.390075
1.542125
1.645125
1.6623
1.710025
1.727875
1.7686
1.825375
2.057825
2.091
2.177275
2.20165
2.305425
2.35785
2.54055
2.570025
2.788325
2.942375
2.983975
2.993375
3.018775
3.02135
3.048225
3.295775
3.471425
3.512
3.57405
3.671075
3.71865
3.9463
4.18805
4.1955
4.203225
4.270825
4.2963
4.3334
4.33845
4.38655
4.46195
4.533525
4.5601
4.72025
4.752525
4.84255
4.8482
4.861575
4.903875
4.9335
4.9397
4.971475
4.9914
5.07805
5.1692
5.173475
5.24855
5.28985
5.462125
5.61225
5.617325
5.622775
5.6335
5.656525
5.656775
5.743175
5.7871
6.00475
6.289775
6.2918
6.321325
6.404925
6.41515
6.636725
6.6524
6.696875
6.763775
6.82105
6.86415
6.966175
6.9894
7.00245
7.0153
7.113425
7.1342
7.204175
7.312475
7.356075
7.3711
7.530775
7.538225
7.64245
7.680625
7.8356
7.853425
8.19865
8.23795
8.412625
8.451475
8.468675
8.500925
8.636375
8.668825
8.9928
9.093075
9.357475
9.42495
9.44665
9.469875
9.4985
9.748925
9.766375
9.815125
9.9789
154
