0.055175
0.10105
0.139925
0.160225
0.205975
0.280225
0.378
0.41565
0.5121
0.512575
0.52355
0.5372
0.54085
0.546825
0.548425
0.563125
0.5801
0.602425
0.60275
0.610375
0.655425
0.665425
0.715625
0.73555
0.73865
0.780925
0.7827
0.786175
0.866
0.979175
0.992275
1.018525
1.03315
1.042375
1.07765
1.11305
1.116125
1.120325
1.162525
1.204275
1.21425
1.221975
1.2253
1.2651
1.447075
1.534325
1.551025
1.6498
1.661425
1.663375
1.664
1.6973
1.730625
1.788475
1.8207
1.9914
2.037775
2.0799
2.12435
2.196725
2.21765
2.245775
2.274175
2.41125
2.42485
2.4272
2.5183
2.6064
2.64095
2.6955
2.73335
2.784825
2.802375
2.8129
2.934525
2.991025
3.02485
3.035525
3.0826
3.098375
3.102375
3.17415
3.237425
3.243325
3.298275
3.3345
3.527625
3.538975
3.613
3.6452
3.680375
3.719475
3.72415
3.876025
3.9082
3.9573
3.97105
3.987425
3.989725
4.18365
4.18805
4.25055
4.38445
4.4418
4.45925
4.5227
4.549025
4.5517
4.55845
4.619075
4.622425
4.747
4.8173
4.8404
5.047625
5.07605
5.117525
5.128525
5.2967
5.345325
5.414275
5.43975
5.566575
5.6059
5.67745
5.72155
5.736925
5.76615
5.86335
5.870425
5.950325
6.050625
6.455625
6.49285
6.540875
6.5659
6.626175
6.67575
6.6773
6.797225
6.8304
6.89705
6.904675
6.973025
7.0799
7.2109
7.4112
7.4437
7.448225
7.4976
7.764
7.83925
7.877
7.881825
8.065575
8.254925
8.45475
8.472
8.513325
8.525675
8.5274
8.6112
8.8535
9.09295
9.2235
9.245125
9.264
9.280275
9.320975
9.5454
9.6238
9.62665
9.66955
9.935025
174
