0.056475
0.35455
0.377975
0.440425
0.48165
0.5021
0.506325
0.5133
0.513525
0.5151
0.54325
0.5468
0.5547
0.559125
0.59845
0.5999
0.626725
0.645725
0.6514
0.6949
0.695725
0.698225
0.7002
0.712475
0.736925
0.742075
0.74565
0.7485
0.7892
0.7911
0.8164
0.8428
0.878425
0.8997
0.91855
0.957075
0.9924
1.0732
1.077725
1.08485
1.10655
1.108675
1.15035
1.159875
1.178775
1.218825
1.2707
1.276675
1.369075
1.392625
1.398675
1.40895
1.44615
1.4853
1.5357
1.54115
1.550725
1.555425
1.665075
1.7569
1.757625
1.871975
2.11085
2.118625
2.1507
2.21685
2.264425
2.443725
2.443825
2.450575
2.4605
2.4619
2.56495
2.760875
2.823275
2.88085
2.886075
2.9003
2.9261
2.952425
3.006025
3.047825
3.068225
3.1183
3.133925
3.194
3.265125
3.275175
3.292325
3.3005
3.52745
3.545
3.698475
3.849025
3.87205
4.15525
4.244575
4.27755
4.31235
4.342625
4.36025
4.368825
4.448625
4.543775
4.57685
4.6008
4.620075
4.813225
4.886925
4.88985
4.895975
4.904475
4.9738
5.050525
5.1245
5.289275
5.338875
5.3793
5.50165
5.505975
5.531025
5.552925
5.685325
5.723775
5.8201
5.87625
5.879925
6.015875
6.017775
6.048575
6.115225
6.20855
6.2135
6.3022
6.388425
6.402475
6.4035
6.419425
6.496625
6.600075
6.6516
6.66415
6.776875
6.904375
6.9409
6.946875
6.955825
6.99245
7.0308
7.0441
7.152525
7.243975
7.2832
7.292075
7.3026
7.4677
7.621675
7.688375
7.908475
7.999975
8.01255
8.08955
8.1416
8.19165
8.263375
8.3825
8.40445
8.424075
8.4861
8.51335
8.54245
8.5807
8.649625
8.7057
8.745675
8.961475
8.97965
9.087875
9.117525
9.51295
9.51795
9.53785
9.558075
9.653575
9.703675
9.7175
9.7901
9.802
9.859475
189
