0.04805
0.06405
0.219875
0.256175
0.329825
0.3419
0.49275
0.50825
0.509325
0.524025
0.58995
0.593725
0.5963
0.6177
0.61845
0.629675
0.63195
0.634225
0.646625
0.6832
0.705825
0.72925
0.7518
0.7953
0.855375
0.8565
0.897525
0.9099
0.918725
0.97005
0.972175
1.017675
1.120625
1.12245
1.1614
1.178975
1.196625
1.2525
1.26085
1.311275
1.35555
1.35625
1.3752
1.38945
1.427075
1.4561
1.51195
1.55595
1.583975
1.591675
1.6053
1.657375
1.676925
1.75855
1.869675
1.8794
1.900725
1.92655
1.96115
1.983775
2.03435
2.038575
2.07495
2.1017
2.107375
2.116825
2.1773
2.2272
2.24845
2.30705
2.328225
2.422275
2.49235
2.5191
2.714675
2.740425
2.832475
2.87605
2.878875
2.9729
3.04785
3.0509
3.079875
3.113425
3.174225
3.25515
3.3105
3.45555
3.48815
3.4977
3.602925
3.60805
3.63555
3.63695
3.67785
3.6814
3.7191
3.724925
3.7442
3.77005
3.83935
3.900325
3.915125
3.928025
3.9833
4.126725
4.146875
4.175875
4.2972
4.2975
4.322775
4.389275
4.4074
4.40825
4.59495
4.620725
4.684825
4.76725
4.8798
4.91345
4.9206
4.9252
4.958625
4.960025
5.030725
5.084775
5.135575
5.191275
5.4129
5.4768
5.5095
5.539575
5.54955
5.558975
5.563125
5.635
5.7094
5.79365
5.91995
5.9456
5.96905
6.055325
6.133
6.17705
6.237425
6.24135
6.31775
6.345575
6.400575
6.4787
6.503825
6.78255
6.848275
6.905375
6.91765
6.933225
7.1031
7.370825
7.5344
7.588825
7.593175
7.667125
7.677825
7.687225
7.7528
7.873175
7.943625
8.107275
8.1187
8.337875
8.428825
8.433625
8.53035
8.797725
8.820875
9.043475
9.060975
9.0676
9.0876
9.186125
9.1872
9.347875
9.361175
9.497425
9.552075
9.61835
9.630225
9.66165
188
