0.136775
0.47575
0.488275
0.491875
0.5047
0.50485
0.51115
0.544925
0.5536
0.570575
0.57375
0.578975
0.58635
0.681525
0.69915
0.70295
0.712925
0.7359
0.759575
0.760225
0.773275
0.7963
0.809325
0.86625
0.8673
0.93825
0.945375
0.968175
0.9795
0.983575
0.984075
1.01035
1.037075
1.05185
1.069575
1.11335
1.13065
1.157325
1.170325
1.197925
1.20085
1.300725
1.30915
1.31205
1.3435
1.362875
1.365475
1.38985
1.399975
1.43235
1.434325
1.467525
1.476575
1.491775
1.514925
1.566325
1.7595
1.8175
1.8182
1.838175
1.858825
2.19015
2.192125
2.23275
2.244275
2.247325
2.2753
2.339925
2.4121
2.578675
2.772925
2.775625
2.8565
2.918325
2.9373
2.944
3.07785
3.0902
3.10415
3.152375
3.203075
3.2338
3.408325
3.45775
3.614425
3.736325
3.745175
3.7968
3.831875
4.039225
4.0793
4.07935
4.15305
4.2241
4.2442
4.31535
4.398675
4.439175
4.5945
4.616925
4.718575
4.7692
4.98475
5.037925
5.18725
5.22475
5.286775
5.3648
5.368575
5.37315
5.502
5.5918
5.6184
5.6447
5.709625
5.82045
5.969325
6.3007
6.304825
6.33475
6.44955
6.468625
6.581575
6.583525
6.75845
6.7746
6.8947
6.9356
6.963
7.067925
7.30485
7.3801
7.387675
7.47235
7.561125
7.74005
7.781025
7.82805
7.92905
7.93355
8.1
8.311575
8.363
8.39945
8.438025
8.60055
8.7386
8.79825
8.934175
9.040325
9.0905
9.1015
9.145075
9.179075
9.2187
9.248425
9.276525
9.622375
9.639975
9.6648
9.6692
9.740175
9.8012
9.877575
9.915625
9.950725
9.953125
9.98705
168
