0.024525
0.052825
0.0841
0.41085
0.45245
0.463975
0.4707
0.471325
0.491375
0.507475
0.50875
0.514225
0.51435
0.51915
0.519275
0.551775
0.5566
0.5646
0.594825
0.624625
0.633375
0.6914
0.737
0.8911
1.0207
1.045825
1.0474
1.108925
1.17215
1.21015
1.2429
1.26095
1.2612
1.2663
1.34695
1.35025
1.358425
1.36245
1.366975
1.367775
1.388725
1.3911
1.419275
1.436575
1.44365
1.457025
1.4688
1.54345
1.5504
1.566325
1.7187
1.762975
1.84705
1.8696
1.90895
1.91345
1.957625
1.960375
1.961175
2.002725
2.015175
2.01705
2.027925
2.0284
2.0896
2.125175
2.140525
2.173225
2.2539
2.479775
2.544575
2.619075
2.7043
2.73415
2.76135
2.767625
2.772525
2.903075
2.9872
3.0207
3.05285
3.06825
3.090725
3.1108
3.128825
3.3445
3.417475
3.6067
3.642425
3.720475
3.759775
3.829775
3.8539
4.054975
4.1596
4.2077
4.289675
4.3113
4.367675
4.37255
4.4276
4.71405
4.725525
4.73245
4.76915
4.800975
4.9516
4.977425
5.014
5.082825
5.104825
5.179725
5.242075
5.422375
5.478575
5.599025
5.650125
5.91495
5.946475
5.94895
6.176475
6.23345
6.290275
6.480175
6.66475
6.675775
6.6762
6.70265
6.788775
6.86365
6.908525
6.908775
6.999425
7.016775
7.03365
7.134275
7.147975
7.23935
7.369
7.4678
7.5079
7.6511
8.137325
8.200125
8.214625
8.41205
8.440775
8.54565
8.582125
8.64755
8.6977
8.776225
9.09915
9.2515
9.588425
9.778325
9.91915
9.926025
9.979175
159
