0.0553
0.0983
0.46535
0.481
0.493375
0.495625
0.5271
0.55365
0.5551
0.567675
0.5705
0.5824
0.59095
0.5976
0.60235
0.608325
0.6354
0.689
0.690075
0.691175
0.702125
0.73735
0.739275
0.74975
0.79255
0.79595
0.796025
0.7988
0.804725
0.945225
0.9727
0.97515
0.98525
1.036175
1.042875
1.0478
1.077575
1.117125
1.135625
1.163575
1.187075
1.189475
1.1979
1.2003
1.2527
1.270575
1.274275
1.2901
1.299025
1.314425
1.3404
1.35255
1.455475
1.4858
1.515675
1.58565
1.6486
1.66065
1.754875
1.796525
1.80775
1.906025
1.9239
1.935125
2.051175
2.143525
2.148875
2.198875
2.30805
2.37095
2.46465
2.539325
2.542675
2.55585
2.587925
2.612175
2.720075
2.749525
2.83615
2.9458
2.9708
3.03905
3.051
3.079
3.158375
3.23845
3.246875
3.5259
3.540525
3.559425
3.65045
3.9021
3.94825
4.0419
4.0987
4.099375
4.108125
4.121425
4.122
4.163775
4.207875
4.299025
4.375325
4.40945
4.5297
4.6165
4.692325
4.7075
4.87975
5.030275
5.163175
5.167475
5.225475
5.22855
5.30015
5.402325
5.4064
5.414975
5.81905
5.821875
5.838725
5.849525
5.8555
5.940275
6.20885
6.232625
6.28865
6.2902
6.33375
6.3527
6.4272
6.4416
6.45325
6.465125
6.614275
6.756425
6.783975
6.819075
6.97775
6.997475
7.258625
7.2732
7.3044
7.5239
7.69655
7.701925
7.705225
7.76375
7.790775
7.8426
7.941475
8.052675
8.061575
8.127575
8.25945
8.357725
8.381125
8.472625
8.4838
8.49775
8.512875
8.56915
8.632375
9.013025
9.026925
9.1756
9.2336
9.320725
9.55675
9.563325
9.61305
9.7835
9.831875
9.841225
9.862275
175
