0.10215
0.165525
0.20075
0.225975
0.4009
0.470125
0.486425
0.4907
0.492775
0.495
0.51195
0.5146
0.558575
0.563125
0.577175
0.5808
0.60345
0.630475
0.67495
0.714925
0.7447
0.752725
0.7687
0.797725
0.80135
0.826175
0.85085
0.8686
0.879625
0.884975
0.894625
0.915375
0.9303
0.955775
0.956375
1.007625
1.060475
1.088725
1.089175
1.109525
1.1133
1.115825
1.1328
1.16305
1.167775
1.16935
1.200575
1.36025
1.410175
1.47005
1.500825
1.5727
1.682725
1.743575
1.76835
1.773225
1.77575
1.79625
1.79745
1.8541
1.8826
1.9058
1.91165
1.942275
1.9449
1.954375
1.98615
2.002125
2.010325
2.011875
2.01245
2.09955
2.188125
2.35565
2.4631
2.57255
2.670475
2.676225
2.67915
2.6811
2.699475
2.7071
2.78095
2.7927
2.793975
2.905775
3.11505
3.138625
3.2888
3.303775
3.314775
3.326375
3.3508
3.416275
3.45045
3.5516
3.697125
3.7555
3.78
3.809925
3.819025
3.86085
3.911275
3.94925
4.18155
4.253425
4.276625
4.32145
4.434175
4.514175
4.576725
4.6238
4.628625
4.74295
4.8151
4.817675
4.83575
4.874775
4.875925
4.883125
4.91925
5.1438
5.28015
5.447675
5.52055
5.559525
5.584875
5.616175
5.6565
5.93525
6.090625
6.137975
6.1402
6.186725
6.30495
6.382
6.391075
6.50595
6.509375
6.567475
6.883475
7.0511
7.138125
7.1671
7.245375
7.271125
7.69605
7.807925
7.81985
7.844925
8.0147
8.01975
8.0628
8.2261
8.332525
8.35215
8.39885
8.475675
8.572075
8.6273
8.688575
8.7124
8.820775
8.830075
8.872925
8.886025
8.951225
8.980075
8.9893
9.01705
9.1394
9.2462
9.29975
9.339475
9.42715
9.4426
9.5929
9.60855
9.863325
9.9983
180
