0.0104
0.173825
0.324425
0.431025
0.437925
0.44725
0.493825
0.511
0.521625
0.524625
0.552875
0.55315
0.560175
0.5656
0.596125
0.60235
0.62285
0.643275
0.65215
0.771925
0.784
0.78955
0.8002
0.86765
0.9092
0.93145
0.93355
1.020275
1.0418
1.0511
1.05265
1.081875
1.0913
1.3207
1.3708
1.3734
1.413725
1.471075
1.482675
1.6534
1.71655
1.736875
1.747875
1.771275
1.796325
1.814325
1.840375
1.851175
1.86145
1.8853
2.021075
2.086175
2.30815
2.403125
2.4456
2.491525
2.62445
2.710225
2.799975
2.8272
2.83775
2.864875
2.9046
3.103075
3.170775
3.294675
3.332375
3.3482
3.45705
3.45845
3.50625
3.511475
3.5121
3.52935
3.533575
3.60155
3.613725
3.670725
3.7128
3.8107
3.83375
4.0614
4.061725
4.116075
4.1505
4.287075
4.288475
4.301975
4.30475
4.32155
4.43055
4.51245
4.53615
4.539875
4.580075
4.584925
4.61205
4.84235
4.8528
4.934025
4.974
4.975425
4.999375
5.0086
5.056275
5.14325
5.306475
5.379
5.58845
5.812325
5.8581
5.971775
6.286225
6.3865
6.449625
6.5228
6.655075
6.734925
6.88475
6.92165
6.982025
7.1771
7.245825
7.398525
7.71795
7.773
7.78875
7.89215
7.9389
8.01975
8.0783
8.197325
8.326775
8.4082
8.44
8.528575
8.615375
8.63355
8.809325
8.995675
9.04375
9.049725
9.08945
9.105225
9.17345
9.2565
9.25965
9.3354
9.85195
9.88665
9.94665
9.9633
152
