0.032225
0.11645
0.1663
0.170525
0.192175
0.23285
0.2893
0.39155
0.428725
0.506675
0.519575
0.53675
0.5971
0.598025
0.631325
0.633325
0.639
0.639875
0.6621
0.66345
0.6711
0.68045
0.686225
0.68735
0.69655
0.7382
0.743375
0.752025
0.7602
0.781625
0.794675
0.8267
0.885575
0.94385
1.009275
1.032925
1.043775
1.04775
1.133225
1.2132
1.25125
1.321825
1.3297
1.41865
1.555525
1.56005
1.586375
1.596975
1.619525
1.633825
1.7998
1.80555
1.806625
1.83935
1.99715
2.0289
2.065425
2.1293
2.12995
2.1611
2.16685
2.265425
2.31385
2.423525
2.54615
2.5828
2.59485
2.603875
2.622175
2.74815
2.748675
2.799075
2.9051
2.905825
2.9481
3.176475
3.2008
3.391875
3.402875
3.4074
3.452825
3.48015
3.4948
3.503325
3.612375
3.631075
3.70465
3.76895
3.769275
3.8118
3.831875
3.9127
3.94195
3.983975
3.984775
4.076325
4.1271
4.284325
4.292375
4.3369
4.347
4.40785
4.410425
4.414175
4.508775
4.510525
4.603375
4.87035
4.893225
4.991825
5.0503
5.07675
5.096725
5.118575
5.165825
5.212
5.4094
5.452275
5.516525
5.551875
5.61745
5.7768
5.869475
6.016825
6.161825
6.232125
6.376375
6.39085
6.5341
6.645425
6.8037
6.889375
6.91815
7.0237
7.319775
7.32935
7.3819
7.719675
7.7393
7.7847
7.84425
7.874825
7.8917
7.93595
8.02655
8.17755
8.213625
8.32555
8.33245
8.8548
8.8582
8.9253
8.9473
9.232225
9.365125
9.41535
9.426675
9.757475
9.8911
9.926
160
