0.0524
0.090325
0.12795
0.147575
0.157025
0.43305
0.44795
0.480575
0.49045
0.499125
0.499925
0.5043
0.5193
0.5437
0.547775
0.549175
0.5516
0.552425
0.62335
0.62705
0.639725
0.660575
0.6677
0.68735
0.68825
0.713925
0.714575
0.768175
0.772375
0.7776
0.799725
0.802175
0.818575
0.85975
0.899175
0.90735
0.9414
1.0418
1.0657
1.086025
1.0946
1.1409
1.155225
1.168025
1.2019
1.222675
1.291275
1.308225
1.3261
1.4062
1.437525
1.465
1.4743
1.5005
1.516075
1.5612
1.645925
1.68865
1.697425
1.721575
1.764925
1.824175
1.83415
1.982325
2.034875
2.05275
2.089725
2.10305
2.141975
2.255625
2.32565
2.440025
2.460775
2.5595
2.58065
2.751275
2.790325
2.9192
2.944425
3.057225
3.07405
3.1747
3.18625
3.189125
3.214025
3.2358
3.330625
3.381625
3.391475
3.401625
3.5377
3.5509
3.5593
3.5833
3.8466
3.86555
3.911
3.9574
4.1205
4.15365
4.19765
4.22765
4.51225
4.53175
4.55435
4.654025
4.733975
4.797575
4.8581
4.8966
4.953425
5.097475
5.13985
5.2629
5.32035
5.404975
5.4296
5.534
5.63095
5.754425
5.864575
5.901075
5.9131
6.007175
6.02735
6.1305
6.208875
6.2377
6.291025
6.43605
6.4544
6.465275
6.62035
6.7878
6.794825
6.8698
6.873125
6.89525
7.27265
7.436275
7.531925
7.5712
7.65865
7.76635
7.8655
7.88835
7.925625
7.933325
7.987975
8.22325
8.309925
8.41625
8.418375
8.610275
8.76315
8.933275
8.980425
9.0867
9.38135
9.485075
9.538275
9.59715
9.67125
9.8863
164
