0.01895
0.0488
0.066825
0.127975
0.131775
0.27595
0.3068
0.42815
0.4947
0.505
0.50525
0.515525
0.52345
0.525175
0.63975
0.662725
0.66505
0.6753
0.683575
0.69945
0.732675
0.75385
0.753975
0.8494
0.856225
0.864025
0.87065
0.879575
0.883475
0.894525
1.007525
1.008125
1.0505
1.127175
1.1346
1.191425
1.202125
1.24
1.267
1.286175
1.35575
1.36635
1.4605
1.4753
1.5442
1.5807
1.59335
1.6704
1.726825
1.74685
1.910525
1.96135
1.98735
2.0091
2.041775
2.2987
2.3442
2.364075
2.441925
2.4538
2.482125
2.484875
2.558125
2.63245
2.6866
2.6886
2.697575
2.7526
2.75395
2.8377
3.0713
3.09795
3.1525
3.1593
3.175325
3.19515
3.219225
3.2594
3.2611
3.47195
3.619825
3.6764
3.762625
3.76795
3.826125
3.929775
3.960025
3.9829
4.0152
4.09385
4.147075
4.2137
4.26025
4.366575
4.47545
4.519225
4.53965
4.541375
4.73195
4.7694
4.803025
4.80865
5.00765
5.183925
5.202925
5.2575
5.57375
5.625875
5.63375
5.758225
5.81445
5.835725
5.8821
5.960025
5.963975
5.98895
6.038475
6.03875
6.1554
6.32335
6.37385
6.442575
6.526775
6.547025
6.57905
6.650825
6.712125
6.722875
6.8146
6.814875
6.9207
7.10665
7.1272
7.14055
7.1606
7.1938
7.2309
7.26935
7.271525
7.275325
7.351525
7.494825
7.55525
7.6434
7.7936
7.919775
8.050575
8.051075
8.052575
8.20235
8.289375
8.3
8.4549
8.580725
8.760975
8.843375
8.874975
8.951675
8.9964
9.1269
9.159825
9.2531
9.40595
9.558825
9.741325
9.87825
9.9219
167
