0.100425
0.1282
0.139125
0.1392
0.306725
0.4477
0.47095
0.484125
0.48425
0.511225
0.546975
0.5515
0.55465
0.56915
0.602275
0.62495
0.667375
0.673525
0.687375
0.705425
0.705675
0.7059
0.761775
0.811425
0.8178
0.827975
0.836475
0.84135
0.855375
0.9195
0.978775
0.978875
0.9997
1.001425
1.1476
1.2087
1.2497
1.337825
1.3535
1.44245
1.723075
1.79605
1.87435
1.925325
1.928225
1.94375
1.993325
2.142575
2.16905
2.18975
2.202775
2.2049
2.2108
2.2695
2.274
2.291225
2.32585
2.3558
2.363
2.39855
2.657925
2.66375
2.714175
2.748575
2.881325
2.9006
3.023275
3.1355
3.25235
3.268325
3.3899
3.654
3.6743
3.712875
3.731475
3.7655
3.840125
3.874075
3.88445
3.887675
3.90455
3.95905
4.062525
4.08385
4.11185
4.157
4.162975
4.229
4.2332
4.275025
4.319
4.39605
4.641675
4.72445
4.760725
4.797825
4.928925
4.973425
5.1538
5.1972
5.555525
5.705325
5.95375
6.0457
6.113475
6.128425
6.1732
6.2474
6.39145
6.39845
6.42225
6.47935
6.56895
6.860125
6.87765
6.934175
6.972625
7.115225
7.33625
7.349325
7.39775
7.49385
7.5777
7.655375
7.895125
7.996625
8.016425
8.180825
8.221075
8.37505
8.3887
8.414025
8.557175
8.701775
8.933325
9.0963
9.24515
9.3785
9.388475
9.63475
9.68385
9.7642
142
