0.15355
0.192575
0.1979
0.265975
0.3105
0.3215
0.41925
0.473175
0.477325
0.498425
0.53265
0.533225
0.5506
0.573475
0.57465
0.6388
0.67965
0.682375
0.7592
0.77915
0.7955
0.834925
0.8614
0.890825
0.8918
0.915575
0.92635
0.952925
0.964725
0.98285
0.98365
1.00895
1.0104
1.0526
1.098875
1.1705
1.17465
1.183775
1.240275
1.3666
1.378525
1.394975
1.4306
1.44925
1.471375
1.516925
1.66445
1.7637
1.80715
1.864025
1.91515
1.936375
1.94685
2.001575
2.103575
2.1038
2.208175
2.466475
2.5011
2.5067
2.614925
2.64095
2.668025
2.721775
2.766225
2.779025
2.829675
2.838925
2.872425
2.8948
2.929
3.214875
3.224
3.24245
3.2437
3.2566
3.35325
3.42325
3.46575
3.4675
3.743475
3.793825
3.868275
4.1179
4.16175
4.16295
4.629
4.89665
4.98155
5.100875
5.390875
5.6738
5.703325
5.739125
5.74565
5.745725
5.916575
6.000425
6.123625
6.232275
6.461375
6.674525
6.70185
6.726075
6.745675
6.8225
6.838425
6.917825
6.96765
7.1462
7.1809
7.181525
7.341675
7.4425
7.46235
7.571075
7.743825
7.774825
8.016875
8.15485
8.167125
8.46985
8.55285
8.584525
8.606
9.163875
9.20605
9.4228
9.476675
9.68075
9.8237
9.879425
9.945425
133
