0.3231
0.378225
0.4232
0.4235
0.4772
0.492225
0.498
0.505875
0.537875
0.54035
0.544475
0.556
0.55655
0.5567
0.5643
0.582875
0.586175
0.597025
0.598775
0.62135
0.6488
0.6672
0.704425
0.753575
0.782925
0.79285
0.80455
0.852575
0.865725
0.890575
0.90845
0.9112
0.9447
0.956675
1.000325
1.04125
1.078625
1.1082
1.119425
1.152825
1.17295
1.194325
1.2687
1.32795
1.381675
1.42155
1.466125
1.481875
1.5206
1.561825
1.56325
1.570025
1.636125
1.8067
1.8459
1.926325
2.0321
2.03705
2.188925
2.22245
2.22395
2.3673
2.41345
2.467
2.542975
2.57545
2.838925
2.96
3.079275
3.095325
3.213525
3.2208
3.23875
3.35335
3.42065
3.433475
3.548075
3.566725
3.6955
3.70075
3.88275
3.928975
4.11645
4.14695
4.17225
4.27115
4.32915
4.41005
4.49345
4.516825
4.584275
4.595175
4.639075
4.64735
4.65315
4.70325
4.771625
4.81325
5.037425
5.042425
5.05235
5.066925
5.12765
5.178825
5.250175
5.256775
5.36745
5.391025
5.430825
5.44295
5.47535
5.49935
5.515475
5.524975
5.658325
5.697725
5.71605
5.99345
6.0332
6.0337
6.0601
6.08655
6.2137
6.27715
6.476425
6.509975
6.5115
6.531425
6.79075
6.801375
6.876675
7.148025
7.335
7.368025
7.554775
7.595825
7.72525
7.762675
7.827025
7.846075
7.922575
7.9818
8.1752
8.238625
8.28145
8.31275
8.392275
8.46335
8.47875
8.73195
8.827025
8.919525
9.302175
9.34625
9.350675
9.351475
9.397475
9.46225
9.557475
9.6356
9.72475
9.724975
9.72555
9.87085
9.93155
165
