0.080025
0.134125
0.2251
0.275
0.3234
0.37375
0.388275
0.478725
0.49545
0.511075
0.514675
0.536325
0.536475
0.538125
0.5446
0.57045
0.593525
0.606875
0.608025
0.6215
0.636225
0.66105
0.6791
0.689775
0.72035
0.781525
0.7911
0.792925
0.80235
0.8071
0.8184
0.91035
0.923975
0.965975
0.985875
0.996125
0.996875
1.036
1.10765
1.11285
1.113125
1.115625
1.157125
1.2025
1.305
1.334775
1.370925
1.438025
1.467825
1.494275
1.533125
1.558225
1.606325
1.617075
1.686475
1.698575
1.78395
1.793125
1.843525
1.9621
1.98645
2.110875
2.115425
2.155225
2.262375
2.31775
2.471125
2.5331
2.58815
2.5999
2.6166
2.670075
2.6726
2.709525
2.76215
2.765
2.774575
2.815825
2.900775
2.934125
3.111375
3.1579
3.19615
3.386
3.4878
3.71365
3.7666
3.854025
3.968925
4.001025
4.0972
4.1864
4.279275
4.312675
4.40445
4.45945
4.495175
4.549925
4.6402
4.67315
4.7757
4.797725
4.912675
4.96685
5.055575
5.06605
5.06745
5.1928
5.2033
5.2724
5.322575
5.36865
5.480725
5.496125
5.75065
5.787175
5.840725
5.9007
6.038675
6.0748
6.23045
6.23325
6.34365
6.4989
6.748425
6.7994
6.8647
6.929825
6.931325
7.097125
7.158325
7.2836
7.399725
7.7859
7.951875
8.021025
8.328075
8.332925
8.655925
8.723625
8.82915
8.84965
8.86385
8.910475
8.9205
8.93615
9.1137
9.159975
9.3215
9.62315
9.674025
9.80115
9.809325
153
