0.008275
0.1245
0.348075
0.43905
0.517425
0.528925
0.530075
0.53015
0.53305
0.533825
0.53715
0.553675
0.562875
0.591275
0.61915
0.6479
0.660325
0.676675
0.6787
0.7162
0.7199
0.7391
0.7522
0.757825
0.7665
0.7741
0.781625
0.814175
0.837225
0.843125
0.8869
0.887075
0.890225
0.942375
1.01615
1.032125
1.054625
1.063225
1.077275
1.09245
1.098325
1.099275
1.117025
1.133925
1.151325
1.27685
1.298275
1.3335
1.3579
1.377575
1.4226
1.474125
1.65775
1.70805
1.86035
1.89955
1.966825
2.047425
2.05585
2.096075
2.10965
2.115775
2.21575
2.265875
2.269175
2.28465
2.38095
2.412825
2.50055
2.5186
2.6906
2.771375
2.77335
2.821925
2.827475
2.921475
2.9438
3.055275
3.150975
3.17585
3.327175
3.409175
3.56395
3.62465
3.634475
3.7518
3.773475
3.91695
3.9813
4.03515
4.140925
4.2808
4.447625
4.483175
4.559825
4.63975
4.653275
4.68775
4.797625
4.858975
5.1051
5.2383
5.330375
5.338075
5.364725
5.719625
5.7343
5.81935
5.9079
5.9203
6.012175
6.074225
6.13965
6.172975
6.2009
6.259375
6.350625
6.451675
6.507375
6.57835
6.5976
6.6139
6.70255
7.0643
7.1112
7.20385
7.256225
7.2731
7.276225
7.4023
7.504075
7.556525
7.588
7.610375
7.6376
7.730125
7.863475
7.957025
8.079775
8.2047
8.351225
8.5099
8.619775
8.660325
8.6673
8.712525
8.72055
8.8134
8.855125
8.960975
8.966725
9.2378
9.283575
9.413825
9.529175
9.588425
9.6086
9.6172
9.667
9.74215
9.754275
9.77135
9.8242
9.9757
9.982825
165
