0.179875
0.20255
0.217625
0.4404
0.472075
0.495975
0.50255
0.512425
0.52835
0.53535
0.5648
0.56775
0.6191
0.630075
0.63685
0.664125
0.6707
0.712725
0.719225
0.725425
0.730875
0.734825
0.74605
0.7495
0.765425
0.801825
0.822925
0.8266
0.830275
0.8445
0.8531
0.859675
0.86335
0.9104
0.9128
0.9262
0.9519
0.957325
1.060425
1.069425
1.0917
1.16355
1.179275
1.219375
1.25445
1.2554
1.2634
1.318125
1.35035
1.35305
1.356625
1.438825
1.53155
1.703
1.818425
1.832775
1.858525
1.9349
1.947225
1.948525
1.9556
1.967375
1.99795
2.0263
2.118275
2.231025
2.340475
2.44815
2.472725
2.514675
2.5347
2.5887
2.595025
2.65585
2.692525
2.728925
2.874025
2.901375
2.925825
2.94155
3.179825
3.2395
3.249975
3.293925
3.3096
3.315825
3.38245
3.396875
3.440125
3.44855
3.5304
3.6088
3.62105
3.6349
3.6541
3.679325
3.705575
3.7396
3.8643
4.17625
4.217025
4.316575
4.35795
4.52215
4.543525
4.557225
4.610925
4.616425
4.65405
4.668225
4.6813
4.696475
4.715225
4.722075
4.799175
4.9745
5.0061
5.0454
5.091125
5.1093
5.145075
5.209925
5.231325
5.36965
5.49725
5.564225
5.744325
5.82115
5.977625
6.1342
6.151425
6.282475
6.286125
6.312475
6.344925
6.38585
6.388225
6.430525
6.4589
6.48875
6.50025
6.624425
6.8638
6.8748
7.067225
7.4301
7.431275
7.499775
7.79485
7.85095
7.8964
8.065675
8.185325
8.198025
8.233025
8.27935
8.362775
8.503325
8.505275
8.550975
8.7294
8.7451
8.86755
9.081225
9.196075
9.2758
9.448
9.962675
9.989575
169
