0.0223
0.061125
0.06235
0.17505
0.31465
0.44415
0.445425
0.49225
0.518475
0.53335
0.539725
0.5616
0.566675
0.567175
0.575375
0.62365
0.6362
0.640925
0.641625
0.66645
0.677675
0.6787
0.69295
0.707225
0.72505
0.747225
0.75525
0.7738
0.79905
0.808875
0.827075
0.83695
0.9139
0.915775
0.923275
0.9707
0.979975
0.998225
1.021675
1.028275
1.082625
1.09925
1.132875
1.13665
1.16905
1.181425
1.1889
1.227675
1.261325
1.3022
1.349325
1.361825
1.519725
1.523275
1.523725
1.57615
1.709325
1.773575
1.783475
1.88345
1.9039
1.913825
1.91385
1.98385
2.03605
2.064575
2.1328
2.23595
2.255425
2.268725
2.26955
2.2895
2.328425
2.33705
2.3787
2.384075
2.403225
2.4069
2.427
2.519325
2.71
2.75815
2.75895
2.83845
2.862175
2.9493
3.0016
3.10795
3.135425
3.185675
3.1915
3.230725
3.297175
3.33165
3.33935
3.3732
3.43235
3.43585
3.58775
3.694225
3.763375
3.815775
4.012925
4.013
4.118925
4.1749
4.29325
4.4654
4.47725
4.5563
4.719675
4.745775
4.756775
4.790525
4.91905
4.936775
4.937925
4.975675
5.0233
5.1409
5.194725
5.208025
5.217675
5.225825
5.2274
5.298875
5.34645
5.3602
5.363025
5.45535
5.514475
5.525225
5.53055
5.587925
5.752525
5.77105
5.9481
6.013375
6.072
6.121725
6.165175
6.17275
6.35725
6.362975
6.548425
6.638975
6.7186
6.783325
6.80415
6.8189
6.880825
6.9475
6.97615
6.976625
7.219
7.349375
7.379125
7.483675
7.52555
7.68345
7.78195
7.87375
7.877125
7.982825
8.0425
8.136275
8.145075
8.25375
8.2756
8.335825
8.341975
8.476
8.6062
8.65325
8.962225
9.036975
9.066325
9.089425
9.134425
9.41925
9.5023
9.639225
9.70285
9.75315
9.816975
9.880075
186
