0.171525
0.278775
0.30675
0.419025
0.470475
0.502275
0.521425
0.53505
0.5575
0.567225
0.588575
0.591125
0.591875
0.64525
0.65835
0.66795
0.677225
0.6773
0.751075
0.769675
0.79605
0.831475
0.83875
0.860675
0.8643
0.868775
0.87715
0.88485
0.921325
0.92845
0.967875
0.9966
0.99885
1.001825
1.009425
1.023
1.03285
1.04145
1.047675
1.051925
1.07315
1.161875
1.18155
1.2273
1.235275
1.23695
1.29885
1.385475
1.403575
1.405375
1.407975
1.41355
1.43695
1.440275
1.558675
1.566425
1.605675
1.641625
1.786375
1.8466
1.997325
2.031975
2.19795
2.325475
2.35925
2.36325
2.3702
2.411975
2.419575
2.448975
2.512075
2.5273
2.66645
3.031125
3.124325
3.14565
3.16175
3.18855
3.269475
3.4022
3.413225
3.44275
3.57995
3.6972
3.79315
3.900425
3.996425
4.0415
4.118975
4.1718
4.2523
4.252725
4.25545
4.2746
4.361825
4.50185
4.534625
4.68015
4.77155
4.793375
4.861875
4.940675
5.062725
5.067625
5.15205
5.16835
5.31165
5.356
5.40705
5.43015
5.677375
5.700725
5.746075
5.921425
5.999375
6.23435
6.247
6.258825
6.5494
6.562125
6.661925
6.732575
6.7455
6.897125
6.90345
7.122375
7.4513
7.6692
7.670475
7.6909
7.69205
7.72205
7.792875
7.794825
8.013325
8.321275
8.3455
8.488175
8.553125
8.59965
8.694625
8.7798
8.9084
8.9422
9.01675
9.166425
9.244625
9.247725
9.425525
9.483875
9.6146
9.63255
9.651675
9.66275
9.771375
9.780475
9.809925
9.96975
158
