0.032
0.05155
0.06195
0.103575
0.207525
0.451525
0.457475
0.48405
0.491175
0.4951
0.5124
0.551575
0.559725
0.57635
0.5822
0.588175
0.591575
0.619775
0.62825
0.6347
0.65955
0.674575
0.683425
0.710375
0.72415
0.7457
0.82135
0.82895
0.84475
0.90605
0.93135
0.956625
0.95795
0.980175
0.982125
1.04395
1.046175
1.062125
1.1186
1.1336
1.178025
1.3259
1.35735
1.442725
1.47635
1.48625
1.50075
1.6197
1.7588
1.909425
1.994525
2.0031
2.004025
2.050075
2.0649
2.106575
2.18795
2.273825
2.369725
2.374525
2.40155
2.405775
2.41095
2.455275
2.4566
2.47725
2.56545
2.604075
2.76585
2.769575
2.7871
2.858575
2.98825
3.03455
3.1909
3.308325
3.4362
3.460025
3.592475
3.638525
3.861175
3.8674
3.97495
4.0973
4.25015
4.35915
4.4934
4.619975
4.6634
4.76195
4.798875
5.0237
5.215775
5.31315
5.368875
5.411425
5.53575
5.53625
5.5505
5.692325
5.706225
5.728975
5.863175
5.95955
6.105925
6.16585
6.2286
6.481825
6.484775
6.523675
6.545175
6.578175
6.6031
6.912075
6.9154
6.940325
7.079425
7.158175
7.1958
7.236
7.23845
7.25025
7.27955
7.37585
7.403175
7.404025
7.534475
7.6642
7.708125
7.7556
7.80865
7.86445
7.877225
7.93455
8.010125
8.115225
8.190075
8.191625
8.206975
8.37265
8.41475
8.51595
8.78365
8.82645
9.016575
9.1404
9.2579
9.31815
9.3205
9.337075
9.51535
9.765975
9.984575
153
