0.01785
0.073775
0.114175
0.171925
0.4334
0.43445
0.4415
0.460825
0.46835
0.478025
0.4965
0.497225
0.510625
0.525725
0.53145
0.5421
0.54425
0.57525
0.586225
0.590375
0.5988
0.5989
0.634
0.640075
0.6425
0.644875
0.66765
0.697775
0.6982
0.7002
0.702675
0.706375
0.7387
0.74185
0.77425
0.78005
0.7945
0.823525
0.839175
0.86285
0.870325
0.90245
0.92185
0.955825
0.9809
1.01535
1.03835
1.08615
1.094275
1.094325
1.133775
1.15085
1.1582
1.231025
1.2953
1.296775
1.337
1.361
1.36835
1.435875
1.445925
1.550825
1.578675
1.658675
1.735125
1.7373
1.78175
1.786475
1.96085
2.0061
2.04845
2.105925
2.1644
2.17385
2.1882
2.2927
2.325725
2.40475
2.4335
2.44495
2.50945
2.647525
2.658625
2.71575
2.726725
2.758425
2.779225
2.86855
2.89675
3.009
3.01205
3.100025
3.102975
3.22165
3.256525
3.320025
3.32385
3.367175
3.438225
3.4526
3.5001
3.513
3.607725
3.61645
3.63285
3.64235
3.688
3.770975
3.828875
3.8914
3.968075
4.0178
4.072725
4.0738
4.074425
4.09785
4.123975
4.4017
4.4494
4.457725
4.5483
4.67885
4.707325
4.75645
4.847925
4.8718
4.91155
4.933925
4.973225
4.988625
5.0932
5.10495
5.1236
5.277275
5.282825
5.34085
5.414625
5.463525
5.623125
5.68755
5.7103
5.7972
5.829525
5.874
6.0059
6.044425
6.125
6.16805
6.169525
6.275775
6.397175
6.44415
6.506775
6.541475
6.546125
6.620825
6.74295
6.817975
7.08455
7.21105
7.3312
7.348575
7.40215
7.519175
7.533625
7.579425
7.7207
7.75
7.96475
7.98875
8.008075
8.02235
8.06345
8.1017
8.1283
8.346
8.35425
8.578775
8.62665
8.830425
8.94775
9.2061
9.3162
9.499325
9.530125
9.588675
186
