0.091725
0.096075
0.213525
0.272975
0.293675
0.3349
0.3467
0.4351
0.459475
0.485425
0.5037
0.51665
0.5242
0.532925
0.5389
0.546
0.570925
0.580975
0.61605
0.6564
0.700875
0.7127
0.755825
0.757675
0.76955
0.795875
0.810175
0.86765
0.878375
0.894175
1.011075
1.018425
1.019125
1.042525
1.04865
1.067375
1.08805
1.102275
1.135675
1.141775
1.15785
1.1617
1.1683
1.171425
1.227475
1.29915
1.32485
1.332525
1.3523
1.370775
1.399675
1.49475
1.50685
1.558975
1.565025
1.7945
1.813475
1.813575
1.818725
1.85675
1.86105
1.950625
2.064575
2.08225
2.168675
2.182525
2.304125
2.390825
2.39425
2.543775
2.627675
2.656375
2.704625
2.7178
2.734
2.734575
2.9743
2.97625
3.009975
3.18005
3.31985
3.346725
3.408475
3.545375
3.5581
3.61755
3.61795
3.670925
3.684425
3.735325
3.792
3.94925
3.96675
3.981675
3.996975
4.01595
4.089275
4.165475
4.3119
4.391025
4.403975
4.4177
4.4394
4.515575
4.55985
4.62755
4.729825
4.77635
4.836725
4.864725
4.8909
4.898325
5.007475
5.01
5.105725
5.145625
5.1808
5.2496
5.2617
5.275075
5.367475
5.64385
5.721125
5.7363
5.7852
5.820475
5.98515
6.094975
6.401025
6.40115
6.53495
6.68465
6.946775
7.07555
7.10115
7.21795
7.23445
7.260525
7.288525
7.30255
7.40595
7.56305
7.643275
7.681125
7.7133
7.735425
7.789575
7.839075
7.848025
7.938975
8.225625
8.3972
8.529075
8.613275
8.85015
8.886975
8.9827
9.061575
9.163
9.413575
9.4273
9.430075
9.44815
9.596625
9.6676
9.6695
9.7821
9.880725
9.990125
169
