0.156
0.212875
0.2361
0.309425
0.34905
0.467975
0.50015
0.539725
0.5637
0.570025
0.5876
0.588475
0.598475
0.6224
0.6684
0.682575
0.71135
0.7232
0.727425
0.74225
0.74475
0.753425
0.7618
0.764675
0.768675
0.804
0.8341
0.856325
0.9428
0.951375
0.9699
0.9731
1.02855
1.0577
1.0933
1.146125
1.168075
1.179625
1.18775
1.204525
1.2082
1.2458
1.27745
1.37215
1.435625
1.45625
1.612525
1.70495
1.720275
1.770075
1.871725
1.925325
1.99945
2.06665
2.110225
2.194425
2.24015
2.321775
2.324775
2.4809
2.559375
2.5604
2.630475
2.998575
3.0298
3.0853
3.1411
3.15415
3.1831
3.2113
3.2152
3.248975
3.251475
3.286475
3.297475
3.3062
3.4348
3.53535
3.541275
3.56735
3.58895
3.64595
3.787075
3.798075
3.80135
3.836075
3.8453
3.8606
3.916925
4.0689
4.074975
4.084725
4.130125
4.13125
4.24445
4.281825
4.284825
4.349475
4.39575
4.469225
4.4843
4.500775
4.5272
4.65385
4.8878
4.88895
4.918425
4.948225
4.98585
4.986375
5.064875
5.1011
5.11785
5.306925
5.422225
5.61355
5.733325
5.747075
5.7725
5.876175
6.190275
6.229775
6.333075
6.399375
6.48815
6.501525
6.53995
6.64485
6.7574
6.76455
6.89525
6.964675
7.139175
7.1442
7.14995
7.2119
7.415925
7.431025
7.476975
7.652475
7.725025
7.745875
7.7479
7.75225
7.813425
7.903025
8.260825
8.3757
8.3789
8.6578
8.6872
8.7766
8.96465
9.1644
9.2147
9.27665
9.292225
9.30415
9.3223
9.336725
9.42595
9.4937
9.5548
9.5899
9.6235
9.6615
9.754475
9.950925
168
