0.0454
0.19095
0.3669
0.4084
0.462725
0.467075
0.477225
0.47895
0.502875
0.531975
0.534725
0.543875
0.548525
0.554525
0.58105
0.59955
0.60905
0.624725
0.631925
0.634375
0.684075
0.716825
0.733875
0.7438
0.850375
0.8923
0.8979
0.90295
0.907575
0.918325
0.937775
0.956025
0.9634
1.009575
1.01545
1.02325
1.0956
1.097275
1.127475
1.1384
1.147775
1.150325
1.15895
1.16235
1.25625
1.270425
1.2744
1.27665
1.347975
1.35725
1.3875
1.428675
1.437075
1.48815
1.53325
1.56435
1.57515
1.726075
1.7385
1.7943
1.843325
1.945075
2.010375
2.021425
2.111475
2.13705
2.2017
2.206425
2.2081
2.22275
2.254075
2.30245
2.32375
2.338875
2.426775
2.480775
2.5941
2.61425
2.66115
2.72175
2.902375
2.961
3.014625
3.111925
3.1476
3.15255
3.16215
3.522075
3.531825
3.637275
3.732975
3.9218
3.969975
3.98865
3.989925
4.108375
4.258225
4.29325
4.374825
4.4981
4.5249
4.722575
4.808175
4.870175
4.88715
4.9448
4.9952
5.009175
5.129225
5.1337
5.153775
5.43425
5.4901
5.491925
5.5981
5.71555
5.817525
5.879375
5.959175
5.9861
6.185675
6.18585
6.223725
6.233225
6.305575
6.365975
6.396225
6.48915
6.50355
6.595825
6.6034
6.6172
6.64815
6.651825
6.67685
6.78505
6.806525
6.82025
6.852025
6.862275
6.865625
6.936275
6.944525
6.95905
6.99105
7.00995
7.268275
7.269225
7.270775
7.4276
7.4399
7.456075
7.593875
7.600725
7.628725
7.634275
7.988375
8.196725
8.230025
8.2953
8.298875
8.41995
8.50645
8.6464
8.714225
8.731975
8.758125
9.04125
9.05085
9.07295
9.165025
9.165975
9.20805
9.230275
9.235325
9.343875
9.379525
9.53335
9.6985
9.93675
9.945475
9.98345
182
