0.04945
0.20565
0.3214
0.3913
0.493225
0.496625
0.507875
0.512075
0.529225
0.5352
0.53715
0.53985
0.5403
0.545575
0.5811
0.5858
0.588375
0.603975
0.62175
0.63655
0.642025
0.68725
0.7021
0.708625
0.720575
0.73665
0.737025
0.745375
0.75115
0.7611
0.763075
0.765075
0.789525
0.79745
0.8005
0.814575
0.817275
0.82655
0.862425
0.8937
0.9128
0.916775
1.0048
1.077425
1.10585
1.129525
1.155275
1.257025
1.27325
1.426375
1.4355
1.46735
1.5704
1.63115
1.6328
1.6335
1.65565
1.668475
1.728375
1.747675
1.81355
2.190525
2.204175
2.368575
2.37205
2.40225
2.4198
2.5469
2.675775
2.7065
2.772225
3.0597
3.061075
3.0914
3.146275
3.2006
3.22665
3.323975
3.40885
3.45635
3.53975
3.59165
3.690975
3.73875
3.755625
3.773
3.790775
3.815125
3.82015
3.820825
3.862725
4.042375
4.176325
4.200925
4.28575
4.307625
4.315375
4.40745
4.571475
4.57875
4.640275
4.67095
4.688425
4.799575
4.82905
4.864675
4.880575
4.9051
4.978925
5.151675
5.198975
5.286775
5.406075
5.540925
5.56145
5.6263
5.709225
5.825425
5.84005
5.8486
5.9489
6.068975
6.1912
6.267875
6.35925
6.382825
6.391625
6.416775
6.4975
6.511725
6.62795
6.67835
6.80595
6.808925
6.85225
6.868625
7.121025
7.122475
7.353625
7.37035
7.658
7.680725
7.804575
8.025575
8.030125
8.076575
8.0957
8.15965
8.181825
8.212625
8.29605
8.307825
8.31045
8.35645
8.35745
8.579025
8.595825
8.866175
8.8803
9.0379
9.2472
9.300825
9.561675
9.572375
9.60185
9.612025
9.7705
9.77375
9.864075
169
