0.00535
0.116625
0.12825
0.16785
0.2011
0.25085
0.2815
0.414775
0.4418
0.5014
0.50815
0.510275
0.51605
0.51645
0.52625
0.545175
0.554225
0.598625
0.609375
0.63505
0.655
0.668625
0.675125
0.686475
0.694825
0.69885
0.705825
0.714525
0.748925
0.7813
0.830075
0.854025
0.861575
0.867475
0.8892
0.894175
0.98485
1.009475
1.0529
1.163725
1.25275
1.286525
1.32265
1.345875
1.354525
1.35805
1.382275
1.45405
1.481325
1.5029
1.52595
1.57725
1.597825
1.602625
1.667325
1.718125
1.80225
1.967825
2.200725
2.2765
2.311875
2.365975
2.3865
2.42725
2.462125
2.470575
2.521575
2.522825
2.601425
2.629025
2.6532
2.666525
2.6936
2.697325
2.786325
2.862225
2.955325
3.0234
3.05625
3.122925
3.14755
3.391475
3.409575
3.43515
3.489725
3.503875
3.542975
3.57085
3.5921
3.6555
3.80315
3.869575
3.8851
3.9495
3.9772
3.9814
4.0863
4.1248
4.160325
4.317275
4.411875
4.52625
4.606075
4.644875
4.6616
4.737675
4.770375
4.800825
4.898125
4.943325
5.037675
5.045625
5.0458
5.12165
5.163175
5.345725
5.513975
5.537375
5.5442
5.566175
5.6562
5.700325
5.914275
5.9403
5.945675
6.0065
6.160625
6.235025
6.2991
6.333925
6.42085
6.460475
6.6171
6.759225
6.788525
7.0973
7.1085
7.1846
7.2422
7.2801
7.283625
7.489575
7.510225
7.587
7.7214
7.735775
7.89425
7.96695
8.005275
8.137725
8.216425
8.33685
8.377025
8.3996
8.403825
8.428075
8.887175
8.894625
9.5281
9.566425
9.58015
9.871825
9.93845
9.969325
164
