0.1043
0.2142
0.22815
0.485825
0.48695
0.48915
0.529
0.5609
0.588225
0.591925
0.614025
0.66725
0.68685
0.70125
0.726875
0.744825
0.752875
0.753725
0.772075
0.775125
0.80985
0.894075
0.9011
0.92015
0.983975
1.01115
1.025725
1.037825
1.060325
1.083625
1.094525
1.099275
1.101775
1.108825
1.127625
1.183225
1.2045
1.212375
1.21285
1.2516
1.348025
1.366325
1.4027
1.4258
1.4589
1.49405
1.59535
1.621875
1.72655
1.780675
1.784125
1.904975
2.024
2.063725
2.0798
2.11095
2.1829
2.26365
2.2659
2.309175
2.434575
2.446225
2.453225
2.568625
2.7586
2.90595
2.93295
2.9515
3.024875
3.20145
3.2753
3.296925
3.37775
3.4399
3.4716
3.52045
3.5838
3.612375
3.75085
3.7659
3.893925
3.9831
4.18545
4.29
4.31525
4.320225
4.4284
4.4806
4.532
4.66505
4.6788
4.696425
4.758025
4.9474
5.0164
5.03575
5.068175
5.070025
5.079825
5.111975
5.15305
5.177225
5.2631
5.273625
5.275575
5.349825
5.36
5.585225
6.029625
6.1709
6.190375
6.303
6.310225
6.585625
6.601175
6.712175
6.756375
6.76355
6.977425
7.0302
7.03915
7.149875
7.15575
7.2126
7.218975
7.325575
7.388525
7.451825
7.4654
7.531275
7.5748
7.716475
7.7539
7.865175
7.90145
7.945475
8.13195
8.15315
8.197975
8.236825
8.418325
8.41855
8.586275
8.777425
8.832075
8.857325
8.874825
9.05265
9.391675
9.42175
9.47185
9.505575
9.6375
9.6762
9.6778
9.958625
9.9688
157
