0.188325
0.47015
0.5082
0.51475
0.5541
0.635875
0.651825
0.65745
0.68075
0.719175
0.731875
0.7456
0.74925
0.751175
0.802725
0.80275
0.82105
0.867325
0.8695
0.95825
0.958925
0.9599
0.9705
0.987225
1.01395
1.056075
1.0793
1.09025
1.09595
1.098175
1.1217
1.12335
1.161375
1.224475
1.2295
1.2309
1.2327
1.268425
1.285875
1.286125
1.29355
1.34635
1.47045
1.528725
1.562175
1.59095
1.625225
1.633975
1.64515
1.6588
1.725925
1.75485
1.826375
1.83945
1.872275
1.988575
2.04485
2.159775
2.177275
2.266375
2.4614
2.49475
2.495275
2.6167
2.6715
2.68715
2.689625
2.747275
2.748375
3.026325
3.0498
3.135525
3.137475
3.6957
3.741625
3.966725
4.06005
4.234225
4.3233
4.439025
4.51165
4.641925
4.775275
4.784775
4.944525
5.061175
5.065525
5.08595
5.186125
5.210325
5.249775
5.314125
5.38635
5.458275
5.495575
5.563225
5.863325
5.961925
6.02075
6.06775
6.2731
6.2757
6.313575
6.591025
6.646625
6.686825
6.707325
6.81465
6.971275
7.18945
7.1954
7.255925
7.386175
7.3906
7.4013
7.551975
7.57545
7.602875
7.787
8.09945
8.129475
8.1365
8.30085
8.5529
8.604375
8.73215
8.86585
8.865875
8.9355
8.947625
8.996725
9.225375
9.425925
9.47795
9.4815
9.5488
9.581375
9.624075
9.75475
139
