0.2318
0.275775
0.2859
0.423625
0.494625
0.53375
0.535275
0.537975
0.58945
0.594775
0.604675
0.61765
0.622825
0.635425
0.64255
0.66555
0.700425
0.7405
0.745275
0.745325
0.74635
0.7641
0.777075
0.809375
0.813325
0.82315
0.83005
0.893825
0.897175
0.913875
0.924225
0.96185
0.961925
0.970675
0.971225
0.99115
1.02475
1.040225
1.0499
1.0787
1.07955
1.103975
1.136675
1.157575
1.157825
1.1622
1.173675
1.18595
1.2712
1.282325
1.293425
1.41555
1.4217
1.42655
1.558075
1.590075
1.69395
1.765175
1.77005
1.787725
1.875825
1.926225
2.0295
2.106525
2.17105
2.19225
2.270275
2.27275
2.435625
2.460375
2.527325
2.534875
2.55405
2.582075
2.629525
2.6553
2.6898
2.7431
2.77915
2.8309
2.847875
2.8527
2.859975
2.870825
3.0124
3.02355
3.028625
3.0311
3.1527
3.16915
3.224625
3.35055
3.406075
3.5802
3.58165
3.665575
3.69085
3.731975
3.75765
3.782775
3.810175
3.85015
3.854225
3.90425
3.90575
3.93375
3.972825
4.105875
4.140425
4.16445
4.196375
4.2247
4.2443
4.347225
4.35495
4.5361
4.545925
4.57325
4.58525
4.626475
4.690625
4.69485
4.755725
4.884775
4.892
4.94125
5.027075
5.068725
5.277475
5.34785
5.348425
5.388175
5.390625
5.44495
5.589525
5.598025
5.683175
5.71515
5.717025
5.733725
5.8169
5.900975
5.907575
5.977775
5.990225
6.157725
6.159775
6.23015
6.276875
6.319575
6.46575
6.515725
6.522875
6.76195
6.808975
6.909975
7.02955
7.049225
7.05875
7.08
7.153825
7.544325
7.567025
7.5737
7.5886
7.682275
7.79515
7.857575
8.088
8.21505
8.27355
8.445275
8.514175
8.60425
8.635425
8.638475
8.961075
8.990625
9.0194
9.1111
9.188175
9.36315
9.47625
9.498175
9.603875
9.848875
9.881375
9.90805
9.9492
9.953025
190
