0.0686
0.138575
0.145425
0.316025
0.361275
0.392
0.39985
0.421875
0.470575
0.481275
0.487775
0.497725
0.520175
0.52445
0.595
0.610275
0.612475
0.61785
0.630875
0.633125
0.662825
0.6781
0.6799
0.680725
0.68585
0.693525
0.712975
0.7134
0.7213
0.7601
0.769
0.789975
0.798075
0.80845
0.8503
0.8784
0.88015
0.89275
0.92785
0.931675
0.98645
1.033025
1.076375
1.099175
1.111025
1.12685
1.15
1.172575
1.21385
1.25555
1.261825
1.280675
1.301925
1.310425
1.346575
1.3497
1.3663
1.384975
1.421925
1.49635
1.533125
1.536425
1.6104
1.679
1.690225
1.777525
1.813675
1.880175
2.03285
2.08355
2.16015
2.21835
2.3249
2.4227
2.432175
2.46215
2.48315
2.639025
2.699175
2.895125
2.94725
3.270825
3.4387
3.544725
3.59005
3.635875
3.6513
3.655225
3.747425
3.770025
3.914275
4.1227
4.133075
4.30705
4.30755
4.35475
4.51365
4.568825
4.649525
4.964625
5.36585
5.512575
5.557775
5.583775
5.604125
5.670325
6.049825
6.0616
6.15065
6.2383
6.530525
6.598075
6.60765
6.6652
6.6686
6.67705
6.7049
6.8601
6.90835
6.94245
6.958225
6.988825
7.1376
7.273775
7.368
7.41055
7.432275
7.4712
7.49045
7.519875
7.5758
7.5977
7.78865
8.00175
8.138925
8.1733
8.200275
8.257775
8.34685
8.614425
8.8425
8.867325
9.068075
9.0822
9.096175
9.137
9.13865
9.208175
9.22595
9.22935
9.283025
9.3993
9.42765
9.5076
9.785425
9.806975
9.95165
157
