0.017625
0.23985
0.446075
0.45025
0.47575
0.479225
0.4985
0.5073
0.5385
0.5537
0.566275
0.577125
0.583125
0.62085
0.632625
0.6633
0.668275
0.670225
0.691825
0.694425
0.71395
0.730175
0.742725
0.7752
0.77775
0.808375
0.8287
0.84655
0.849
0.885425
0.90165
0.914275
0.97185
1.0082
1.0209
1.050125
1.05415
1.07885
1.079175
1.1362
1.14805
1.3006
1.32895
1.42555
1.44495
1.451475
1.468975
1.4844
1.510975
1.59035
1.608175
1.63505
1.710325
1.75745
1.793925
1.8302
1.888
2.071575
2.12775
2.138
2.14045
2.209125
2.2922
2.3061
2.42065
2.56245
2.655625
2.7228
2.729625
2.741825
2.830875
2.832
2.907275
2.92485
2.9425
2.98635
3.037725
3.082825
3.22505
3.25885
3.34425
3.362275
3.385375
3.514125
3.563725
3.6305
3.63285
3.66375
3.7009
3.99445
4.020175
4.0347
4.110725
4.155
4.223925
4.23855
4.2391
4.29995
4.48625
4.489375
4.5906
4.591125
4.7876
4.877825
4.910575
5.0832
5.261575
5.274125
5.296825
5.635925
5.6523
5.784225
6.116125
6.1273
6.1321
6.321525
6.397675
6.4483
6.45985
6.49085
6.5532
6.597825
6.707725
6.769775
6.90885
6.9447
7.0248
7.0653
7.0928
7.16645
7.251175
7.26005
8.045275
8.1331
8.1477
8.1478
8.199725
8.470025
8.499325
8.542125
8.5888
8.653375
8.827325
8.9486
9.15715
9.26965
9.3005
9.383975
9.543675
9.64015
9.663275
9.694725
9.9969
153
