0.001325
0.04195
0.10395
0.1175
0.159225
0.267975
0.4331
0.459425
0.46565
0.4759
0.485775
0.4914
0.508975
0.511825
0.518
0.5184
0.519575
0.551175
0.55855
0.586575
0.590125
0.6085
0.624
0.6281
0.64235
0.7319
0.782475
0.825525
0.839525
0.871525
0.8875
0.89105
0.914325
0.917525
0.933125
1.00115
1.0078
1.017425
1.017975
1.064075
1.105325
1.10875
1.14735
1.2932
1.3204
1.355475
1.411425
1.44265
1.473325
1.651
1.66065
1.715625
1.804375
1.858475
1.9484
1.9621
2.097825
2.10485
2.15305
2.166175
2.193625
2.21265
2.2303
2.253075
2.2768
2.395575
2.465425
2.48685
2.49015
2.536375
2.6881
2.70345
2.767575
2.860075
3.025425
3.084775
3.1267
3.1893
3.216225
3.275675
3.363825
3.370475
3.386675
3.42235
3.44235
3.5785
3.686825
3.723625
3.739825
3.756025
4.00405
4.074375
4.08345
4.094975
4.102875
4.122
4.138775
4.301075
4.380525
4.393675
4.4576
4.472925
4.52205
4.698275
4.764275
4.816875
4.8529
4.858875
4.98785
5.122475
5.131025
5.219075
5.2712
5.38155
5.456475
5.468125
5.49085
5.553
5.574475
5.6392
5.7893
5.8163
5.856025
5.9254
6.090575
6.098125
6.1248
6.165675
6.259475
6.357925
6.3914
6.604625
6.759
6.850775
6.85875
6.903275
7.028175
7.044525
7.08385
7.23605
7.237325
7.3081
7.393325
7.437375
7.476425
7.6027
7.67215
7.816125
8.008275
8.169525
8.238075
8.3018
8.3567
8.600275
8.653325
8.71165
8.8069
8.867375
8.8725
8.9585
9.12065
9.1679
9.285725
9.30045
9.389725
9.499325
9.64745
9.7022
9.7389
9.9193
9.95115
171
