0.264325
0.264675
0.311125
0.3958
0.40775
0.41735
0.429475
0.45255
0.470875
0.48155
0.491075
0.529175
0.5376
0.5449
0.545975
0.557625
0.5606
0.5769
0.57775
0.595525
0.607975
0.6101
0.613225
0.61505
0.667125
0.669275
0.69585
0.697675
0.703475
0.717425
0.770675
0.78385
0.796275
0.806475
0.8196
0.8367
0.8908
0.8942
0.9286
0.9603
0.964075
0.98955
1.0028
1.046125
1.073775
1.160725
1.20775
1.24025
1.256775
1.40115
1.5212
1.531525
1.584675
1.63965
1.78145
1.894175
1.899925
1.903225
1.915875
1.938325
2.028675
2.0352
2.05715
2.061875
2.0691
2.0717
2.0866
2.131725
2.148825
2.294775
2.299975
2.329
2.3498
2.391175
2.672825
2.676425
2.73685
2.739325
2.9
2.96595
2.973725
3.010975
3.0112
3.09485
3.1153
3.14565
3.184675
3.22805
3.284925
3.3148
3.325425
3.34585
3.43295
3.476875
3.56255
3.597725
3.636225
3.66605
3.7366
3.75055
3.826875
3.877475
3.9038
3.918275
3.9432
4.014875
4.1221
4.246925
4.248275
4.365625
4.3724
4.446
4.4504
4.4545
4.61
4.665225
4.6787
5.033
5.033025
5.064
5.19975
5.2636
5.271575
5.2936
5.390425
5.484975
5.5127
5.5646
5.582425
5.739875
5.919275
5.965875
6.052675
6.077675
6.0834
6.2128
6.249875
6.3101
6.3117
6.375375
6.585475
6.6305
6.66075
7.0863
7.0874
7.22485
7.29485
7.578475
7.724025
7.73445
7.804625
7.8267
7.8356
7.8687
7.96015
8.129275
8.2277
8.38375
8.460575
8.49465
8.58465
8.593375
8.5987
8.7066
8.823125
8.8745
8.89965
8.99195
9.28055
9.4201
9.475525
9.52915
9.53765
9.843125
9.889825
9.928775
9.9562
177
