0.179325
0.23345
0.29955
0.32515
0.3939
0.473275
0.531675
0.541675
0.571525
0.5735
0.57785
0.584825
0.6096
0.612125
0.6443
0.655525
0.665275
0.6989
0.73085
0.745925
0.81795
0.8273
0.83455
0.836625
0.8482
0.8898
0.898425
0.914525
0.934525
0.938675
0.978575
0.990825
0.999125
1.01275
1.038825
1.05105
1.082775
1.09145
1.11815
1.133775
1.165675
1.2252
1.2573
1.2664
1.273725
1.281425
1.287125
1.33145
1.36505
1.417475
1.458625
1.4759
1.51945
1.536825
1.5904
1.660525
1.728875
1.7544
1.833425
1.851775
1.944225
2.02305
2.047125
2.11685
2.133575
2.155025
2.218775
2.289575
2.400275
2.468775
2.55455
2.61675
2.788425
2.83725
2.8656
2.867475
2.97275
3.063875
3.117025
3.2022
3.20855
3.250375
3.34035
3.39555
3.422775
3.42315
3.42735
3.5451
3.56265
3.66855
3.703225
3.732825
3.8058
3.813725
3.848975
3.901575
3.90355
3.99435
4.096675
4.151
4.1551
4.17845
4.185725
4.247475
4.250125
4.34545
4.53955
4.621475
4.6726
4.6759
4.697375
4.8133
4.820875
4.83615
4.8546
4.8688
4.874775
4.950575
5.07
5.19535
5.26195
5.282925
5.351025
5.35525
5.366425
5.582675
5.739175
5.754
5.943175
5.987025
5.99495
6.005025
6.0101
6.01805
6.127325
6.152825
6.53735
6.539125
6.64895
6.6723
6.69445
6.699925
6.771825
6.801375
6.904175
6.930675
6.956925
6.99665
7.2057
7.207525
7.2909
7.292725
7.462875
7.47285
7.485125
7.527125
7.64035
7.6508
7.73835
7.934475
8.10425
8.132675
8.17935
8.205425
8.422975
8.7385
8.900125
9.067625
9.128575
9.31545
9.33725
9.543725
9.5653
9.604475
9.626575
9.631475
9.77245
9.949425
9.9627
179
