0.02845
0.058125
0.12525
0.33435
0.4821
0.505
0.51375
0.531325
0.547975
0.586425
0.60865
0.656025
0.665625
0.667875
0.683125
0.7112
0.778025
0.82725
0.842725
0.851975
0.9551
1.000925
1.002525
1.01875
1.026175
1.035925
1.043375
1.186275
1.222525
1.27635
1.32055
1.357275
1.369175
1.407
1.422325
1.441125
1.49225
1.5213
1.5763
1.60115
1.605575
1.694975
1.7205
1.9597
1.97735
2.1126
2.1356
2.27965
2.311925
2.313375
2.340275
2.3782
2.3913
2.460225
2.637775
2.8158
2.817725
2.899
2.9113
2.9317
2.9461
2.95325
3.054225
3.118125
3.1322
3.134
3.15645
3.205275
3.2484
3.3698
3.39765
3.413525
3.45215
3.46815
3.570525
3.590425
3.63345
3.70025
3.75125
3.8818
3.8886
4.041875
4.059425
4.060425
4.129925
4.1495
4.19555
4.242925
4.353975
4.514925
4.540475
4.77455
4.805425
4.907675
4.95405
5.107275
5.1369
5.202075
5.289
5.314425
5.40035
5.4786
5.4942
5.625175
5.708275
5.82605
5.874825
5.911125
5.931975
5.9826
5.98955
6.044625
6.1656
6.212525
6.23185
6.310425
6.423125
6.5965
6.8487
6.877325
6.9124
7.1075
7.11165
7.179675
7.21335
7.24325
7.46515
7.534475
7.569975
7.642625
7.762725
7.89695
8.0
8.051475
8.1253
8.30005
8.321075
8.5054
8.54065
8.7445
8.777175
8.85985
9.000175
9.010175
9.042175
9.052325
9.178675
9.1895
9.231825
9.244475
9.30115
9.31545
9.372525
9.44955
9.469625
9.48605
9.65385
9.686575
9.8256
9.8923
160
