0.0325
0.106075
0.178275
0.386525
0.48685
0.49595
0.5044
0.53665
0.542475
0.5534
0.555225
0.5601
0.567875
0.579325
0.595875
0.648725
0.662475
0.6769
0.67985
0.71325
0.713825
0.717025
0.7229
0.7327
0.74125
0.8176
0.8392
0.842925
0.861
0.8833
0.919925
0.96975
0.9922
0.9947
1.032025
1.0748
1.109075
1.1562
1.179975
1.329075
1.4212
1.425425
1.53725
1.693275
1.7392
1.811925
1.8822
1.937375
1.9442
1.99625
2.015825
2.069225
2.125875
2.287025
2.29595
2.3256
2.41415
2.53275
2.624475
2.687925
2.76065
2.840475
2.844275
2.85485
2.869875
2.958325
2.9624
3.064425
3.103175
3.260275
3.30055
3.44205
3.479925
3.491275
3.5381
3.619775
3.70835
3.722875
3.88375
3.895275
3.921025
3.9807
3.99305
4.019025
4.104625
4.11655
4.276275
4.42385
4.5363
4.625025
4.64155
4.650925
4.685725
4.8305
4.980475
4.996425
5.1031
5.1471
5.150425
5.1606
5.2014
5.2093
5.355025
5.457275
5.45955
5.552625
5.6725
5.679825
5.779
5.820775
6.0287
6.0785
6.190075
6.312325
6.41345
6.560375
6.596375
6.6077
6.7355
6.844075
6.88
6.907925
7.03575
7.038625
7.08545
7.271325
7.53985
7.5603
7.63175
7.726275
7.7529
7.810475
7.873225
7.88
7.984125
8.02685
8.160175
8.250375
8.28225
8.331625
8.3996
8.682275
8.72225
8.732325
8.768475
8.826925
9.0277
9.040675
9.10655
9.121175
9.150075
9.205425
9.288725
9.36575
9.401825
9.444275
9.53145
9.573475
9.910475
159
