0.1228
0.3128
0.47315
0.49655
0.5085
0.5273
0.5711
0.5853
0.607225
0.62655
0.631875
0.65085
0.67115
0.720175
0.766525
0.7826
0.8185
0.825075
0.831025
0.8353
0.840925
0.894225
0.9011
0.9975
1.006725
1.048725
1.0551
1.0651
1.0754
1.09685
1.1327
1.138225
1.1391
1.182375
1.190725
1.30405
1.31235
1.320775
1.322625
1.32525
1.39155
1.400925
1.402175
1.41725
1.462775
1.53605
1.645675
1.730975
1.739175
1.7492
1.778975
1.806775
1.847975
1.887525
1.9754
1.994225
2.06845
2.09545
2.112775
2.19905
2.19965
2.230225
2.2508
2.34585
2.39945
2.477175
2.51135
2.528075
2.56585
2.598425
2.715475
2.717425
2.77
2.8212
2.86565
2.910525
2.986875
3.030625
3.120125
3.38135
3.39245
3.4953
3.50675
3.584275
3.9653
4.041975
4.3216
4.381375
4.6432
4.694025
5.096125
5.170175
5.512575
5.594175
5.615475
5.6378
5.6561
5.69105
5.7014
5.834075
6.1213
6.125425
6.291975
6.36425
6.53825
6.556175
6.6324
6.654725
6.78865
6.8127
6.92395
6.92775
7.071625
7.157075
7.20425
7.2385
7.258675
7.362275
7.68255
7.689575
7.7216
7.7305
7.84385
8.0782
8.09615
8.10725
8.1754
8.20195
8.325925
8.664975
8.688625
8.69405
9.00155
9.1821
9.344525
9.385125
9.403375
9.466025
9.498075
9.62585
9.67315
9.753725
9.89175
9.9053
144
