0.3687
0.413925
0.448975
0.454675
0.4603
0.4874
0.504875
0.51195
0.51365
0.517575
0.552
0.562425
0.5731
0.592625
0.6151
0.6613
0.676075
0.73305
0.77825
0.81555
0.8515
0.8545
0.863775
0.904425
0.959025
0.979275
1.001875
1.028525
1.061
1.0625
1.0789
1.082425
1.143025
1.251175
1.2584
1.288775
1.322725
1.3294
1.3361
1.35425
1.361225
1.394525
1.444775
1.464675
1.4777
1.529075
1.559925
1.5735
1.618975
1.6277
1.6707
1.6762
1.70325
1.7385
1.828525
1.8453
1.959575
2.05695
2.081175
2.1062
2.10795
2.1651
2.191575
2.285675
2.308325
2.3156
2.3718
2.4158
2.4581
2.531675
2.672175
2.705375
2.715525
2.74605
2.76795
2.792975
2.809475
2.89245
2.9104
2.932425
2.961125
2.97255
3.086125
3.090625
3.2342
3.3482
3.37585
3.397575
3.601325
3.604925
3.65285
4.037175
4.2343
4.2397
4.241725
4.28715
4.308025
4.409675
4.468975
4.471475
4.5259
4.552325
4.655075
4.689175
4.75375
4.796875
4.85455
4.973425
5.048
5.12165
5.2372
5.26915
5.475025
5.514775
5.536075
5.581375
5.7334
5.8463
5.995
6.02705
6.078825
6.192375
6.21705
6.220825
6.313675
6.4777
6.576525
6.682975
6.7757
6.7857
6.78985
6.898125
6.90625
6.91065
6.9585
7.00605
7.12995
7.241025
7.37585
7.391025
7.4508
7.479675
7.552725
7.709975
7.818725
7.8786
7.957
7.997575
8.279475
8.29105
8.305275
8.3746
8.433025
8.4991
8.597225
8.6884
8.70565
8.813125
8.880475
8.8815
8.91065
8.937925
8.955525
8.9725
9.033725
9.03685
9.496275
9.508575
9.6301
9.680675
170
