0.493325
0.5003
0.522925
0.533325
0.544175
0.55365
0.565525
0.5942
0.608825
0.67
0.681375
0.702175
0.711825
0.727425
0.73065
0.739075
0.758575
0.764925
0.7775
0.790975
0.8278
0.8584
0.89095
0.89485
0.918
0.946725
0.9756
1.011525
1.02145
1.06335
1.112525
1.14165
1.14855
1.188775
1.20805
1.267525
1.336825
1.34955
1.4089
1.46225
1.5056
1.618625
1.630275
1.639225
1.74925
1.867375
1.868525
1.871625
1.883725
1.8906
1.91975
1.946475
1.9734
2.00435
2.007925
2.0985
2.19395
2.19965
2.201675
2.2861
2.337525
2.476275
2.4815
2.5129
2.51955
2.671975
2.680075
2.8135
2.84885
2.85245
2.9776
3.2802
3.36175
3.39205
3.40695
3.446025
3.456725
3.462275
3.543425
3.634275
3.8309
3.9868
3.99115
4.056925
4.139475
4.166975
4.194525
4.224775
4.253525
4.331475
4.354725
4.5469
4.549175
4.60435
4.646475
4.70465
4.723075
4.815825
5.040475
5.120925
5.18755
5.58995
5.632475
5.642975
5.643375
5.6601
5.668825
5.79705
5.86425
5.872775
5.890675
6.095975
6.13895
6.156175
6.221825
6.307125
6.322825
6.553475
6.6178
6.667925
6.79285
6.887275
7.008675
7.010325
7.0929
7.106675
7.184925
7.212275
7.32315
7.327625
7.336475
7.362125
7.434025
7.45715
7.7664
7.768725
7.77985
7.795425
7.881275
7.9346
7.98145
7.996925
8.1115
8.141625
8.17075
8.21635
8.24345
8.36335
8.579425
8.837425
8.846625
8.9241
8.966725
8.994675
9.000875
9.067725
9.209075
9.227775
9.540775
9.65805
9.67645
9.75495
9.833775
9.89545
9.969325
165
