0.080675
0.090075
0.1088
0.210125
0.4457
0.4697
0.47475
0.4789
0.492875
0.5053
0.513325
0.516625
0.544575
0.5554
0.5597
0.561325
0.588375
0.59415
0.6451
0.667125
0.6738
0.674875
0.681275
0.696225
0.698175
0.7072
0.7202
0.745725
0.7638
0.7837
0.7965
0.80615
0.821825
0.83365
0.850775
0.929725
0.9453
0.965925
0.983825
0.9977
1.01155
1.09345
1.10395
1.1197
1.18975
1.23445
1.330725
1.341325
1.342125
1.380275
1.426625
1.481575
1.493825
1.494925
1.54495
1.588175
1.59475
1.785875
1.834825
1.8934
1.902225
2.04705
2.05905
2.095
2.141975
2.18085
2.20865
2.26095
2.2667
2.275525
2.3066
2.3601
2.407075
2.43015
2.4562
2.464075
2.512375
2.563425
2.601525
2.74495
2.746
2.954425
2.9919
3.060125
3.0811
3.095525
3.156625
3.167675
3.210225
3.28105
3.3639
3.47005
3.52635
3.58015
3.613575
3.643875
3.6718
3.815825
3.94065
3.945725
4.051275
4.07155
4.107325
4.1716
4.20945
4.238675
4.3772
4.42915
4.43445
4.48955
4.598325
4.743075
5.0425
5.07275
5.145925
5.21205
5.220775
5.2629
5.407175
5.413
5.45885
5.5184
5.555325
5.592525
5.697975
5.745525
5.871275
5.9037
6.031925
6.165575
6.2886
6.311725
6.325225
6.326625
6.3357
6.80125
6.899075
6.9541
6.9928
7.014425
7.223825
7.37465
7.388475
7.549825
7.641875
7.74625
7.77395
7.781725
7.82395
7.894675
7.981125
8.1844
8.237025
8.410525
8.455675
8.70545
8.707275
8.718075
8.824225
8.829675
8.930725
9.1984
9.2487
9.252675
9.30155
9.424875
9.42915
9.469325
9.54455
9.549225
9.628475
9.639675
9.67935
9.709575
9.754475
9.821775
9.8464
9.88015
9.893325
179
