0.3706
0.384725
0.455975
0.4787
0.52525
0.528075
0.53455
0.535475
0.54815
0.568125
0.6409
0.641625
0.648125
0.657275
0.6719
0.68055
0.69435
0.69995
0.7011
0.70835
0.758525
0.76865
0.79875
0.80145
0.828375
0.8443
0.85345
0.857675
0.897475
0.915675
0.9306
1.005375
1.011525
1.02435
1.057375
1.0868
1.12505
1.139425
1.15845
1.174225
1.181675
1.214275
1.29045
1.330575
1.349
1.392575
1.406375
1.419925
1.4393
1.475825
1.538125
1.54325
1.596525
1.702125
1.749025
1.7819
1.869625
1.899025
1.9564
2.02505
2.1003
2.2171
2.2636
2.3232
2.376925
2.471425
2.568875
2.70045
2.7175
2.72655
2.765625
2.838925
3.0905
3.1431
3.1814
3.205025
3.242725
3.24775
3.283575
3.395625
3.411775
3.443075
3.4826
3.495925
3.531825
3.73425
3.749275
3.757825
3.761475
3.967725
4.072975
4.148
4.175025
4.2064
4.734525
4.837525
4.840125
4.920725
4.99405
5.14935
5.21245
5.223425
5.3872
5.4582
5.5366
5.656025
5.67075
5.750075
5.766875
6.1332
6.1404
6.398375
6.487075
6.50865
6.646725
6.7925
6.822275
6.837175
6.858275
6.86965
6.8986
6.939175
6.98005
7.045775
7.1911
7.1961
7.22105
7.253475
7.513125
7.60955
7.65985
7.678025
7.828625
7.877
7.914875
7.91815
8.01385
8.03785
8.1713
8.27915
8.3253
8.371775
8.411175
8.41905
8.446025
8.448475
8.647025
8.750625
8.849975
8.85425
8.879525
8.88775
8.90995
8.929225
8.95805
8.9999
9.011775
9.113425
9.13955
9.267675
9.44625
9.45455
9.465075
9.551525
9.557825
9.87145
9.8943
9.894375
9.958275
169
