0.418075
0.431075
0.444775
0.45895
0.46175
0.516125
0.543175
0.55735
0.55845
0.57365
0.5899
0.60395
0.6113
0.625925
0.628225
0.63015
0.6358
0.64395
0.65705
0.6946
0.700925
0.704675
0.737725
0.76195
0.766625
0.771125
0.77175
0.80965
0.8314
0.85675
0.879
0.91585
0.916725
1.026
1.04615
1.0532
1.1096
1.137475
1.13845
1.141775
1.18145
1.197325
1.209
1.27495
1.275775
1.3072
1.346825
1.378175
1.548275
1.6845
1.688775
1.7668
1.899
1.91785
1.94125
2.028025
2.052025
2.2334
2.235225
2.300425
2.3036
2.40385
2.4263
2.599075
2.6112
2.6421
2.6695
2.719825
2.752025
2.7791
2.82135
2.901925
2.968325
2.990375
3.0471
3.07955
3.104825
3.1878
3.27995
3.3294
3.372525
3.373325
3.37365
3.434125
3.446575
3.4664
3.7259
3.73475
3.788075
3.8379
3.861
3.901125
4.1176
4.141425
4.1809
4.4047
4.433825
4.47325
4.484675
4.50595
4.6179
4.6511
4.9221
5.041475
5.10795
5.129375
5.1447
5.226175
5.3491
5.42275
5.534375
5.56095
6.02025
6.064625
6.080075
6.095875
6.099925
6.204375
6.215575
6.28275
6.39445
6.479225
6.576475
6.639825
6.827225
6.90885
6.92865
6.976475
7.0596
7.140475
7.218975
7.3445
7.36985
7.447825
7.5392
7.695375
7.737025
7.79375
7.810075
8.0822
8.155275
8.173475
8.198
8.21315
8.26865
8.430975
8.4588
8.51355
8.5433
8.588625
8.682675
8.727325
8.805975
8.960925
8.983775
9.048
9.12615
9.177525
9.2508
9.27465
9.47635
9.63155
9.731875
9.9198
9.9544
165
