0.08365
0.099625
0.381425
0.385225
0.47245
0.48445
0.5045
0.50625
0.55725
0.5606
0.56225
0.661675
0.664
0.687725
0.728325
0.7341
0.73535
0.7445
0.78695
0.794875
0.8147
0.838075
0.8626
0.876275
0.9031
0.90625
0.932025
0.93635
0.9619
0.9753
0.98465
0.998525
1.0017
1.004975
1.02045
1.046275
1.102625
1.149225
1.177275
1.213625
1.234575
1.290275
1.365025
1.3698
1.37215
1.41645
1.446175
1.586975
1.751725
1.809975
1.81325
1.836125
1.87175
1.927625
1.973125
2.00585
2.0263
2.054925
2.0891
2.15685
2.207375
2.252375
2.25835
2.2726
2.28625
2.332125
2.397425
2.4503
2.4837
2.508275
2.5142
2.69755
2.7264
2.84375
2.87415
3.1072
3.2292
3.24215
3.3655
3.394175
3.48035
3.5392
3.779575
3.8684
4.109225
4.227275
4.246225
4.271025
4.297975
4.301775
4.353725
4.463575
4.479225
4.49255
4.4999
4.51525
4.6137
4.632375
4.80655
4.831275
4.890125
4.9911
5.01315
5.036675
5.09175
5.117975
5.193275
5.344875
5.360025
5.378325
5.429725
5.5761
5.593275
5.661075
5.66845
5.746425
5.8098
5.961575
6.077775
6.105925
6.316825
6.3665
6.6426
6.776975
6.871025
6.987925
7.003075
7.152025
7.297025
7.35455
7.48305
7.5144
7.681
7.71245
7.90315
7.91
8.07235
8.140475
8.188975
8.233
8.3633
8.424175
8.43
8.475725
8.536475
8.53935
8.716375
8.731325
8.78175
8.868925
8.942525
8.9595
9.087275
9.48105
9.794525
9.796525
9.86525
9.949475
158
