0.02265
0.1122
0.27665
0.285425
0.3584
0.364
0.41295
0.466025
0.4774
0.482225
0.494075
0.49845
0.50865
0.51495
0.523025
0.558575
0.5624
0.565175
0.602825
0.62185
0.625
0.65355
0.657525
0.67575
0.67605
0.722525
0.729525
0.73435
0.7784
0.796625
0.826525
0.843775
0.848575
0.85475
0.86775
0.89765
0.92515
0.92985
0.9574
0.982975
1.01655
1.0287
1.04165
1.060525
1.075925
1.084375
1.1101
1.162775
1.20545
1.212875
1.21905
1.219375
1.228475
1.2633
1.32175
1.342575
1.362275
1.3995
1.426225
1.455825
1.456225
1.4963
1.53435
1.550175
1.5839
1.6194
1.6635
1.74315
1.809075
1.836675
1.9381
1.9807
2.07185
2.189175
2.25235
2.4203
2.49505
2.505
2.59395
2.88545
2.8918
3.055625
3.0656
3.1643
3.2072
3.244475
3.275025
3.295
3.404975
3.4243
3.44295
3.450575
3.4723
3.482375
3.525625
3.542975
3.556725
3.61615
3.63565
3.650975
3.7378
3.885525
4.03235
4.042775
4.126025
4.187875
4.27795
4.300825
4.306525
4.320125
4.430225
4.46905
4.524025
4.555225
4.62305
4.8395
4.885225
4.889025
4.90535
5.031475
5.1572
5.324
5.586475
5.611875
5.73175
5.7321
5.766475
5.781675
5.827
5.9187
6.071425
6.07195
6.225175
6.235
6.3321
6.438
6.594825
6.59885
6.8186
6.835375
7.041275
7.105125
7.15215
7.1628
7.17545
7.203625
7.224725
7.26715
7.288875
7.31225
7.32555
7.6049
7.60715
7.6542
7.912625
7.94765
8.005925
8.15605
8.1716
8.3163
8.35865
8.413475
8.446075
8.67975
8.9195
9.013975
9.049325
9.359275
9.37815
9.4701
9.567425
9.67405
9.96245
9.979675
174
