0.01625
0.017375
0.207275
0.287675
0.46405
0.4649
0.617275
0.634175
0.654975
0.658225
0.66485
0.68115
0.751625
0.7785
0.8163
0.825125
0.8443
0.8603
0.862325
0.889075
0.9018
0.941075
1.005225
1.010125
1.054925
1.13735
1.196175
1.2132
1.232175
1.257525
1.28095
1.31275
1.3363
1.3837
1.4114
1.44385
1.46425
1.52205
1.53345
1.584875
1.597725
1.6027
1.632175
1.6954
1.717625
1.7252
1.730875
1.7485
1.753
1.7759
1.799725
1.840775
1.9844
2.0001
2.002975
2.04385
2.0795
2.10525
2.21425
2.247875
2.435
2.4521
2.45755
2.60205
2.649375
2.6921
2.712025
2.797925
2.933175
3.093225
3.14
3.1764
3.297175
3.34975
3.388925
3.546075
3.640225
3.93845
3.95295
3.96985
4.03265
4.053325
4.091125
4.3648
4.3693
4.37755
4.3916
4.497675
4.526725
4.599575
4.955325
4.986625
5.120075
5.1775
5.49865
5.503225
5.62015
5.621575
5.705575
5.7731
5.786025
5.7958
5.921475
5.9925
6.20755
6.28315
6.31765
6.3433
6.473
6.477275
6.57335
6.82465
6.943575
6.958875
6.9883
7.04445
7.0584
7.1667
7.181075
7.191575
7.214925
7.258925
7.3327
7.3718
7.45095
7.464875
7.57775
7.596675
7.6041
7.604525
7.762525
7.839175
7.8542
7.936
8.222675
8.22395
8.3943
8.622025
8.702525
8.825225
8.90715
9.339
9.41345
9.67085
9.671075
9.68045
9.75095
9.775725
9.77805
9.8896
9.907175
9.91165
152
