0.10055
0.2555
0.320625
0.4566
0.464675
0.4705
0.490725
0.57225
0.588325
0.5927
0.5983
0.6125
0.616425
0.637425
0.640875
0.6539
0.685025
0.699025
0.703125
0.7196
0.72505
0.7545
0.77575
0.84945
0.8539
0.858425
0.879675
0.8865
0.9032
0.918225
0.933825
0.94735
0.95215
0.994075
1.004325
1.009775
1.050525
1.05795
1.1401
1.174
1.186075
1.19285
1.20805
1.217725
1.23985
1.27265
1.359825
1.454225
1.468475
1.47035
1.48
1.50095
1.503325
1.515
1.5423
1.60735
1.633275
1.7031
1.763925
1.771025
1.89625
2.0197
2.0243
2.0247
2.073425
2.17105
2.32585
2.381525
2.3887
2.408575
2.4573
2.46065
2.5292
2.5522
2.641375
2.657225
2.700025
2.701875
2.793375
2.849525
2.9725
3.1803
3.30925
3.327625
3.337625
3.400625
3.445525
3.4896
3.49565
3.64815
3.763875
3.80015
3.909825
3.95585
4.010425
4.0494
4.058
4.24565
4.257725
4.29425
4.301125
4.342125
4.4803
4.51005
4.74625
4.76335
4.849825
4.891375
5.31415
5.427325
5.5162
5.520625
5.6307
5.647
5.814725
5.83925
5.84995
5.961725
6.025975
6.217125
6.297025
6.33285
6.38105
6.390125
6.421525
6.570075
6.6196
6.75295
6.769325
6.7828
7.02095
7.150325
7.1883
7.2124
7.229025
7.2687
7.284575
7.33035
7.36725
7.40655
7.461025
7.497175
7.5469
7.553075
7.5953
7.631975
7.674075
7.79505
7.930725
8.00095
8.17875
8.2892
8.389075
8.438525
8.56215
8.56395
8.732225
8.7456
8.75885
8.787275
8.8897
8.904475
8.9226
8.952475
9.005075
9.08515
9.117775
9.3406
9.5801
9.684025
9.85255
9.9609
172
