0.14845
0.289225
0.411975
0.427525
0.4964
0.49965
0.499725
0.531425
0.53945
0.567575
0.572
0.5816
0.60245
0.627075
0.6519
0.677725
0.725225
0.727375
0.731
0.7446
0.75345
0.798825
0.867025
0.875525
0.91925
0.922475
0.952675
0.97875
0.985075
1.009875
1.078875
1.083275
1.1172
1.12565
1.1514
1.177575
1.25
1.2706
1.339475
1.502125
1.58755
1.6036
1.662325
1.676425
1.730225
1.809775
1.898225
1.9273
1.978275
2.051425
2.060175
2.148325
2.346475
2.3513
2.419725
2.571825
2.710425
2.74125
2.804275
2.8177
2.890975
2.975225
3.092
3.100175
3.20955
3.244775
3.43345
3.45475
3.4935
3.512075
3.537475
3.556625
3.579825
3.70225
3.723525
3.791025
3.832025
3.905675
3.938675
3.9444
4.017925
4.0404
4.12575
4.196025
4.2468
4.2732
4.30395
4.3768
4.553225
4.625975
4.822925
4.887625
5.075825
5.243875
5.3329
5.346975
5.4671
5.514725
5.515125
5.6426
5.87065
5.914475
6.180075
6.346775
6.478325
6.5465
6.64925
6.6594
6.720275
6.80145
6.804375
6.813075
6.95935
6.9922
7.00355
7.033925
7.179825
7.191175
7.342075
7.43545
7.4893
7.54885
7.559925
7.69745
7.71035
7.82665
7.968025
8.0005
8.075625
8.123375
8.15925
8.211575
8.286925
8.4408
8.5016
8.518775
8.52175
8.5353
8.569525
8.6785
8.765325
9.2587
9.27035
9.3545
9.373725
9.44095
9.44515
9.8115
148
