0.094225
0.308375
0.3603
0.37125
0.40125
0.463325
0.471625
0.48425
0.508525
0.516925
0.5402
0.5464
0.5546
0.5625
0.58375
0.606275
0.6112
0.614025
0.616175
0.62275
0.649475
0.730975
0.7431
0.757775
0.77235
0.7796
0.78065
0.806875
0.80855
0.81365
0.832625
0.848925
0.89305
0.901525
0.91685
0.934425
0.9706
0.978625
0.99825
1.00845
1.02125
1.036225
1.11515
1.1244
1.2183
1.21835
1.2637
1.266125
1.282925
1.2841
1.289475
1.301125
1.319275
1.350925
1.35845
1.395725
1.4494
1.45535
1.479325
1.493875
1.5138
1.640175
1.6449
1.715975
1.75545
1.79675
1.808375
1.859825
1.8639
1.884525
1.9411
1.985675
2.06535
2.1217
2.1218
2.140575
2.17315
2.2075
2.249425
2.2721
2.315725
2.366125
2.378175
2.436
2.4896
2.59395
2.640725
2.66805
2.67455
2.718375
2.723525
2.750525
2.848625
2.8916
3.101725
3.227475
3.2649
3.3736
3.37855
3.3903
3.4537
3.45675
3.6093
3.73835
3.783225
3.8383
3.847625
3.86815
3.92645
3.94775
3.990825
3.991125
4.023275
4.07295
4.133875
4.168325
4.22305
4.247275
4.273025
4.309625
4.58225
4.599825
4.606025
4.611225
4.826
4.8747
4.970475
5.000725
5.026875
5.037925
5.0434
5.081525
5.085475
5.209075
5.228925
5.234175
5.234525
5.23825
5.2601
5.3167
5.360725
5.3783
5.39445
5.4541
5.48865
5.52695
5.6604
5.67495
5.693225
5.735425
5.799825
5.84265
5.893025
5.898875
5.927275
5.9495
6.01255
6.08865
6.19065
6.261975
6.35005
6.361625
6.377625
6.4593
6.485775
6.587475
6.599325
6.74405
6.77075
6.88845
6.941075
6.9521
7.1037
7.208675
7.235775
7.239525
7.3608
7.521375
7.72945
7.863425
8.023125
8.03235
8.05585
8.114975
8.2312
8.2648
8.328475
8.614825
8.635025
8.67725
8.6881
8.82055
8.94765
9.249675
9.262975
9.367275
9.4407
9.4418
9.475625
9.480575
9.5661
9.742825
202
