0.04785
0.072125
0.1116
0.1183
0.207675
0.208525
0.23945
0.23995
0.457875
0.477075
0.557525
0.5613
0.564925
0.5899
0.599225
0.600275
0.6007
0.601275
0.667825
0.682925
0.726225
0.7273
0.749075
0.759525
0.793575
0.838425
0.84615
0.86005
0.864125
0.92055
0.947925
1.040425
1.105975
1.110375
1.12365
1.156925
1.182275
1.2228
1.2749
1.2903
1.382425
1.384325
1.406675
1.467975
1.47335
1.559375
1.565675
1.7464
1.863925
1.961825
2.083575
2.107525
2.1125
2.138925
2.2184
2.23
2.2448
2.324775
2.374575
2.576025
2.788725
2.801525
2.91305
2.932175
2.9447
2.97075
2.973875
3.207425
3.27495
3.311375
3.352075
3.491875
3.495875
3.5066
3.531275
3.589375
3.595975
3.684075
3.7288
3.88745
3.924175
3.93045
3.974925
4.052675
4.091625
4.150425
4.169875
4.174725
4.336775
4.368825
4.390325
4.400175
4.5655
4.650075
4.675925
4.6954
4.767275
4.93335
5.000825
5.129275
5.142275
5.148025
5.20325
5.419025
5.431675
5.499375
5.503325
5.5759
5.6382
5.795375
5.876025
5.950025
5.98255
5.9876
6.1187
6.313125
6.43845
6.4769
6.53945
6.677925
6.736125
6.78605
6.949275
7.024925
7.09585
7.179375
7.296725
7.464725
7.614725
7.67705
7.693175
7.882575
7.9607
8.11105
8.245
8.303725
8.307325
8.460975
8.47975
8.496025
8.65995
8.663775
8.6768
8.697975
8.80285
8.85355
9.0729
9.140875
9.149425
9.161525
9.2058
9.324325
9.374275
9.41935
9.482625
9.4874
9.4914
9.557525
9.73015
9.866225
9.89615
9.9267
162
