0.3235
0.37715
0.48715
0.4919
0.52945
0.531525
0.5318
0.5336
0.53715
0.55025
0.56135
0.566675
0.56765
0.570525
0.582075
0.586525
0.601075
0.60745
0.614675
0.64915
0.67945
0.69305
0.710625
0.71695
0.71935
0.745325
0.757025
0.765
0.777975
0.786825
0.924075
0.9389
0.96095
0.983025
1.01825
1.065425
1.08745
1.1073
1.258575
1.2807
1.29005
1.366
1.390125
1.50085
1.564775
1.57275
1.68375
1.6883
1.71915
1.734725
1.765875
1.807575
1.90615
1.942425
1.9441
1.980525
2.00915
2.04585
2.134475
2.139325
2.34315
2.45285
2.581975
2.616875
2.638975
2.718225
2.7756
2.87775
2.904375
2.917125
2.924075
2.95305
2.954275
2.961475
3.04045
3.11805
3.167925
3.21695
3.23
3.261425
3.280575
3.30035
3.379575
3.39035
3.4791
3.6018
3.9471
3.99525
3.996225
3.9964
4.032775
4.06335
4.193675
4.24
4.314675
4.4864
4.559875
4.592225
4.6003
4.632
4.7154
4.7763
4.798525
4.985825
5.01815
5.02165
5.05685
5.12735
5.163325
5.22405
5.2647
5.348825
5.393125
5.602
5.702425
5.8644
5.9215
5.93705
6.09255
6.1659
6.248225
6.29975
6.34915
6.3864
6.39005
6.480175
6.505975
6.52475
6.535475
6.611675
6.6154
6.8177
6.891
6.89575
6.968225
7.147475
7.202275
7.210125
7.318925
7.415425
7.4186
7.453875
7.503725
7.536075
7.567375
7.65435
7.731975
7.76255
7.881425
7.913575
7.972075
7.9743
8.196325
8.223275
8.228075
8.477825
8.51825
8.519975
8.5277
8.741
8.81715
8.894975
9.05835
9.143875
9.1616
9.4785
9.478575
9.542625
9.817775
169
