0.042
0.0616
0.10455
0.29605
0.472225
0.4772
0.48735
0.49345
0.515725
0.532825
0.5397
0.543525
0.5851
0.5924
0.596275
0.60575
0.6099
0.62725
0.643375
0.665525
0.667425
0.674225
0.73745
0.741425
0.743725
0.763325
0.78085
0.789625
0.804825
0.82355
0.824325
0.834875
0.859175
0.865
0.877075
0.932225
0.934175
0.93635
0.9514
1.003475
1.03635
1.044225
1.046975
1.061475
1.069325
1.075025
1.1245
1.1421
1.154675
1.2055
1.3419
1.3633
1.39545
1.42005
1.471875
1.4746
1.552525
1.559275
1.56575
1.614425
1.654375
1.656825
1.74115
1.807375
1.838275
1.83845
1.84975
1.9999
2.0517
2.058675
2.14095
2.14225
2.1505
2.175375
2.20735
2.2938
2.3825
2.441325
2.5926
2.6948
2.71315
2.74765
2.751525
2.7579
2.88165
3.0634
3.137
3.208425
3.24135
3.39825
3.47145
3.5422
3.630425
3.671175
3.67175
3.706
3.757875
3.80155
3.80415
3.8432
3.973075
4.02985
4.0442
4.154375
4.205425
4.21945
4.237675
4.264825
4.438375
4.4389
4.46005
4.49205
4.5031
4.60845
4.62325
4.6325
4.657825
4.723975
4.964275
5.157575
5.22005
5.368525
5.422575
5.654925
5.7021
5.75935
5.7831
5.828725
5.95535
6.004925
6.016075
6.116375
6.249625
6.2724
6.313975
6.329675
6.3349
6.4563
6.5377
6.565775
6.789175
6.804625
6.8105
6.878675
6.923275
6.93215
7.064725
7.183025
7.2894
7.443775
7.447775
7.486125
7.6047
7.614625
7.8528
7.916575
7.9866
8.125225
8.195875
8.255525
8.3259
8.38045
8.383525
8.396675
8.680025
8.748625
8.77675
8.9875
9.000175
9.006775
9.1243
9.294675
9.30345
9.335725
9.414225
9.4545
9.490375
9.500925
9.834775
9.9895
180
