0.011825
0.405925
0.411025
0.5099
0.53555
0.562475
0.571725
0.5735
0.57555
0.60515
0.606225
0.63975
0.654925
0.65945
0.679025
0.691075
0.69815
0.7041
0.709525
0.760025
0.780575
0.784475
0.7851
0.788375
0.79245
0.80085
0.8254
0.843425
0.87585
0.8773
0.89005
0.899725
1.0229
1.03715
1.04815
1.068925
1.072425
1.0762
1.109125
1.118025
1.177325
1.20175
1.296825
1.36165
1.365075
1.395225
1.448925
1.479825
1.4992
1.5085
1.53735
1.5664
1.62155
1.7521
1.7982
1.82665
1.86065
1.896225
1.9198
1.956
2.04385
2.061225
2.30485
2.368575
2.4202
2.50765
2.70125
2.703175
2.87375
2.875875
2.97525
2.9963
3.00565
3.014175
3.0516
3.1507
3.16615
3.280625
3.291
3.316125
3.41015
3.437425
3.441375
3.4712
3.502375
3.528325
3.53565
3.55365
3.626225
3.875175
3.99455
4.004075
4.053525
4.17355
4.23295
4.345025
4.353725
4.50705
4.534175
4.69265
4.697475
4.80285
4.88445
4.898525
4.89915
4.9857
5.22665
5.229325
5.23675
5.2837
5.3197
5.385575
5.40445
5.51305
5.547
5.55825
5.666225
5.701675
5.723975
5.80495
5.9689
6.1082
6.157625
6.214475
6.259075
6.398875
6.450325
6.61225
6.658575
6.700825
6.732975
6.7869
6.961425
7.13555
7.254975
7.3145
7.31835
7.543
7.970325
8.0481
8.257425
8.3417
8.36035
8.40205
8.505
8.516075
8.665725
8.670975
8.707225
8.77
8.8971
8.93285
8.980225
9.04995
9.3425
9.444025
9.567975
9.613925
9.6917
9.775575
160
