0.0202
0.045775
0.0852
0.166975
0.201025
0.29855
0.435
0.507475
0.50995
0.510525
0.520725
0.536925
0.5386
0.544
0.550775
0.559925
0.56875
0.582375
0.670525
0.677375
0.72805
0.7292
0.78565
0.7859
0.798625
0.79985
0.8117
0.816775
0.837
0.842725
0.849675
0.8534
0.8592
0.873975
0.877875
0.886
0.893875
0.9201
0.921525
0.947525
0.98385
0.988475
1.0433
1.1024
1.104475
1.116325
1.117625
1.144725
1.155025
1.163125
1.17555
1.224425
1.23615
1.297825
1.3124
1.319175
1.32565
1.588575
1.66755
1.689275
1.700175
1.71335
1.758925
1.76275
1.81085
1.8681
1.907725
2.052425
2.115675
2.337425
2.396625
2.456925
2.58275
2.650875
2.66335
2.6796
2.7464
2.756125
2.8128
2.827925
2.9459
2.980675
2.9828
2.992325
3.1153
3.119675
3.15395
3.180475
3.1945
3.325
3.351225
3.411075
3.531475
3.5589
3.589525
3.651525
3.68585
3.806325
3.81825
3.8505
3.89795
3.904425
3.974975
4.030075
4.0669
4.107925
4.21405
4.2215
4.230775
4.24255
4.33275
4.39145
4.4695
4.520975
4.62
4.72505
4.7785
5.115675
5.175825
5.192425
5.234625
5.26815
5.32665
5.384
5.528525
5.59175
5.647425
5.703325
5.81085
5.817725
5.819625
5.8355
5.88165
5.890875
5.924025
5.9272
6.118575
6.1446
6.24795
6.45415
6.846675
6.963125
7.30475
7.405375
7.471825
7.498675
7.652075
7.67575
7.72535
7.81205
7.8476
8.014125
8.3078
8.33015
8.5215
8.5279
8.7344
8.760975
8.791525
8.92375
8.953525
8.972025
9.12715
9.158775
9.221125
9.256675
9.5626
9.707225
9.91745
169
