0.035175
0.3131
0.3803
0.4658
0.481275
0.49545
0.503375
0.505175
0.51425
0.521975
0.565575
0.56845
0.5895
0.59485
0.60655
0.6081
0.6227
0.644825
0.6521
0.65285
0.692025
0.70055
0.71075
0.7186
0.739825
0.745625
0.76445
0.809575
0.82035
0.8227
0.835875
0.875025
0.93145
0.932775
0.96235
0.967625
0.99375
1.006675
1.113875
1.166125
1.17735
1.208625
1.220575
1.264975
1.2703
1.28895
1.431
1.437
1.4669
1.46885
1.52925
1.559525
1.630175
1.650475
1.67545
1.698225
1.754325
1.803175
1.810025
1.86565
1.8932
1.916975
1.934
1.942975
1.95855
1.97635
2.053
2.1781
2.188675
2.213725
2.24975
2.41205
2.53425
2.57365
2.62775
2.6334
2.6374
2.7038
2.70795
2.734525
2.7765
2.83375
2.879325
2.903475
2.9115
2.922225
3.080175
3.1111
3.2033
3.218525
3.28375
3.3611
3.366775
3.4459
3.5673
3.70455
3.71445
3.801975
3.827125
3.8462
3.99975
4.003075
4.026575
4.04235
4.0457
4.1048
4.1309
4.1528
4.250375
4.28945
4.31495
4.3267
4.336925
4.38755
4.389525
4.414225
4.46565
4.480275
4.546675
4.76645
4.8509
5.00845
5.055175
5.155325
5.208825
5.29355
5.30135
5.326975
5.403325
5.548
5.553825
5.6424
5.704875
5.8649
5.9452
6.035175
6.073575
6.104575
6.113975
6.149875
6.182825
6.222125
6.234425
6.25765
6.3626
6.4636
6.572725
6.6251
6.683675
6.81795
6.904425
7.02345
7.042325
7.094925
7.117275
7.23785
7.319775
7.451725
7.5831
7.718625
7.972875
7.99785
8.046575
8.0727
8.1286
8.2161
8.25225
8.285725
8.339025
8.3632
8.61845
8.694175
8.711825
8.765275
8.808275
8.8351
8.855075
8.89075
8.957625
9.12895
9.129175
9.22705
9.334475
9.447
9.542275
9.6058
9.613325
9.635375
9.66075
9.682725
9.7914
191
