0.208375
0.225225
0.279775
0.4005
0.413775
0.43435
0.440925
0.45315
0.48245
0.49405
0.500825
0.5165
0.521225
0.545475
0.55145
0.55215
0.553025
0.560175
0.560725
0.564125
0.5751
0.58185
0.587225
0.59325
0.60175
0.60695
0.618675
0.640875
0.6741
0.684025
0.698475
0.71345
0.724725
0.736225
0.739925
0.74145
0.7621
0.78945
0.8255
0.830025
0.842425
0.855925
0.924575
0.9998
1.0103
1.012625
1.079975
1.117125
1.17555
1.2044
1.209725
1.223375
1.246725
1.26355
1.26645
1.27325
1.341875
1.3936
1.429075
1.446225
1.5206
1.636675
1.76735
1.9791
1.981125
1.9853
2.022025
2.029775
2.03425
2.0432
2.0509
2.0899
2.1166
2.120625
2.3668
2.447
2.46095
2.47415
2.66905
2.6936
2.837175
2.91055
2.958925
3.288275
3.337375
3.38515
3.47705
3.53585
3.5546
3.604775
3.701
3.758125
3.816125
3.963775
3.9691
4.0027
4.073675
4.09625
4.14055
4.145125
4.2901
4.292225
4.512825
4.5654
4.659925
4.71915
4.88605
4.888225
4.926625
5.034
5.111975
5.18315
5.185825
5.222725
5.2295
5.324925
5.5053
5.5972
5.640825
5.646725
5.659875
5.737025
5.787725
5.796925
5.91995
5.9604
6.0092
6.0331
6.1952
6.212425
6.36985
6.375975
6.422375
6.4694
6.534375
6.549525
6.76375
6.8924
6.924725
6.98895
7.0093
7.05585
7.124875
7.212525
7.33075
7.379675
7.389425
7.624275
7.6639
7.7726
7.7819
7.853975
7.885175
7.895875
8.024975
8.1146
8.122425
8.16935
8.38445
8.43975
8.460975
8.581075
8.827875
8.8657
8.911325
8.9908
9.116725
9.289475
9.298675
9.386975
9.45565
9.610525
9.6623
9.66425
9.68945
9.701725
9.8025
9.88535
9.9328
179
