0.009675
0.048175
0.211225
0.253325
0.37975
0.459425
0.4825
0.486675
0.499575
0.51725
0.518625
0.5419
0.54555
0.55215
0.5625
0.570225
0.5708
0.577525
0.583875
0.602875
0.6065
0.616325
0.67485
0.703225
0.78985
0.798675
0.82065
0.834225
0.850925
0.8817
0.88265
0.93185
0.986925
1.034925
1.052225
1.0539
1.05645
1.08355
1.118725
1.120875
1.17975
1.183
1.2054
1.221825
1.226225
1.240675
1.24115
1.24665
1.5509
1.5625
1.600325
1.64955
1.673175
1.77305
1.831825
1.886575
1.9088
1.929175
1.9776
2.0027
2.019475
2.0428
2.10595
2.126675
2.177275
2.2417
2.258575
2.275175
2.4146
2.4149
2.415675
2.429975
2.527425
2.671525
2.70615
2.721975
2.833975
2.9019
2.9449
2.960425
2.97205
3.038375
3.043625
3.05765
3.1435
3.210125
3.2509
3.2757
3.29985
3.359775
3.388225
3.42245
3.817925
3.87175
3.885225
3.911925
3.915675
3.93255
4.0652
4.12615
4.148275
4.269575
4.311925
4.450175
4.477425
4.510825
4.545125
4.551875
4.68055
4.6968
4.76515
4.767725
4.78425
4.8219
4.851975
4.896175
4.991275
5.21715
5.32065
5.351525
5.434125
5.49055
5.5165
5.5895
5.7979
5.823325
5.840225
5.9468
6.00105
6.161525
6.2207
6.2284
6.79915
6.86365
7.047175
7.12665
7.136625
7.1801
7.3565
7.41625
7.430525
7.542975
7.7654
8.0515
8.141025
8.184075
8.457325
8.49325
8.525375
8.752625
8.826775
8.858
8.887625
8.96105
8.981025
8.995775
9.0052
9.18185
9.2299
9.427875
9.632
9.649925
9.673225
9.78525
9.79125
9.859
9.85925
9.946775
168
