0.1386
0.19655
0.218725
0.287625
0.444875
0.481175
0.497525
0.5016
0.517225
0.552475
0.566075
0.585475
0.58695
0.594075
0.626175
0.639975
0.641425
0.6608
0.663
0.6795
0.68215
0.7044
0.71865
0.7657
0.775325
0.789675
0.796925
0.8019
0.82185
0.9122
0.91755
0.954125
0.97095
1.00225
1.0495
1.059475
1.115375
1.1377
1.2524
1.2572
1.30375
1.3067
1.40905
1.417975
1.436625
1.462225
1.475025
1.49195
1.50245
1.5881
1.606225
1.6078
1.681025
1.7387
1.746325
1.765075
1.785125
1.877025
1.90075
1.91805
1.94265
2.009525
2.0285
2.145775
2.17645
2.22735
2.233525
2.35465
2.404825
2.507425
2.529025
2.536225
2.590875
2.81485
2.977075
2.9992
3.0564
3.153325
3.222475
3.22865
3.25035
3.298475
3.31975
3.348325
3.358725
3.54205
3.587425
3.596125
3.6285
3.7002
3.797675
3.967475
4.07255
4.37925
4.4508
4.4955
4.58825
4.641625
4.650075
4.69525
4.761525
4.7758
4.79575
4.84995
4.987025
5.003075
5.094
5.12205
5.1711
5.1764
5.27735
5.3756
5.58355
5.643
5.675025
5.68925
5.767575
5.897025
5.9476
5.959775
6.0497
6.09115
6.19495
6.4403
6.45955
6.4604
6.553525
6.761925
6.89545
6.998625
7.144325
7.1681
7.172675
7.208275
7.366475
7.502425
7.529125
7.537525
7.55515
7.846175
7.899225
8.102225
8.3127
8.443175
8.505275
8.745875
8.8277
9.06715
9.209375
9.28545
9.412125
9.520475
9.549925
9.670625
9.76315
9.788775
9.928025
9.93675
158
