0.003975
0.105875
0.21055
0.2211
0.2841
0.304675
0.33025
0.399575
0.44005
0.449475
0.4564
0.481875
1.531375
1.6249
1.6698
1.673425
1.80915
1.856125
1.92555
1.946525
2.082625
2.110225
2.1325
2.1348
2.14185
2.168125
2.173775
2.187475
2.357725
2.364075
2.368925
2.373025
2.390825
2.450225
2.4722
2.490875
2.65285
2.707775
2.73695
2.74385
2.8035
2.80975
2.88425
2.890575
2.91175
2.912425
2.929
2.94445
2.946925
2.9589
3.042725
3.0577
3.058175
3.164875
3.181925
3.228375
3.247375
3.265475
3.2709
3.282725
3.285825
3.2952
3.30415
3.334
3.41965
3.46
3.4618
3.4821
3.528975
3.56515
3.57755
3.635875
3.6496
3.726525
3.771075
3.7967
3.8123
3.8204
3.894425
3.9824
3.98715
3.993425
4.014925
4.043325
4.0634
4.138725
4.2041
4.2368
4.300475
4.39845
4.42315
4.433875
4.43755
4.47485
4.480375
4.486525
4.62075
4.648025
4.65425
4.694775
4.8018
4.97285
4.996625
103
