0.01635
0.0699
0.07365
0.080075
0.153575
0.16565
0.190175
0.199475
0.201275
0.20915
0.293375
0.3282
0.340375
0.35365
0.45435
0.476325
0.47855
1.534
1.55655
1.628375
1.766075
1.780825
1.855725
1.97335
2.044775
2.06505
2.1124
2.168275
2.2215
2.289975
2.3052
2.36555
2.380825
2.406425
2.41005
2.411325
2.414425
2.425425
2.4335
2.4839
2.648875
2.660825
2.6939
2.711025
2.739875
2.7456
2.7477
2.7619
2.8889
2.969625
2.972925
2.991225
3.046975
3.1171
3.1494
3.15
3.17305
3.1803
3.2353
3.2499
3.27745
3.31595
3.319925
3.3945
3.40375
3.4049
3.496825
3.507675
3.53705
3.544125
3.58935
3.6202
3.68905
3.694525
3.70065
3.80275
3.82715
3.869275
3.9079
3.9358
3.963425
3.980075
3.983875
4.126675
4.131825
4.15125
4.170775
4.208725
4.2093
4.214675
4.23335
4.2523
4.252675
4.2565
4.2581
4.29035
4.296425
4.312375
4.3664
4.37715
4.519075
4.51935
4.534025
4.56455
4.566375
4.58315
4.641625
4.6435
4.677525
4.681475
4.720875
4.728925
4.735375
4.752475
4.880625
4.89095
4.956625
117
