0.023525
0.13015
0.2537
0.292125
0.347675
0.3723
0.417075
0.485625
0.497
1.5346
1.55945
1.594875
1.603525
1.623875
1.6591
1.673275
1.6774
1.732725
1.7335
1.830725
1.8691
1.913825
1.933825
1.95725
1.96835
1.975275
2.02015
2.064525
2.077725
2.100525
2.34335
2.365325
2.37325
2.3768
2.380625
2.43135
2.545175
2.581
2.598425
2.642
2.6526
2.6783
2.716925
2.73055
2.742275
2.872775
3.009
3.026725
3.052925
3.07155
3.14955
3.151775
3.19575
3.21615
3.220175
3.272225
3.287175
3.325325
3.3356
3.3472
3.368175
3.435675
3.502325
3.51345
3.5661
3.586025
3.6087
3.62775
3.65325
3.67135
3.73535
3.7496
3.75095
3.7835
3.941975
4.0896
4.2053
4.295225
4.31875
4.377125
4.39935
4.416875
4.4747
4.492125
4.51225
4.556025
4.564875
4.6267
4.6869
4.70915
4.738525
4.752675
4.853
4.89195
4.91985
4.92175
4.9318
4.981625
98
