0.00695
0.038275
0.12285
0.173075
0.207675
0.2417
0.2565
0.26905
0.2847
0.3664
0.418325
0.423
0.429875
0.4954
1.613175
1.627425
1.676975
1.6896
1.770925
1.782875
1.848325
1.85405
1.962325
1.965325
2.060625
2.11405
2.16585
2.1963
2.229725
2.29295
2.293725
2.324225
2.333125
2.36135
2.38695
2.39505
2.446025
2.474875
2.483275
2.50885
2.615675
2.624825
2.669125
2.672825
2.682275
2.68625
2.696825
2.740075
2.7631
2.83225
2.870625
2.887925
2.894275
2.908525
2.922975
2.9435
3.0384
3.046025
3.054775
3.15595
3.2573
3.3325
3.393775
3.50795
3.5172
3.550725
3.55575
3.587675
3.632725
3.670975
3.71225
3.751925
3.77825
3.7989
3.87725
3.904975
3.91625
4.021225
4.100975
4.151075
4.155325
4.155825
4.233
4.272375
4.29865
4.318425
4.355275
4.409425
4.418625
4.441975
4.6073
4.6666
4.667525
4.71195
4.7323
4.8041
4.8369
4.896
4.973825
4.992175
4.9976
101
