0.00595
0.024025
0.0337
0.11345
0.137475
0.183075
0.191275
0.25545
0.295125
0.305375
0.368725
0.3694
0.380675
0.398325
0.444225
0.44495
0.46965
0.479625
1.582675
1.5966
1.6035
1.663025
1.692975
1.703325
1.714925
1.742425
1.785725
1.82495
1.84015
1.8779
1.9128
1.943475
1.956575
2.120775
2.157825
2.292725
2.3107
2.312225
2.3398
2.35275
2.376225
2.42735
2.449475
2.46115
2.467625
2.53975
2.582475
2.605525
2.61675
2.708275
2.7515
2.807025
2.964475
3.02755
3.0386
3.049825
3.0629
3.147725
3.16515
3.196975
3.2161
3.224425
3.232975
3.240025
3.2435
3.24995
3.36865
3.417775
3.445075
3.47005
3.50935
3.544225
3.5473
3.548125
3.551225
3.553875
3.667425
3.734475
3.763725
3.772475
3.8156
3.842125
3.8838
3.8891
3.8984
3.93935
3.98055
4.05115
4.05135
4.0861
4.10825
4.12285
4.185875
4.1876
4.207625
4.249225
4.326825
4.371525
4.37935
4.429675
4.46935
4.57155
4.584225
4.62255
4.622775
4.6489
4.675075
4.698425
4.700075
4.798525
4.880575
4.89695
4.931625
113
