0.0355
0.036025
0.04895
0.058375
0.06675
0.100825
0.10125
0.1256
0.13255
0.134875
0.145125
0.21235
0.2407
0.329825
0.34315
0.364975
0.3678
1.519125
1.56065
1.6077
1.6285
1.67055
1.698425
1.7343
1.76075
1.764775
1.788125
1.808475
1.8377
1.901575
1.910475
1.929975
1.964525
2.030125
2.0636
2.06565
2.205175
2.27725
2.287625
2.363425
2.363725
2.4141
2.44705
2.453875
2.476525
2.518575
2.637325
2.779875
2.7867
2.852325
2.89765
2.930325
2.97765
3.027325
3.039425
3.104225
3.14505
3.185375
3.200775
3.242275
3.247575
3.250225
3.262225
3.278025
3.28215
3.32005
3.3211
3.3947
3.442825
3.48545
3.496675
3.531375
3.544475
3.549925
3.61255
3.651
3.6803
3.74965
3.7776
3.7778
3.841475
3.848725
3.8733
3.8806
4.0483
4.21545
4.262275
4.273925
4.296675
4.3161
4.3368
4.337725
4.545625
4.561575
4.64225
4.65355
4.654175
4.66285
4.700575
4.71465
4.7236
4.7517
4.762925
4.77615
4.79055
4.7987
4.815625
4.95055
4.979325
4.9857
110
