0.0166
0.0407
0.0503
0.0638
0.12975
0.1336
0.141725
0.197275
0.2444
0.262525
0.309
0.321925
0.322025
0.3666
0.370575
0.452075
0.4993
1.50825
1.543825
1.56725
1.596725
1.6512
1.664575
1.674475
1.712775
1.807475
1.8094
1.844675
1.889525
1.896375
1.977625
1.97845
2.007775
2.01495
2.022
2.043925
2.141725
2.14895
2.1794
2.179525
2.226425
2.257025
2.259175
2.303575
2.3053
2.335225
2.389425
2.42745
2.428825
2.429025
2.438225
2.492425
2.49465
2.536675
2.538475
2.618275
2.6706
2.6788
2.69565
2.788675
2.7936
2.8317
2.842275
2.967875
2.98815
2.991475
3.0422
3.05385
3.108475
3.115625
3.127475
3.170675
3.170975
3.266775
3.37755
3.3814
3.392825
3.400175
3.492875
3.508275
3.5618
3.5687
3.612875
3.69375
3.70875
3.748975
3.74925
3.8159
3.849325
3.993425
4.0071
4.020675
4.0581
4.06
4.117375
4.19165
4.209525
4.254975
4.387875
4.41205
4.44
4.445875
4.52845
4.529075
4.543675
4.567
4.570275
4.781475
4.814425
4.83055
4.83435
4.85165
4.955025
4.978725
4.98965
4.99365
116
