0.03495
0.096875
0.106825
0.11155
0.116525
0.19305
0.34535
0.407325
0.449325
0.457775
0.4609
1.504375
1.507575
1.51055
1.5116
1.5988
1.6085
1.611525
1.653825
1.699825
1.70985
1.728325
1.730325
1.808325
1.8084
1.84445
1.8758
1.890775
2.048275
2.06085
2.0939
2.119475
2.1207
2.1272
2.233725
2.273575
2.278375
2.302375
2.37685
2.407025
2.436525
2.446125
2.52645
2.58025
2.646375
2.6527
2.735625
2.73645
2.8277
2.880175
2.8843
2.924275
3.094925
3.1624
3.190325
3.1915
3.203625
3.206075
3.211025
3.2351
3.2417
3.291125
3.322
3.3244
3.330925
3.4112
3.419425
3.4477
3.47045
3.493275
3.512875
3.51375
3.514375
3.5298
3.640575
3.674575
3.719775
3.755925
3.794275
3.893975
3.89625
3.931275
3.94405
3.97785
3.99575
3.99755
4.03235
4.0899
4.102825
4.11195
4.116875
4.120625
4.12545
4.125575
4.149075
4.15595
4.1634
4.171575
4.248275
4.26205
4.283275
4.33235
4.3597
4.421175
4.45665
4.49685
4.509425
4.5124
4.5679
4.639025
4.67175
4.673525
4.67935
4.70055
4.706375
4.83285
4.83725
4.8979
4.9284
4.9797
4.980825
4.984275
122
