0.03575
0.067675
0.0823
0.11185
0.254775
0.259075
0.29645
0.3246
0.364775
0.4765
0.4908
1.5557
1.56055
1.574825
1.69115
1.7942
1.799125
1.816175
1.826375
1.846
1.9055
1.9602
2.037725
2.070875
2.1186
2.1253
2.1975
2.2372
2.294675
2.321975
2.3563
2.50935
2.516075
2.5651
2.606375
2.7724
2.7904
2.853725
2.9744
3.002775
3.08985
3.10155
3.102625
3.103875
3.109875
3.111475
3.1245
3.127
3.142825
3.156725
3.204225
3.206475
3.256275
3.34015
3.352675
3.4238
3.44965
3.456475
3.545725
3.613525
3.659675
3.6872
3.690725
3.712025
3.754775
3.766275
3.791825
3.8502
3.882375
3.900575
3.9232
4.005625
4.053225
4.0632
4.1028
4.131675
4.19275
4.212575
4.285975
4.29695
4.306275
4.369475
4.38685
4.4134
4.47785
4.4811
4.48445
4.5089
4.511625
4.51425
4.559075
4.577825
4.582725
4.62975
4.686575
4.69625
4.702425
4.71015
4.760775
4.77535
4.805225
4.840575
4.846225
4.8473
4.8686
4.87825
4.890225
4.8983
4.914825
4.923675
4.98975
111
