0.003175
0.013825
0.021225
0.0439
0.171
0.17675
0.225875
0.23065
0.300775
0.30885
0.323975
0.3656
0.3952
0.45645
0.4654
0.468775
1.52725
1.611575
1.695775
1.737825
1.77155
1.83345
1.870075
1.8932
1.917
1.92775
1.957875
2.030425
2.0428
2.079525
2.0867
2.121625
2.144075
2.14535
2.14875
2.2483
2.32195
2.3639
2.36885
2.371925
2.401625
2.4428
2.4581
2.5313
2.576425
2.602775
2.668775
2.670925
2.67455
2.68655
2.76275
2.7637
2.76995
2.8168
2.9314
2.939675
2.95545
3.070875
3.108025
3.115025
3.161675
3.17455
3.1942
3.217475
3.26725
3.290475
3.291875
3.29695
3.29995
3.338775
3.37975
3.389725
3.41425
3.4247
3.444425
3.460375
3.480475
3.4908
3.494125
3.560025
3.5868
3.58745
3.603925
3.610525
3.7089
3.779725
3.80025
3.82305
3.83245
3.844
3.8613
3.91605
3.93625
3.95665
3.993675
4.0117
4.012125
4.071875
4.0814
4.1057
4.129125
4.158875
4.2124
4.255475
4.284875
4.294775
4.329275
4.3467
4.357875
4.365425
4.3937
4.431775
4.44205
4.4666
4.470825
4.488375
4.5258
4.587
4.596025
4.672875
4.707375
4.711025
4.730925
4.7385
4.754625
4.77705
4.853525
4.88625
4.909875
4.916325
4.9566
131
