0.004675
0.0058
0.083175
0.106525
0.127025
0.142375
0.16945
0.174525
0.1782
0.196075
0.2575
0.2871
0.3395
0.344725
0.35195
0.367175
0.39485
0.398375
0.489275
1.501025
1.568325
1.6055
1.663225
1.675
1.6912
1.753125
1.767975
1.824175
1.8434
1.879425
1.88625
1.89045
1.89715
1.913525
2.014875
2.044275
2.049825
2.11135
2.276175
2.282725
2.37095
2.4255
2.50405
2.567025
2.572775
2.701025
2.7104
2.729275
2.734675
2.7497
2.768925
2.783175
2.795925
2.8142
2.814875
2.8541
2.876775
2.979475
2.99635
3.08645
3.101
3.14715
3.189675
3.189925
3.20215
3.24745
3.2657
3.2893
3.299675
3.3436
3.349975
3.350775
3.37545
3.3874
3.4465
3.498175
3.505375
3.506
3.602475
3.61225
3.635925
3.700375
3.726525
3.7338
3.7442
3.7862
3.800275
3.9096
3.91425
3.930175
3.955675
3.958225
3.981625
4.014375
4.017825
4.031425
4.0831
4.190725
4.2768
4.319425
4.32295
4.37295
4.38835
4.4236
4.4284
4.453125
4.458
4.557075
4.5681
4.581525
4.6519
4.69125
4.6989
4.736275
4.757525
4.79685
4.8205
4.829875
4.86305
4.8808
4.94315
4.97905
122
