0.011625
0.03745
0.10045
0.105275
0.13955
0.16385
0.1831
0.1983
0.202075
0.239375
0.27685
0.32135
0.3282
0.35095
0.3894
0.391725
0.433075
0.4555
1.5114
1.537425
1.574775
1.576975
1.620375
1.640725
1.6572
1.689725
1.7426
1.756225
1.798475
1.83205
1.8669
1.8741
1.935125
1.9706
2.00595
2.036575
2.0598
2.104125
2.10745
2.125625
2.178775
2.186775
2.194
2.20455
2.22075
2.226425
2.259875
2.2626
2.266225
2.299625
2.345525
2.3984
2.4691
2.56065
2.57385
2.696675
2.72205
2.736025
2.773875
2.8312
2.9459
2.94595
2.9988
3.137375
3.1916
3.263175
3.327375
3.328375
3.41165
3.425575
3.451175
3.453175
3.536225
3.632975
3.66075
3.734875
3.73755
3.761375
3.764125
3.8134
3.885775
3.8876
3.945575
3.9524
3.952575
3.95455
3.96115
4.04905
4.082625
4.097175
4.114075
4.199875
4.208825
4.241975
4.242525
4.29485
4.3232
4.35555
4.4311
4.4631
4.54005
4.63065
4.63145
4.638325
4.685275
4.727675
4.740475
4.76735
4.853475
4.888
4.924375
4.940675
4.9414
113
