0.014025
0.01995
0.046025
0.0493
0.05965
0.134825
0.137675
0.154625
0.187625
0.216625
0.240825
0.27925
0.3119
0.33185
0.449875
0.475475
0.486225
0.4931
0.493925
1.521675
1.5241
1.58315
1.59685
1.60415
1.63765
1.6541
1.709375
1.72195
1.755675
1.775475
1.79065
1.81265
1.82135
1.826375
1.834075
1.88525
1.887225
1.903125
1.9311
1.9701
1.972525
1.988425
1.9963
2.00775
2.024825
2.027375
2.03535
2.0495
2.080025
2.09835
2.145175
2.1574
2.186925
2.1899
2.228875
2.278725
2.304775
2.31005
2.350575
2.424525
2.425775
2.4684
2.47155
2.48165
2.504125
2.5384
2.573575
2.6023
2.607275
2.61835
2.6563
2.694425
2.716575
2.7291
2.729225
2.82365
2.8414
2.84415
2.918675
2.9431
3.02475
3.027025
3.035925
3.052425
3.06415
3.066725
3.09695
3.114275
3.1186
3.185425
3.1911
3.20605
3.21415
3.246
3.24705
3.368725
3.384475
3.40995
3.421425
3.431625
3.4418
3.490425
3.497575
3.533175
3.533375
3.659875
3.723425
3.74095
3.762375
3.78575
3.830375
3.8473
3.85465
3.90845
3.93875
4.0019
4.00655
4.011575
4.03395
4.126225
4.135425
4.15715
4.158575
4.1696
4.17395
4.20985
4.22735
4.2874
4.296025
4.326675
4.334775
4.372025
4.435425
4.4709
4.4771
4.5096
4.55465
4.604825
4.615625
4.646675
4.6703
4.728925
4.741325
4.75045
4.801425
4.83065
4.833675
4.9053
4.907575
4.928875
4.9412
151
