0.005225
0.02555
0.084725
0.120625
0.157125
0.1772
0.184125
0.2284
0.23225
0.257775
0.261275
0.3342
0.368025
0.376475
0.43285
0.4389
0.4431
0.4518
0.464325
0.485875
1.532175
1.58475
1.605975
1.606475
1.691425
1.7005
1.707725
1.716925
1.718425
1.742075
1.762625
1.79585
1.8892
1.93175
1.97145
2.003175
2.079875
2.109225
2.1296
2.15385
2.154925
2.1819
2.1867
2.2511
2.268775
2.28455
2.2936
2.31465
2.355775
2.539175
2.55495
2.62955
2.644775
2.662
2.6708
2.680475
2.748525
2.7806
2.7961
2.815875
2.816725
2.876175
2.95575
2.96855
2.982725
2.9887
3.02925
3.039
3.0768
3.101025
3.143725
3.1591
3.2244
3.282275
3.283725
3.287225
3.29205
3.444425
3.46825
3.5364
3.637275
3.766225
3.8271
3.904275
3.93265
3.99935
4.00605
4.0312
4.09795
4.1496
4.238425
4.298075
4.33055
4.361625
4.363275
4.52785
4.531525
4.686975
4.719425
4.739525
4.745425
4.747525
4.90285
4.91785
4.93565
4.941175
4.952425
107
