0.007975
0.01585
0.05455
0.092975
0.093725
0.1125
0.1323
0.145875
0.202725
0.206575
0.231275
0.241
0.24435
0.25
0.26115
0.365975
0.419925
0.4671
0.467875
1.58705
1.615525
1.63475
1.638375
1.6464
1.70525
1.70675
1.709925
1.75775
1.774775
1.893775
1.9179
1.97875
2.020475
2.046675
2.055
2.075725
2.081225
2.0864
2.161175
2.18735
2.19395
2.2194
2.220325
2.2221
2.230975
2.309425
2.347025
2.36725
2.380525
2.395625
2.399175
2.5237
2.5902
2.615125
2.68515
2.7003
2.7376
2.7695
2.802825
2.810175
2.8468
2.8711
2.93825
2.950675
3.01565
3.09665
3.104575
3.130275
3.1352
3.159375
3.2413
3.2439
3.274725
3.29115
3.333275
3.3697
3.39675
3.44165
3.46455
3.477425
3.484225
3.486225
3.486575
3.487225
3.56225
3.597825
3.652575
3.67805
3.709975
3.751175
3.7691
3.82235
3.83085
3.836325
3.87485
3.887575
3.89725
3.915075
3.9439
4.096025
4.10895
4.2478
4.3271
4.32795
4.330825
4.364025
4.378725
4.381875
4.402475
4.4522
4.507525
4.513
4.56865
4.58105
4.584725
4.6627
4.673525
4.6925
4.69685
4.7139
4.72305
4.775675
4.829025
4.8535
4.8612
4.868025
4.911575
4.969775
4.97505
4.983725
130
