0.014
0.02725
0.056325
0.09695
0.09725
0.109925
0.120375
0.204675
0.240225
0.263825
0.321475
0.322525
0.33235
0.35395
0.487925
1.531075
1.55375
1.584525
1.6323
1.6868
1.6995
1.735575
1.767
1.76755
1.786475
1.8123
1.818275
1.827025
1.8397
1.872625
1.916625
1.96495
1.97715
1.979875
1.998725
2.00705
2.00955
2.0163
2.05235
2.08745
2.11785
2.200075
2.2104
2.24545
2.339675
2.369725
2.3797
2.4045
2.469775
2.500525
2.510775
2.546125
2.5961
2.639125
2.6477
2.685475
2.687675
2.6984
2.70295
2.728625
2.88825
2.936275
2.969675
3.03035
3.06555
3.11305
3.16025
3.196375
3.2138
3.226475
3.227325
3.276375
3.27735
3.284825
3.316775
3.324325
3.3521
3.35545
3.364325
3.37695
3.41975
3.486375
3.510725
3.522175
3.566575
3.58005
3.58105
3.582175
3.628175
3.630525
3.648425
3.655575
3.65715
3.7289
3.782975
3.8032
3.9172
3.956775
4.014575
4.022675
4.07145
4.08595
4.1167
4.13535
4.1464
4.183675
4.2295
4.2845
4.337675
4.3687
4.400625
4.422125
4.448925
4.46375
4.56595
4.57405
4.591625
4.6355
4.64135
4.67975
4.68265
4.684875
4.733425
4.7764
4.81155
4.812675
4.92985
4.95935
4.96625
4.977425
4.9869
131
