0.01365
0.0339
0.07685
0.144075
0.177025
0.181525
0.219825
0.227725
0.300725
0.3381
0.3424
0.45635
0.47695
0.498925
1.539175
1.541
1.5454
1.5896
1.633675
1.65185
1.65805
1.664025
1.66995
1.6776
1.765525
1.79775
1.869475
1.89075
2.0373
2.043525
2.048725
2.051625
2.058075
2.12255
2.179025
2.205975
2.21675
2.2372
2.412275
2.443
2.452
2.4825
2.535025
2.53745
2.6463
2.6618
2.693025
2.765775
2.78195
2.881525
2.9237
2.937425
2.966475
3.02045
3.042475
3.051825
3.0546
3.08685
3.0876
3.166875
3.237075
3.252125
3.25565
3.293925
3.2948
3.370125
3.3758
3.42445
3.487925
3.511775
3.5168
3.542125
3.570325
3.5984
3.616575
3.67185
3.706525
3.7253
3.7255
3.899075
3.91295
3.9145
3.96705
3.9781
4.1171
4.12595
4.133125
4.204025
4.2186
4.2342
4.246275
4.25675
4.34095
4.36165
4.36835
4.402975
4.448825
4.46305
4.463875
4.4862
4.4974
4.51455
4.5163
4.607325
4.6138
4.73005
4.74895
4.781825
4.80745
4.824475
4.87245
4.8831
4.8862
4.915875
4.93275
4.935
4.975225
117
