0.007375
0.0108
0.043325
0.07785
0.11395
0.1508
0.17785
0.18745
0.1877
0.188675
0.280225
0.286975
0.3001
0.3363
0.35375
0.375975
0.4089
0.477475
0.491
1.506425
1.549925
1.577225
1.596475
1.66495
1.684175
1.6885
1.715125
1.74005
1.7411
1.743875
1.76485
1.818
1.83935
1.8736
1.894125
1.9167
1.931025
1.997375
2.0365
2.06485
2.0825
2.10155
2.11665
2.147275
2.15095
2.153975
2.1681
2.20805
2.247725
2.329075
2.333875
2.33895
2.345175
2.364925
2.3773
2.433975
2.525775
2.5412
2.61275
2.643625
2.658075
2.67645
2.686225
2.69935
2.7365
2.82185
2.83945
2.843925
2.88135
2.9017
2.96755
3.00785
3.073375
3.151525
3.19745
3.205625
3.229525
3.2398
3.275725
3.29525
3.3002
3.303525
3.308075
3.319775
3.385275
3.4052
3.448775
3.47525
3.4857
3.5089
3.53285
3.586475
3.630875
3.725725
3.824125
3.860425
3.8848
3.913875
3.9374
3.9543
3.959925
3.970125
3.97695
4.063775
4.0873
4.0908
4.09875
4.172825
4.1938
4.250125
4.26555
4.32275
4.343275
4.350675
4.386025
4.38675
4.41485
4.41955
4.42395
4.668475
4.712275
4.7177
4.744175
4.75905
4.786775
4.82635
4.860825
4.8766
4.891275
4.915075
4.951525
4.988475
132
