0.009775
0.01975
0.0267
0.092175
0.1086
0.11155
0.14175
0.1719
0.20235
0.204125
0.217075
0.218425
0.219725
0.2491
0.26885
0.27145
0.27445
0.27555
0.28075
0.2898
0.3515
0.395775
0.435275
0.467725
0.470925
1.515325
1.577725
1.601425
1.601925
1.6089
1.79745
1.83585
1.87275
1.9402
1.941575
2.056175
2.0783
2.091925
2.09215
2.111225
2.111675
2.28715
2.2973
2.30925
2.343475
2.346575
2.347725
2.373925
2.378725
2.423175
2.4975
2.505125
2.513725
2.553925
2.628275
2.66285
2.7135
2.82565
2.83165
2.890775
2.934175
2.945025
2.9615
2.981675
3.03495
3.069475
3.07055
3.077725
3.100475
3.126625
3.191125
3.303875
3.3219
3.34285
3.354875
3.396125
3.4084
3.41095
3.4482
3.491975
3.5234
3.541975
3.5484
3.570625
3.602975
3.7174
3.720375
3.7623
3.788125
3.865825
3.898625
3.9565
4.011125
4.028
4.067025
4.069975
4.073225
4.087025
4.1226
4.153325
4.226675
4.229075
4.255475
4.2597
4.288175
4.30515
4.375825
4.395575
4.4101
4.424325
4.482675
4.509875
4.615275
4.693925
4.7445
4.7765
4.859475
4.8602
4.92625
4.942725
120
