0.071725
0.090775
0.097225
0.1029
0.159825
0.1899
0.2457
0.251675
0.31235
0.345925
0.369825
0.3732
0.4293
1.521575
1.575075
1.57905
1.586375
1.6017
1.650125
1.65285
1.69375
1.695925
1.70325
1.70675
1.71055
1.72775
1.743425
1.762
1.8195
1.84905
1.90105
1.9082
1.9436
1.9461
1.9612
1.9615
2.0046
2.071025
2.118125
2.2967
2.3654
2.401425
2.4145
2.5303
2.57525
2.619375
2.6444
2.655675
2.700975
2.726225
2.7786
2.8002
2.85775
2.86115
2.888975
2.892475
2.893225
2.9407
2.968375
3.0015
3.076925
3.1582
3.2219
3.231725
3.290725
3.29885
3.349425
3.3764
3.443425
3.4439
3.4547
3.473775
3.479425
3.558425
3.5723
3.57235
3.6082
3.632675
3.659275
3.6614
3.7127
3.731475
3.748225
3.7499
3.770825
3.776625
3.886725
3.895175
3.930025
3.944025
3.96425
3.978875
3.9813
3.995075
4.026475
4.026775
4.047625
4.072475
4.084875
4.097875
4.111025
4.179275
4.20675
4.21065
4.229725
4.23875
4.24325
4.274425
4.412075
4.483875
4.48695
4.5342
4.554825
4.637475
4.64215
4.6515
4.725425
4.776125
4.813475
4.82195
4.84485
4.91155
4.920175
4.963725
124
