0.01835
0.022875
0.03635
0.080375
0.087575
0.111875
0.11955
0.121825
0.150225
0.17795
0.1994
0.22065
0.2744
0.2764
0.294875
0.297325
0.32635
0.407475
0.425025
0.42525
0.4397
1.511975
1.566325
1.57165
1.618875
1.642775
1.6645
1.67615
1.7147
1.718175
1.738725
1.77085
1.806
1.8817
1.894725
1.9021
1.902925
1.9186
1.988125
1.997125
2.0666
2.078325
2.0845
2.087375
2.1656
2.204325
2.23195
2.2392
2.269675
2.280925
2.33195
2.335
2.357475
2.372425
2.385125
2.405875
2.421925
2.4279
2.428375
2.457175
2.4799
2.4887
2.539075
2.540775
2.5503
2.59255
2.60225
2.61035
2.61935
2.7152
2.7543
2.765875
2.833625
2.8622
2.86825
2.934675
2.9528
2.963075
2.96485
2.9804
3.017975
3.0201
3.02195
3.059825
3.17505
3.2056
3.26535
3.273775
3.317525
3.320375
3.32925
3.34145
3.373175
3.421375
3.44205
3.457325
3.477225
3.55825
3.572125
3.5988
3.60065
3.602425
3.603725
3.64795
3.68225
3.740675
3.7582
3.7794
3.7897
3.802925
3.812975
3.814025
3.852675
3.915525
3.917475
3.940125
3.952125
3.99625
3.999725
4.01205
4.0353
4.0542
4.11705
4.121525
4.123925
4.1359
4.136
4.239475
4.2737
4.312375
4.330325
4.35745
4.381275
4.396175
4.47665
4.531075
4.60555
4.61205
4.640075
4.6876
4.691425
4.731975
4.743125
4.7612
4.7625
4.783525
4.7868
4.806475
4.851225
4.877975
4.905025
4.986525
4.996925
153
