0.014325
0.040525
0.066175
0.124725
0.1423
0.201525
0.211975
0.22505
0.26155
0.293475
0.309775
0.32335
0.34435
0.43035
0.435775
0.4536
1.525375
1.5262
1.543375
1.557925
1.58705
1.631725
1.6623
1.68575
1.74915
1.765225
1.8532
1.861325
1.902475
1.92255
2.0027
2.089975
2.1192
2.1318
2.161125
2.18465
2.19115
2.261475
2.285
2.28785
2.309075
2.32985
2.423325
2.435875
2.4462
2.475575
2.47615
2.514025
2.520425
2.574
2.57445
2.6143
2.63035
2.633325
2.635975
2.6558
2.705275
2.7427
2.79005
2.812775
2.83305
2.84685
2.852
2.861225
2.87685
2.8994
2.9
2.912975
2.919675
2.92875
2.934625
3.0087
3.092825
3.101125
3.1526
3.172225
3.18585
3.311975
3.319675
3.32415
3.382925
3.45185
3.45325
3.653375
3.8
3.81095
3.8143
3.85245
3.918775
3.9324
3.941675
3.9792
3.999475
4.037625
4.068275
4.0683
4.10565
4.1181
4.121
4.129675
4.130225
4.15365
4.20865
4.2725
4.316375
4.34495
4.4039
4.444125
4.46735
4.5504
4.576175
4.599325
4.63935
4.67655
4.681325
4.686825
4.741375
4.7435
4.7445
4.74585
4.782475
4.82745
4.903
4.92375
4.93155
4.939525
126
