0.003375
0.00755
0.04805
0.05905
0.122075
0.15405
0.154075
0.216675
0.22095
0.248425
0.2689
0.320025
0.3372
0.357825
0.43205
0.4445
0.453475
0.458425
0.468275
1.612025
1.685725
1.702275
1.732925
1.741075
1.8541
1.87795
1.8782
1.8917
1.903575
1.907125
1.9498
1.976725
2.059975
2.068275
2.11325
2.12855
2.193125
2.198225
2.2487
2.320175
2.332675
2.3386
2.354625
2.3745
2.3905
2.4236
2.4447
2.48045
2.506025
2.550125
2.565275
2.576375
2.62285
2.634875
2.704725
2.7829
2.8373
2.84135
2.850725
2.96225
2.980475
3.036175
3.135975
3.14215
3.17015
3.184375
3.222275
3.3123
3.315775
3.367025
3.37765
3.4167
3.419775
3.48645
3.507975
3.526275
3.5339
3.53915
3.55635
3.609275
3.617025
3.6235
3.62985
3.636225
3.64325
3.667475
3.81915
3.968825
4.024475
4.025175
4.075175
4.096475
4.1835
4.2344
4.36885
4.3753
4.3873
4.430975
4.437925
4.458325
4.464725
4.469075
4.471875
4.538025
4.538675
4.54475
4.559175
4.580975
4.593575
4.6237
4.683825
4.68645
4.763125
4.7666
4.87475
4.8772
4.8823
4.910825
4.9145
4.9302
4.935875
4.973625
4.977075
123
