0.006225
0.043725
0.20085
0.22855
0.28295
0.321625
0.44625
0.48705
1.60695
1.642825
1.7718
1.79715
1.872525
1.88355
1.899
1.9017
1.909975
1.947325
1.953375
1.97615
2.0198
2.038725
2.042925
2.05845
2.08765
2.100275
2.15865
2.1596
2.21235
2.2186
2.23915
2.264075
2.281575
2.307275
2.484225
2.508325
2.5653
2.56735
2.5712
2.592175
2.609275
2.61735
2.643
2.662025
2.6688
2.6923
2.695125
2.710725
2.745075
2.751825
2.75955
2.772575
2.78315
2.822325
2.872
2.939725
2.950975
3.0546
3.070475
3.100625
3.113075
3.12685
3.15305
3.1546
3.25485
3.2728
3.290875
3.39715
3.41185
3.461675
3.464525
3.57075
3.71255
3.7507
3.79135
3.81385
3.85605
3.90435
3.906725
3.92015
3.979775
3.991775
4.043625
4.126275
4.1788
4.227725
4.23955
4.24905
4.2844
4.416225
4.468925
4.49085
4.502875
4.5118
4.537875
4.5618
4.56345
4.630425
4.655775
4.684825
4.705775
4.781075
4.786825
4.805925
4.817625
4.831025
4.883225
4.934675
4.95075
109
