0.256925
0.269025
0.269825
0.2759
0.278425
0.3192
0.322125
0.3613
0.423825
1.559925
1.575
1.62885
1.632975
1.666225
1.71235
1.7764
1.831925
1.83475
1.8402
1.939825
1.9445
1.94635
1.959625
1.9978
2.050725
2.0733
2.077175
2.182
2.267125
2.2917
2.3014
2.37585
2.42385
2.484275
2.5996
2.60425
2.6437
2.66645
2.6999
2.724625
2.753225
2.86635
2.87575
2.917725
2.9351
3.065625
3.116775
3.135475
3.1426
3.14305
3.211375
3.217325
3.235425
3.2748
3.31955
3.33005
3.355975
3.373975
3.38175
3.3842
3.391475
3.40645
3.472725
3.476325
3.485925
3.612525
3.617375
3.633525
3.7304
3.75075
3.7794
3.7969
3.799625
3.8319
3.8678
3.8851
3.90815
3.921125
3.9581
3.9741
4.0136
4.01545
4.0236
4.042825
4.09455
4.098075
4.139
4.141675
4.1493
4.211
4.218
4.2215
4.2433
4.269825
4.314425
4.367375
4.37265
4.379675
4.440075
4.466175
4.5487
4.5574
4.638875
4.673575
4.676675
4.72855
4.7722
4.77735
4.795825
4.816225
4.824225
4.8362
4.855525
4.888775
4.896975
4.897725
4.90975
4.957375
4.971125
119
