0.07415
0.10105
0.109275
0.16625
0.2688
0.339825
0.397675
0.4293
0.485625
0.499
1.53425
1.6154
1.620675
1.6411
1.676075
1.681625
1.692125
1.702125
1.723125
1.794175
1.801575
1.82115
1.856275
1.88165
1.883175
1.89325
1.906375
1.951675
1.96345
1.98085
2.0855
2.11305
2.150925
2.15375
2.16
2.22205
2.314875
2.31795
2.324175
2.32445
2.388775
2.403
2.465975
2.493475
2.5116
2.5145
2.51595
2.58035
2.630775
2.704725
2.725525
2.768125
2.88855
2.925475
2.962825
2.971225
2.986475
3.01675
3.040175
3.07035
3.075925
3.101525
3.123275
3.20985
3.21725
3.24945
3.319625
3.4413
3.534675
3.59245
3.6111
3.65505
3.660325
3.6664
3.7038
3.73945
3.786725
3.790075
3.799375
3.835075
3.8773
3.88965
3.9106
3.9245
4.020775
4.023175
4.08365
4.096525
4.111425
4.2049
4.2821
4.29065
4.304975
4.49335
4.5194
4.536225
4.648675
4.664475
4.771725
4.802175
4.861425
4.861575
4.86585
4.909475
4.917275
4.926625
4.9398
4.974375
4.978375
109
