0.090275
0.10455
0.11205
0.173075
0.17985
0.2985
0.30525
0.3448
0.37225
0.385275
0.4779
1.56415
1.56895
1.579475
1.592875
1.617575
1.623425
1.635675
1.652225
1.657175
1.661525
1.6793
1.840025
1.867975
1.8905
1.93755
1.9487
1.95255
1.95405
1.999475
2.0267
2.04345
2.082925
2.08315
2.130125
2.15555
2.17375
2.193225
2.1966
2.256025
2.3119
2.321
2.3462
2.34955
2.35215
2.4308
2.529375
2.55815
2.579925
2.586675
2.6065
2.647725
2.669875
2.682975
2.7274
2.736425
2.7383
2.75625
2.83855
2.846075
2.884575
2.906925
2.932275
2.988575
3.0158
3.0567
3.13615
3.22235
3.246425
3.26
3.311175
3.40315
3.417325
3.457075
3.488025
3.5111
3.520875
3.575875
3.616175
3.62045
3.6905
3.706475
3.7215
3.722925
3.750425
3.7575
3.819825
3.824275
3.82725
3.8455
3.89105
3.9382
3.948875
3.954575
3.958425
4.008425
4.074925
4.091875
4.09725
4.194675
4.19595
4.2386
4.242875
4.2635
4.268325
4.313725
4.350625
4.352525
4.383525
4.3969
4.417975
4.482125
4.505475
4.554
4.566375
4.577525
4.5808
4.683025
4.724525
4.7314
4.84045
4.90835
4.911675
4.935525
4.9699
125
