0.02605
0.083275
0.0963
0.17685
0.2232
0.225575
0.313525
0.327575
0.391725
0.39635
0.477975
1.512475
1.54985
1.567475
1.573825
1.5758
1.577225
1.582775
1.62505
1.634525
1.658475
1.659425
1.69825
1.7286
1.74555
1.769375
1.777325
1.81565
1.820675
1.867775
1.893275
1.908575
1.943125
1.948375
1.975575
1.9987
2.03905
2.0551
2.067775
2.102925
2.19965
2.22535
2.329725
2.38325
2.41745
2.42925
2.462125
2.464125
2.49965
2.503075
2.51835
2.53865
2.540625
2.550625
2.574075
2.5861
2.649175
2.679175
2.699375
2.872475
2.879325
2.91165
3.0179
3.022875
3.055825
3.061625
3.0863
3.11915
3.135825
3.152125
3.183575
3.291075
3.299975
3.3026
3.30695
3.3502
3.3561
3.394375
3.415875
3.53645
3.55135
3.564225
3.59195
3.593525
3.62085
3.642425
3.653975
3.67095
3.6798
3.68345
3.758
3.823675
3.89385
3.903675
3.92535
3.93555
3.96085
4.02445
4.07435
4.077225
4.094275
4.142975
4.212275
4.241425
4.2686
4.286875
4.30265
4.318375
4.392275
4.427275
4.430025
4.4697
4.491575
4.4927
4.5085
4.509975
4.574575
4.6053
4.606625
4.687425
4.712825
4.80385
4.80845
4.822075
4.822375
4.83075
4.8836
4.89735
4.908275
4.985475
130
