0.075525
0.113875
0.151225
0.20405
0.216375
0.249
0.262125
0.2733
0.31615
0.4121
0.43955
1.52
1.576675
1.582575
1.6519
1.74385
1.755375
1.804825
1.80765
1.813225
1.838325
1.864575
1.88655
2.003525
2.005075
2.017725
2.059625
2.1144
2.122975
2.14785
2.203775
2.244375
2.249975
2.3027
2.346875
2.361125
2.3765
2.419
2.433225
2.45545
2.47145
2.5365
2.550925
2.559975
2.5978
2.6109
2.6145
2.759925
2.790525
2.8106
2.85825
2.8985
2.910475
2.966375
2.9882
2.988775
3.017925
3.111275
3.122875
3.16535
3.185775
3.310075
3.34925
3.41145
3.420875
3.4518
3.465425
3.491175
3.4997
3.537575
3.56065
3.58895
3.59465
3.619725
3.624175
3.62575
3.637425
3.6438
3.64385
3.64625
3.6952
3.748475
3.8624
3.9408
4.070175
4.1029
4.107925
4.150125
4.16935
4.215325
4.224625
4.2772
4.279925
4.37425
4.455275
4.459475
4.534225
4.547675
4.5517
4.56585
4.59545
4.60845
4.613725
4.664225
4.6672
4.694925
4.7323
4.753875
4.76345
4.8849
4.892725
4.926375
4.994925
113
