0.031675
0.115025
0.2387
0.256975
0.324125
0.334725
0.352625
0.4198
0.425775
0.44145
0.455875
1.600675
1.674575
1.78065
1.7967
1.8467
1.8992
1.9353
1.94255
1.97525
1.98035
2.071475
2.075375
2.090075
2.0994
2.12885
2.13325
2.2052
2.246825
2.2586
2.264825
2.276425
2.286125
2.294975
2.3335
2.34475
2.3805
2.431525
2.48525
2.511525
2.52585
2.633825
2.67235
2.737375
2.80995
2.812075
2.814275
2.897575
2.999575
3.02445
3.076775
3.133075
3.134275
3.2791
3.418775
3.44465
3.46175
3.4743
3.611825
3.616625
3.649925
3.654125
3.655375
3.706675
3.8067
3.827075
3.8327
3.8907
3.900825
3.908725
3.926725
3.9348
3.954775
3.9872
4.08135
4.108
4.143825
4.149425
4.1672
4.179175
4.198525
4.2007
4.216425
4.219575
4.239575
4.266725
4.27315
4.292325
4.357
4.366475
4.377625
4.389125
4.40445
4.418275
4.435025
4.467625
4.4824
4.49365
4.496725
4.517025
4.646325
4.65775
4.668675
4.6885
4.74965
4.768225
4.794875
4.800775
4.818375
4.825025
4.830225
4.84395
4.978575
4.98035
114
