0.007875
0.09665
0.11355
0.126225
0.153825
0.1947
0.220925
0.234175
0.252
0.27105
0.296075
0.313575
0.358675
0.44645
0.478675
0.492
1.597225
1.6188
1.622925
1.7713
1.892475
1.8967
1.94675
1.967625
1.978225
2.006325
2.0119
2.031375
2.039825
2.041575
2.099425
2.149175
2.181825
2.19645
2.2119
2.245925
2.3855
2.387625
2.40615
2.477125
2.51465
2.5931
2.6309
2.690675
2.75205
2.754225
2.75775
2.792525
2.812225
2.88875
2.9102
3.006975
3.10015
3.10855
3.118275
3.123675
3.142875
3.196525
3.213625
3.2383
3.303525
3.350175
3.413025
3.42045
3.4213
3.4953
3.525
3.5764
3.603725
3.61875
3.62075
3.638775
3.6825
3.720175
3.812325
3.87375
3.91595
3.99065
4.0145
4.0199
4.043325
4.093875
4.12375
4.142175
4.148225
4.153925
4.267425
4.3049
4.33445
4.334875
4.36485
4.4212
4.49245
4.590675
4.598325
4.637725
4.648075
4.662375
4.684525
4.692975
4.726875
4.73375
4.796375
4.862125
4.879625
4.8997
4.945025
107
