0.01275
0.087175
0.154175
0.158775
0.19455
0.26295
0.278725
0.282975
0.311575
0.32325
0.3624
0.38515
0.447725
0.47915
1.5033
1.652775
1.69155
1.738575
1.8458
1.8722
1.903725
1.904125
2.025125
2.06915
2.12355
2.258525
2.259525
2.273925
2.283975
2.320625
2.341075
2.47665
2.546125
2.5475
2.5507
2.5571
2.64265
2.6557
2.70215
2.73185
2.7491
2.7649
2.809125
2.814875
2.818575
2.851675
2.85635
2.9251
2.937325
3.03645
3.041
3.149325
3.162825
3.174325
3.17695
3.210775
3.230425
3.2624
3.314025
3.379925
3.39885
3.426975
3.475925
3.483725
3.50895
3.5719
3.578075
3.590875
3.591025
3.654525
3.7405
3.7721
3.83925
3.874225
3.88675
3.9076
3.911875
3.924825
3.9454
3.9464
3.9589
3.999175
4.08765
4.112675
4.115325
4.14155
4.1541
4.1637
4.178275
4.183275
4.260175
4.323575
4.3458
4.446775
4.48975
4.6444
4.662
4.681475
4.69675
4.6985
4.8382
4.891675
4.924725
4.955425
4.9645
4.977475
4.98
107
