0.06365
0.096375
0.1022
0.10625
0.14755
0.156175
0.1828
0.195525
0.258675
0.27615
0.2976
0.3005
0.377825
0.393225
0.43915
0.439925
0.441475
0.46885
0.473025
0.485225
1.50735
1.5119
1.542325
1.56065
1.5726
1.6024
1.6523
1.745475
1.7507
1.753
1.7775
1.777725
1.783175
1.874525
1.956275
1.962275
1.997025
2.00765
2.048025
2.060075
2.089625
2.115325
2.162475
2.173525
2.17635
2.1892
2.316675
2.344525
2.3965
2.469
2.501225
2.543275
2.593025
2.6181
2.631125
2.685775
2.688475
2.705275
2.791475
2.8515
2.8716
2.926
2.92635
2.93485
2.98465
3.0144
3.11835
3.1324
3.13775
3.1624
3.19535
3.2309
3.2675
3.296325
3.310125
3.3153
3.329125
3.36725
3.443575
3.495725
3.508325
3.52555
3.54055
3.63255
3.63325
3.790375
3.820875
3.8552
3.897525
3.89975
3.92605
3.92635
3.9625
4.0181
4.020375
4.0655
4.074575
4.095875
4.1238
4.137775
4.228125
4.25685
4.275575
4.306
4.457825
4.462
4.525575
4.58645
4.5887
4.612625
4.693425
4.718925
4.720625
4.72175
4.738525
4.784925
4.825175
4.8476
4.881975
4.8863
4.894275
4.94035
4.9542
4.984725
124
