0.004525
0.023575
0.05285
0.069225
0.0812
0.1299
0.164875
0.1662
0.231775
0.248175
0.350225
0.360275
0.3768
0.377175
0.4286
0.474425
1.520375
1.57785
1.6039
1.6098
1.6125
1.729
1.755225
1.7777
1.846575
1.8803
2.0081
2.0478
2.0734
2.09885
2.100075
2.100825
2.106175
2.11855
2.156975
2.193225
2.2228
2.26415
2.26615
2.3486
2.3647
2.391025
2.414675
2.41615
2.428125
2.500875
2.537825
2.5776
2.660625
2.679575
2.772975
2.797775
2.81455
2.829525
2.896125
2.8979
2.906625
2.9075
2.9494
3.002075
3.06955
3.228
3.2628
3.3225
3.380675
3.4279
3.537275
3.638825
3.657075
3.725075
3.73795
3.791425
3.8168
3.852625
3.857675
3.8818
3.924475
3.92765
3.9391
3.96815
3.97075
3.99825
4.061075
4.06705
4.076225
4.09615
4.141125
4.168275
4.173975
4.204675
4.20595
4.261325
4.329825
4.3396
4.386775
4.39185
4.4435
4.4681
4.4803
4.509125
4.52135
4.533775
4.53955
4.567
4.5999
4.61995
4.635475
4.63795
4.723425
4.859
4.8755
4.93025
112
