0.0007
0.010575
0.025125
0.08745
0.102225
0.135575
0.18235
0.24675
0.2673
0.274325
0.28705
0.311525
0.331675
0.337425
0.3853
0.414575
0.441475
0.458825
1.577375
1.59245
1.716225
1.75585
1.772075
1.82395
1.849025
1.869975
1.90845
1.920125
1.9204
1.920725
1.9294
1.963025
1.997175
2.0018
2.01055
2.021025
2.049925
2.077375
2.148175
2.17855
2.305925
2.312225
2.346625
2.392
2.4123
2.483525
2.517125
2.521225
2.52145
2.536625
2.584175
2.619625
2.651025
2.65495
2.67485
2.71305
2.714525
2.72705
2.760375
2.7842
2.789625
2.797875
2.801075
2.807475
2.8289
2.8513
2.915525
2.917475
2.948675
2.98285
3.171025
3.1884
3.206425
3.219425
3.34375
3.3509
3.4036
3.43055
3.44015
3.492925
3.528675
3.5381
3.572025
3.720375
3.764475
3.795925
3.79875
3.817425
3.859625
3.904725
3.931125
3.97435
4.03345
4.085725
4.251175
4.264275
4.269625
4.283425
4.316075
4.3179
4.34655
4.353675
4.395125
4.491075
4.553475
4.60935
4.615475
4.640325
4.7006
4.720975
4.77155
4.777475
4.86375
4.8858
4.91315
4.917075
4.9393
4.96815
4.9855
119
