0.06785
0.08515
0.100675
0.121275
0.123675
0.151475
0.1622
0.173875
0.18105
0.2024
0.211675
0.2275
0.2439
0.26265
0.36315
0.42215
0.4445
0.44515
0.464325
0.490375
1.537875
1.5742
1.61555
1.62785
1.6699
1.704525
1.740575
1.774025
1.790675
1.8824
1.892275
1.9778
2.02265
2.041
2.0436
2.0552
2.107975
2.1135
2.133525
2.139775
2.21355
2.2685
2.338025
2.34905
2.35555
2.375425
2.37775
2.4487
2.5155
2.538575
2.552225
2.674575
2.685975
2.70035
2.747575
2.7508
2.76975
2.832
2.980625
3.1043
3.144225
3.15755
3.198875
3.27435
3.279725
3.284325
3.347825
3.354625
3.367475
3.377575
3.38435
3.4017
3.495525
3.614975
3.661225
3.76155
3.763975
3.794675
3.807175
3.83315
3.8398
3.8896
3.892525
3.9162
3.97875
3.98995
4.100775
4.122925
4.194825
4.220925
4.2264
4.227475
4.228975
4.307075
4.321125
4.42545
4.45385
4.470625
4.481925
4.4898
4.545975
4.55895
4.5825
4.633075
4.657875
4.67925
4.692025
4.724075
4.77795
4.8109
4.822925
4.82805
4.85395
4.873825
4.883725
4.9247
4.99525
117
