0.00105
0.019425
0.024825
0.0267
0.04205
0.050975
0.053625
0.106575
0.13185
0.158575
0.172725
0.177475
0.180375
0.22645
0.2886
0.31725
0.321425
0.3619
0.3706
0.4764
1.50225
1.5612
1.56865
1.571525
1.592225
1.663875
1.68185
1.7462
1.750225
1.824525
1.8457
1.865225
1.86765
1.88035
1.942475
1.963475
1.98495
1.98975
2.0195
2.0327
2.05435
2.076275
2.079075
2.09535
2.117175
2.138575
2.161225
2.174125
2.24825
2.25835
2.259525
2.2966
2.30925
2.315775
2.352825
2.354525
2.36825
2.4372
2.437475
2.443075
2.5538
2.556375
2.56605
2.5792
2.596175
2.603225
2.626275
2.635975
2.661025
2.670825
2.764125
2.7939
2.81945
2.922625
2.929825
2.975525
3.078025
3.1086
3.13755
3.195625
3.19845
3.206225
3.233025
3.248425
3.292325
3.33735
3.35765
3.369525
3.374425
3.419525
3.46845
3.53255
3.547025
3.548275
3.569825
3.584675
3.58745
3.61845
3.655925
3.656925
3.668925
3.73685
3.742725
3.7627
3.772425
3.7733
3.8065
3.82855
3.91965
3.94415
3.99345
4.00415
4.018425
4.035875
4.043575
4.058375
4.05875
4.0899
4.109325
4.12195
4.133875
4.1531
4.1561
4.21225
4.235575
4.271725
4.307025
4.3332
4.345225
4.434825
4.43805
4.465825
4.48805
4.505175
4.521375
4.566425
4.600375
4.635725
4.636225
4.656325
4.6848
4.69805
4.69885
4.7752
4.783575
4.846725
4.862675
147
