0.025125
0.05765
0.107075
0.13995
0.213375
0.238425
0.241225
0.322025
0.330175
0.376025
0.383275
0.4624
1.505875
1.607225
1.611575
1.70935
1.758325
1.7873
1.8659
1.8695
1.963075
2.005725
2.013825
2.016325
2.10305
2.126275
2.162625
2.217675
2.284675
2.338025
2.447775
2.518225
2.537325
2.5564
2.562975
2.6512
2.6574
2.74125
2.791525
2.828
2.8383
2.9137
2.95205
2.970875
2.998775
3.008175
3.02355
3.04455
3.05885
3.092075
3.1056
3.123375
3.1916
3.25875
3.35185
3.4363
3.475025
3.565325
3.575775
3.595625
3.5962
3.603575
3.6866
3.8029
3.8403
3.865375
3.881425
3.8893
4.00295
4.0035
4.007425
4.0251
4.030275
4.06995
4.103525
4.1971
4.2265
4.241625
4.26885
4.38925
4.4452
4.490075
4.501175
4.581325
4.6207
4.621375
4.689325
4.71205
4.71275
4.746225
4.776975
4.795725
4.928175
93
