0.047025
0.06625
0.06675
0.117525
0.13355
0.13635
0.249675
0.273225
0.330475
0.333675
0.343075
0.365825
0.384575
0.457825
0.468125
1.524975
1.5384
1.5679
1.633275
1.63495
1.690325
1.712475
1.73425
1.7361
1.834425
1.836375
1.92105
1.9463
1.96315
1.97265
1.983875
2.016325
2.027275
2.08505
2.133325
2.25635
2.3262
2.367525
2.398975
2.417325
2.444625
2.459
2.460425
2.502875
2.52145
2.5459
2.595125
2.63105
2.631625
2.699625
2.750725
2.801875
2.835575
2.838875
2.880125
2.957675
2.999675
3.0213
3.0737
3.0839
3.11785
3.141675
3.1546
3.196475
3.24
3.27245
3.311825
3.374125
3.375875
3.395825
3.504275
3.5198
3.61115
3.7096
3.71125
3.737975
3.759225
3.7773
3.831875
3.84525
3.9071
3.94095
3.9563
4.01975
4.07205
4.07395
4.098025
4.101325
4.12045
4.1356
4.168825
4.244425
4.2587
4.32085
4.351625
4.365425
4.411375
4.55125
4.555925
4.58995
4.620825
4.6739
4.675
4.681625
4.7538
4.7559
4.76405
4.765125
4.8183
4.843075
4.9261
4.9307
4.987225
113
