0.0016
0.0639
0.12745
0.2177
0.232925
0.235475
0.274775
0.309325
0.349325
0.36015
0.411225
0.416375
0.4691
0.474475
1.54365
1.547
1.559475
1.565375
1.617375
1.63955
1.64185
1.687575
1.696425
1.714625
1.71945
1.74785
1.845625
1.87205
1.8923
1.992025
2.05435
2.10095
2.1127
2.1287
2.142925
2.261175
2.2681
2.345375
2.3671
2.593125
2.6196
2.659875
2.667575
2.677575
2.69775
2.7116
2.725225
2.81465
2.857625
2.86915
2.8738
2.929475
2.938325
2.95965
3.042975
3.16395
3.17115
3.185625
3.237075
3.2499
3.30315
3.3299
3.33665
3.4207
3.438425
3.43915
3.44435
3.500275
3.5037
3.5683
3.5716
3.6477
3.6648
3.7072
3.715975
3.82285
3.82825
3.85715
3.8608
3.96195
3.99935
4.0082
4.00995
4.01275
4.0136
4.1074
4.1579
4.1625
4.29025
4.45405
4.459425
4.52135
4.559325
4.566225
4.572175
4.583525
4.58375
4.619775
4.640625
4.690775
4.766225
4.767725
4.770125
4.783875
4.876425
4.887675
4.88935
4.89855
4.92875
4.9586
4.963675
4.97065
4.9795
4.9979
114
