0.02815
0.04195
0.044625
0.04515
0.11375
0.114825
0.1163
0.161125
0.1813
0.24125
0.276725
0.3422
0.3605
0.379725
0.38265
0.391725
0.3934
0.405875
0.412875
0.432075
0.454975
1.554975
1.586725
1.591375
1.6971
1.71365
1.764125
1.769275
1.7942
1.901875
2.045475
2.059175
2.09155
2.114625
2.1213
2.15925
2.258075
2.26215
2.28205
2.330225
2.38905
2.505475
2.526025
2.533975
2.5805
2.588225
2.6013
2.60265
2.664125
2.739725
2.75605
2.757775
2.77385
2.850075
2.894825
2.9396
2.959375
2.9736
2.98905
3.059625
3.09585
3.172525
3.2629
3.2857
3.413925
3.434625
3.49705
3.497425
3.5697
3.6071
3.65495
3.7163
3.815225
3.883125
3.9043
3.922625
3.93535
3.965975
3.982075
3.986375
4.048825
4.08085
4.08845
4.0886
4.0991
4.16525
4.193275
4.293925
4.33245
4.350025
4.36415
4.386575
4.44175
4.455375
4.507825
4.58955
4.65085
4.662225
4.66395
4.68865
4.75245
4.758125
4.78635
4.796325
4.80635
4.934025
4.948175
107
