0.04495
0.07135
0.098575
0.101825
0.125425
0.147125
0.156625
0.183725
0.19415
0.1945
0.2238
0.22995
0.23905
0.259275
0.279525
0.28115
0.3268
0.344525
0.36215
0.39645
0.41725
0.440425
0.44715
0.487725
1.509525
1.576825
1.61455
1.621175
1.649625
1.671275
1.741125
1.7868
1.8234
1.8314
1.83695
1.89755
1.906275
1.943325
1.99005
2.067925
2.095375
2.11055
2.151125
2.157575
2.1743
2.270425
2.288875
2.31985
2.354975
2.3957
2.4043
2.41085
2.417875
2.4549
2.460925
2.47805
2.4786
2.488875
2.49445
2.529675
2.5771
2.5865
2.601525
2.64575
2.6504
2.650575
2.6723
2.697225
2.730675
2.764975
2.765875
2.78625
2.794775
2.8683
2.920975
3.017175
3.043125
3.091325
3.11345
3.11885
3.1353
3.199225
3.26955
3.281725
3.5138
3.53895
3.6272
3.64825
3.677925
3.69015
3.7677
3.773725
3.91185
3.9378
3.944375
3.947675
3.948625
3.9759
4.0027
4.0744
4.095275
4.096275
4.17955
4.199725
4.24345
4.3485
4.351825
4.371225
4.392775
4.40935
4.410375
4.422775
4.436075
4.50765
4.643975
4.645525
4.701675
4.7045
4.7269
4.7382
4.747425
4.7498
4.79845
4.7992
4.80135
4.8032
4.80805
4.89145
4.92745
4.9401
4.968125
4.9864
4.99205
4.9948
134
