0.005975
0.019625
0.02795
0.08165
0.09015
0.12205
0.14695
0.17
0.17205
0.2018
0.2259
0.23695
0.24265
0.24625
0.356925
0.439675
0.445525
0.45895
0.459425
0.472725
1.53165
1.541225
1.61865
1.651625
1.672775
1.6853
1.71465
1.71515
1.7512
1.768675
1.83365
1.8429
1.86515
1.908725
1.922225
1.92485
1.94845
2.09265
2.11655
2.139975
2.23585
2.242175
2.243875
2.301075
2.31565
2.3207
2.3273
2.343975
2.344775
2.3842
2.418575
2.46295
2.464975
2.52655
2.557
2.55915
2.5658
2.567825
2.596525
2.660375
2.6775
2.720875
2.75295
2.765225
2.765425
2.80345
2.815125
2.8169
2.8255
2.89345
2.898625
2.97065
2.97345
2.9974
3.0356
3.042125
3.04495
3.11745
3.134775
3.182225
3.208025
3.24255
3.258525
3.279725
3.2839
3.323575
3.445875
3.478725
3.64315
3.6862
3.68965
3.759
3.868875
3.871575
3.88715
3.913775
3.977075
4.079525
4.09095
4.119275
4.2119
4.2641
4.304075
4.34435
4.385775
4.40405
4.41115
4.423225
4.452325
4.4526
4.456275
4.482125
4.482475
4.483125
4.495575
4.5065
4.50665
4.54305
4.5497
4.55895
4.58745
4.616325
4.6418
4.6562
4.666925
4.72375
4.77105
4.79205
4.796225
4.79955
4.81465
4.8565
4.89035
4.908925
4.91565
4.92025
4.930625
137
