0.01145
0.06965
0.081025
0.094975
0.130775
0.161125
0.19235
0.2074
0.3306
0.3502
0.3541
0.357075
0.3618
0.36425
0.40045
0.423175
0.4475
0.469875
1.506625
1.56825
1.5793
1.581075
1.581675
1.63615
1.6375
1.6383
1.63955
1.643725
1.65425
1.6794
1.6803
1.7019
1.758275
1.759225
1.76595
1.779575
1.8722
1.890575
1.91285
1.98715
1.98895
1.990425
1.99375
2.008125
2.015025
2.020025
2.02895
2.113775
2.219775
2.245875
2.264525
2.2766
2.282225
2.337775
2.392575
2.426125
2.43895
2.439125
2.512625
2.5192
2.569925
2.573575
2.604425
2.60855
2.679675
2.69935
2.741625
2.917875
3.018375
3.02045
3.051975
3.0963
3.099975
3.15745
3.194725
3.2201
3.236775
3.24045
3.24865
3.256025
3.298775
3.324725
3.336
3.351325
3.3592
3.428225
3.432025
3.4769
3.50565
3.6265
3.691125
3.7001
3.71185
3.7313
3.79615
3.804675
3.816975
3.8678
3.940325
3.966875
4.02315
4.0442
4.073725
4.107475
4.1175
4.1313
4.13395
4.147325
4.16395
4.16945
4.1815
4.206175
4.216575
4.253675
4.321075
4.322025
4.34645
4.3518
4.352125
4.36735
4.40275
4.425925
4.44045
4.476575
4.488225
4.50875
4.629025
4.62975
4.6388
4.662475
4.686775
4.69665
4.715975
4.739575
4.88425
4.906625
4.9256
137
