0.0129
0.022075
0.023825
0.069475
0.1404
0.197275
0.2058
0.20845
0.268475
0.2806
0.308125
0.341675
0.350375
0.410675
0.417475
0.466325
0.488375
1.54595
1.5534
1.574
1.5859
1.720325
1.732275
1.7492
1.798325
1.83495
1.894225
1.9103
1.9355
1.940075
1.94535
1.960475
2.01865
2.030275
2.087
2.106225
2.178375
2.181725
2.210075
2.253175
2.331375
2.3531
2.36215
2.393225
2.397725
2.424525
2.4281
2.436325
2.501325
2.53785
2.5701
2.577275
2.610675
2.679375
2.68605
2.70395
2.79545
2.851875
2.86445
2.8764
2.963225
2.96465
2.983225
2.989275
3.021975
3.054325
3.069425
3.140025
3.15185
3.152475
3.1567
3.189375
3.227425
3.307875
3.3183
3.33405
3.34
3.423725
3.447075
3.545525
3.555025
3.5863
3.59335
3.596775
3.648125
3.6888
3.72475
3.736125
3.736375
3.74455
3.751475
3.75155
3.75345
3.793475
3.799725
3.822575
3.825525
3.8377
3.84505
3.879825
3.891325
3.893
3.984375
4.072075
4.075425
4.0861
4.106775
4.1327
4.15925
4.1604
4.18345
4.2023
4.240375
4.265875
4.34395
4.383575
4.418425
4.4243
4.43095
4.44605
4.5039
4.534725
4.56015
4.562075
4.56525
4.6015
4.7097
4.71995
4.738525
4.77665
4.778025
4.806325
4.814975
4.880625
4.98465
4.9976
136
