0.015425
0.07385
0.097775
0.1013
0.129175
0.154725
0.191925
0.219825
0.22245
0.236325
0.263575
0.3244
0.36625
0.373825
0.4161
0.492475
0.492775
0.495675
0.4969
1.505725
1.55795
1.5985
1.643275
1.645125
1.662525
1.67215
1.673775
1.684975
1.729325
1.73545
1.7641
1.801175
1.82365
1.823875
1.84795
1.903225
1.930775
1.94305
1.9791
2.013875
2.11975
2.1227
2.127625
2.142425
2.206025
2.24875
2.3095
2.378275
2.46585
2.549525
2.551625
2.6295
2.6304
2.63415
2.6406
2.688325
2.7354
2.8635
2.900175
2.952675
2.96265
2.973125
2.988225
3.00575
3.006675
3.018
3.0613
3.072425
3.082425
3.11
3.112425
3.13575
3.13635
3.184825
3.203575
3.21545
3.219775
3.234975
3.2526
3.27325
3.293525
3.3053
3.317625
3.44065
3.4488
3.507125
3.531175
3.5658
3.600025
3.60545
3.608225
3.685575
3.692925
3.71485
3.788225
3.791375
3.79245
3.810125
3.8208
3.890925
3.913825
3.94335
3.95995
3.979025
3.988575
3.9961
4.068225
4.12025
4.121275
4.141775
4.187775
4.187925
4.191725
4.221425
4.260675
4.2949
4.298725
4.305975
4.3201
4.3496
4.404675
4.44965
4.453375
4.491325
4.499675
4.50595
4.532525
4.549
4.550175
4.5735
4.580225
4.756475
4.769325
4.878975
4.880725
4.9354
4.93585
4.972725
138
