0.0527
0.122175
0.1397
0.30165
0.311625
0.364075
0.414475
0.4771
1.502225
1.565575
1.5818
1.59195
1.60285
1.656375
1.704125
1.70675
1.8553
1.9795
1.9869
1.99915
2.0143
2.02905
2.029075
2.066375
2.067025
2.120775
2.31375
2.340525
2.37805
2.38545
2.42445
2.4253
2.454175
2.463575
2.466625
2.4696
2.483975
2.4923
2.504425
2.506575
2.645775
2.654025
2.6835
2.690875
2.765925
2.81805
2.84305
2.8774
3.023675
3.050625
3.064125
3.11645
3.125575
3.161075
3.20055
3.235825
3.2405
3.252775
3.257925
3.2875
3.31275
3.347525
3.36225
3.4191
3.4232
3.489675
3.58265
3.601625
3.617175
3.6428
3.656075
3.69045
3.704125
3.77875
3.873725
3.93405
3.94755
4.028575
4.090275
4.110875
4.1128
4.1329
4.138025
4.146325
4.24355
4.278425
4.34695
4.396075
4.401475
4.44485
4.5231
4.550225
4.612775
4.624025
4.6525
4.654725
4.695575
4.7121
4.770425
4.816625
4.8594
4.869325
4.8905
4.892175
4.92405
4.9445
4.956075
4.9749
4.98935
109
