0.0008
0.0189
0.0193
0.04045
0.0846
0.0855
0.09825
0.10085
0.104175
0.115975
0.158075
0.16525
0.171075
0.178675
0.1853
0.234425
0.3384
0.424
1.50655
1.5531
1.566225
1.58475
1.59
1.59085
1.5962
1.608375
1.613675
1.631225
1.644425
1.66945
1.680975
1.73945
1.8305
1.833275
1.8373
1.8664
1.878425
1.899425
1.900625
1.908525
1.9191
1.94065
1.95
1.9651
2.023
2.024325
2.053325
2.0559
2.091175
2.111925
2.163325
2.216725
2.2322
2.237325
2.3569
2.37005
2.3703
2.3825
2.38595
2.427075
2.50055
2.5194
2.52985
2.565
2.589675
2.636525
2.685625
2.760725
2.783625
2.805475
2.85225
2.8732
2.88635
2.9205
2.92405
2.925325
2.955025
2.966525
2.973475
3.023875
3.03185
3.041525
3.091225
3.1411
3.15065
3.168625
3.244525
3.321425
3.34575
3.36275
3.5153
3.591825
3.6136
3.61395
3.627125
3.638725
3.659975
3.675275
3.704875
3.726475
3.748475
3.819025
3.828625
3.893125
3.924675
3.9247
3.946925
3.985075
4.0056
4.008725
4.035375
4.17775
4.21195
4.2541
4.2833
4.289175
4.295925
4.2984
4.30815
4.324725
4.3896
4.391325
4.4087
4.4545
4.456075
4.463625
4.491725
4.54315
4.626075
4.65145
4.666975
4.7185
4.8507
4.858375
4.90625
135
