0.007625
0.030125
0.0841
0.12775
0.1394
0.1414
0.1491
0.17315
0.197675
0.2313
0.231975
0.331425
0.3674
0.371775
0.377675
0.3875
0.4853
0.499
1.514925
1.5227
1.5998
1.627875
1.63015
1.670425
1.778175
1.79735
1.83995
1.850725
1.858525
1.9062
1.927375
1.93625
1.963975
2.07595
2.13255
2.133775
2.14075
2.1408
2.170775
2.192075
2.237575
2.243975
2.255175
2.2725
2.3548
2.389825
2.4261
2.4419
2.5073
2.528625
2.630725
2.687325
2.7025
2.760275
2.7679
2.769275
2.845675
2.858375
2.866575
2.8909
2.8925
2.895
2.9037
2.934975
2.97045
2.97695
2.981025
3.022825
3.062125
3.0643
3.0894
3.218825
3.272075
3.3206
3.34615
3.5574
3.563225
3.708425
3.71365
3.734575
3.75795
3.7813
3.804025
3.87205
4.047525
4.06895
4.097825
4.1114
4.122475
4.1231
4.14415
4.190625
4.25405
4.260375
4.32255
4.33455
4.385425
4.394875
4.39935
4.417675
4.440175
4.442575
4.452275
4.469275
4.495425
4.5102
4.517075
4.6526
4.657075
4.66665
4.6884
4.690475
4.715225
4.7332
4.75285
4.80505
4.830575
4.855725
4.911525
4.9184
4.94925
4.9787
122
