0.0381
0.096225
0.10165
0.131625
0.1678
0.273825
0.278075
0.31735
0.32385
0.37035
0.44855
1.513375
1.544275
1.560975
1.5767
1.616225
1.64865
1.68645
1.7295
1.78525
1.81315
1.914975
1.91605
1.9276
1.95825
1.969875
1.975125
2.0459
2.066225
2.066825
2.0889
2.11885
2.16195
2.170375
2.172475
2.251325
2.255325
2.32095
2.3266
2.359375
2.363775
2.37155
2.3773
2.385525
2.412725
2.434025
2.4416
2.46845
2.481875
2.484175
2.505475
2.575375
2.57725
2.6283
2.648175
2.677525
2.7478
2.793
2.812
2.864425
2.872925
2.88345
2.965475
2.990925
2.994875
3.0196
3.02615
3.026575
3.033225
3.072475
3.092125
3.097925
3.129575
3.19085
3.208925
3.2339
3.261775
3.266425
3.27895
3.342475
3.35625
3.4107
3.460725
3.488175
3.60195
3.650275
3.663475
3.666775
3.694
3.721875
3.730175
3.775025
3.815925
3.843175
3.883625
3.887825
3.9093
3.94385
4.0104
4.0175
4.040375
4.1366
4.15305
4.292975
4.305375
4.331
4.339925
4.3468
4.420225
4.43135
4.4747
4.50295
4.52205
4.6018
4.619375
4.6227
4.65945
4.673875
4.679975
4.6969
4.6999
4.7258
4.746075
4.81935
4.830175
4.840725
4.86415
4.94815
4.949975
129
