0.01305
0.045875
0.059175
0.067925
0.0765
0.1165
0.1714
0.18
0.22815
0.252475
0.33705
0.339075
0.361475
0.37465
0.442575
0.455525
0.465425
0.465725
1.5331
1.548375
1.597325
1.619825
1.674025
1.6902
1.695575
1.696225
1.731675
1.7513
1.774925
1.7799
1.780775
1.80835
1.815525
1.847775
1.87435
1.9716
1.9749
1.9767
2.017625
2.095525
2.13045
2.183725
2.19065
2.212775
2.347
2.437525
2.4552
2.462875
2.596125
2.62005
2.732425
2.764575
2.768675
2.816875
2.8171
2.8176
2.860625
2.9165
2.9346
2.99995
3.02425
3.056975
3.075375
3.141825
3.2167
3.220425
3.2382
3.252525
3.35045
3.3521
3.361525
3.3641
3.36515
3.475
3.5173
3.563725
3.61305
3.6187
3.622675
3.62495
3.631125
3.63295
3.64245
3.6463
3.651475
3.6582
3.680875
3.69295
3.705075
3.725775
3.7483
3.768275
3.771475
3.79865
3.80565
3.810775
3.812875
3.8175
3.89265
3.9031
3.9125
3.9418
3.9875
4.0249
4.11185
4.1205
4.148075
4.196975
4.204175
4.297375
4.34625
4.351325
4.36565
4.36825
4.388
4.401175
4.432275
4.47145
4.491
4.511975
4.525725
4.554075
4.5604
4.60475
4.6505
4.65635
4.72685
4.8152
4.82775
4.8692
4.872775
4.92885
132
