0.034075
0.073475
0.092475
0.106275
0.11595
0.134875
0.152025
0.18865
0.23635
0.2464
0.27245
0.301625
0.32025
0.374275
0.4113
0.4152
0.423325
0.4509
0.462075
1.533725
1.53495
1.5407
1.56385
1.6304
1.650975
1.6515
1.663725
1.6988
1.7612
1.792525
1.810175
1.81275
1.840725
1.860925
1.87495
1.876425
1.900825
1.91945
1.9234
1.9653
2.071475
2.18485
2.187125
2.18775
2.2863
2.2927
2.316075
2.3182
2.319325
2.346
2.376675
2.397075
2.405625
2.48035
2.4818
2.49045
2.597075
2.672425
2.687225
2.704725
2.71185
2.72225
2.72305
2.7738
2.802375
2.835575
2.840275
2.85445
2.8601
2.86745
2.93015
2.962
2.997725
3.01105
3.08555
3.094425
3.099775
3.1121
3.120125
3.126825
3.2395
3.26795
3.2748
3.310075
3.32505
3.36195
3.36375
3.3819
3.618475
3.631125
3.64055
3.707
3.72085
3.7316
3.7321
3.764025
3.767775
3.77705
3.7826
3.819875
3.83575
3.85075
3.87065
3.872325
3.92205
3.9588
4.004125
4.031875
4.071175
4.09735
4.183075
4.2057
4.2246
4.226675
4.284875
4.288225
4.40375
4.47155
4.502725
4.50635
4.55465
4.556175
4.575375
4.633925
4.75215
4.781675
4.825875
4.8553
4.9309
4.933525
130
