0.048975
0.094775
0.1049
0.126825
0.215675
0.27
0.300625
0.30865
0.328275
0.382375
0.39535
0.395725
0.40585
0.411375
0.42305
0.428575
0.465025
0.4752
1.529575
1.531425
1.5378
1.546675
1.630375
1.699375
1.707475
1.7124
1.768575
1.77855
1.7826
1.804225
1.8155
1.866075
1.95795
1.979575
1.990625
2.017225
2.027125
2.053725
2.092325
2.11065
2.1538
2.2605
2.3065
2.31435
2.3238
2.35235
2.3723
2.4186
2.43795
2.4485
2.495775
2.54695
2.558075
2.560675
2.56855
2.570025
2.602675
2.605975
2.690775
2.716375
2.719525
2.7447
2.798
2.8231
2.832875
2.858875
2.861525
2.872275
2.89895
2.9153
2.9678
3.0224
3.099375
3.17025
3.197575
3.331225
3.333825
3.342825
3.384875
3.426125
3.4654
3.476025
3.482275
3.495175
3.593675
3.59875
3.633925
3.653075
3.670475
3.722625
3.724975
3.7377
3.7381
3.76895
3.826575
3.9563
3.970225
3.996775
4.007675
4.018175
4.04025
4.066675
4.0687
4.112725
4.1475
4.18795
4.19065
4.205875
4.219075
4.325075
4.36105
4.366325
4.37365
4.374425
4.3948
4.40035
4.421525
4.444
4.4457
4.4719
4.473
4.503325
4.525475
4.5788
4.58255
4.616725
4.6207
4.62725
4.702875
4.7332
4.769625
4.82215
4.8388
4.85925
4.865325
4.93495
4.936475
4.939925
4.9724
139
