0.001375
0.106475
0.110975
0.1255
0.1951
0.2024
0.236675
0.26915
0.2866
0.344875
0.356375
0.3668
0.4219
0.4604
1.5154
1.537575
1.576325
1.591975
1.64225
1.65225
1.697425
1.7554
1.79935
1.825175
1.84575
1.88625
2.03655
2.224975
2.2276
2.250775
2.312075
2.33265
2.3351
2.355925
2.384725
2.40055
2.416325
2.450425
2.559825
2.605475
2.703325
2.7127
2.79005
2.831425
2.89355
2.9337
2.9437
2.98505
2.990225
3.0091
3.0144
3.022575
3.0868
3.1028
3.112275
3.205
3.218625
3.22655
3.28665
3.294325
3.327525
3.3655
3.367125
3.37835
3.385575
3.473325
3.496825
3.5191
3.5233
3.538875
3.59125
3.6156
3.6184
3.730975
3.74005
3.814825
3.837075
3.83735
3.9394
3.985875
3.9968
4.0048
4.052975
4.074375
4.107725
4.149225
4.159025
4.173225
4.27005
4.27185
4.2747
4.287825
4.31625
4.365075
4.423175
4.4479
4.512425
4.562075
4.5814
4.62065
4.631275
4.648625
4.652325
4.78255
4.82645
4.90525
4.96835
4.984975
4.99935
109
