0.050675
0.10405
0.15425
0.209525
0.2111
0.240675
0.334675
0.344425
0.403375
0.4246
0.47945
0.4821
1.522
1.5292
1.594025
1.6117
1.664475
1.673075
1.676225
1.767725
1.7758
1.794125
1.8283
1.9208
1.930975
1.954425
1.996725
2.0031
2.0516
2.08625
2.114775
2.189625
2.2193
2.2528
2.2554
2.305775
2.334025
2.5724
2.6275
2.641275
2.661425
2.684575
2.685
2.813575
2.870725
2.881525
2.888175
2.8937
2.901675
2.90905
2.955375
3.0108
3.091475
3.1493
3.1776
3.18395
3.215375
3.2205
3.249175
3.31765
3.324475
3.34765
3.359125
3.42985
3.434775
3.4512
3.516075
3.58425
3.599825
3.669825
3.801125
3.83075
3.878
3.9049
3.9921
4.062675
4.09085
4.135075
4.188725
4.2997
4.3152
4.3687
4.3988
4.4369
4.465875
4.491
4.568875
4.664175
4.682425
4.7683
4.836825
4.840925
4.85335
4.872125
4.90375
4.9168
4.928175
4.931975
98
