0.015225
0.017875
0.040475
0.0543
0.078825
0.0922
0.104475
0.1506
0.160425
0.2293
0.267075
0.267825
0.27115
0.2936
0.309325
0.32275
0.343025
0.34685
0.36285
0.39715
0.41845
0.433325
0.4573
0.470425
0.49795
1.516075
1.577325
1.69565
1.764125
1.766075
1.778575
1.8404
1.872375
1.88075
1.88885
2.012175
2.012675
2.022725
2.07665
2.18805
2.209975
2.224
2.235625
2.241225
2.2925
2.3454
2.35185
2.366125
2.406925
2.410375
2.470775
2.5081
2.52855
2.540125
2.5645
2.583325
2.6147
2.649425
2.7359
2.737625
2.744
2.7698
2.790075
2.795
2.8436
2.867975
2.88345
2.944625
3.000225
3.09795
3.122525
3.18835
3.1975
3.221075
3.240575
3.249525
3.2775
3.27985
3.3681
3.374075
3.37815
3.405925
3.414675
3.441075
3.502475
3.525
3.54045
3.571025
3.645075
3.6806
3.68435
3.744725
3.754625
3.8799
3.9579
3.981825
4.023425
4.04405
4.121825
4.149425
4.177975
4.1864
4.2585
4.305025
4.319075
4.324425
4.3247
4.354325
4.36595
4.4162
4.434675
4.438025
4.45025
4.457325
4.464825
4.483775
4.499925
4.50055
4.577975
4.618725
4.7051
4.76985
4.865
4.901575
4.90345
4.93005
126
