0.000225
0.08455
0.106325
0.1405
0.150275
0.16865
0.18955
0.21805
0.2977
0.306725
0.318975
0.4321
1.5019
1.5794
1.645325
1.75035
1.7704
1.807075
1.8672
1.92225
1.92315
1.926525
2.01315
2.04115
2.08595
2.090575
2.129275
2.19415
2.1946
2.202425
2.255675
2.278075
2.298575
2.306625
2.344175
2.3503
2.38395
2.4142
2.43895
2.48655
2.49745
2.53355
2.541425
2.62415
2.7289
2.763675
2.80065
2.8181
2.834025
2.835175
2.84395
2.8443
2.85545
2.936925
2.94895
2.9867
3.028775
3.096925
3.126275
3.126375
3.193425
3.19695
3.223875
3.329075
3.3528
3.4644
3.47675
3.50915
3.512625
3.583975
3.59385
3.595125
3.67515
3.7229
3.76055
3.79365
3.797625
3.80015
3.9001
3.914
3.926025
3.951425
3.996925
4.006375
4.018475
4.02725
4.079375
4.079975
4.149125
4.18775
4.253575
4.2828
4.30975
4.348125
4.35275
4.357675
4.361025
4.3977
4.514275
4.53245
4.596225
4.62795
4.649175
4.842925
4.849075
4.862725
4.899375
4.9174
4.968875
4.978425
4.98425
4.991625
112
