3
3704
11819
12662
6857
11459
8981
7714
10408
10753
10764
11825
7495
12432
8984
12659
6213
4581
8101
5052
13039
8881
12657
8778
8682
5190
6867
7713
5678
10171
11467
6438
8988
9355
6220
7712
12420
8349
6518
6519
7652
8995
11823
10758
11014
11139
5268
7493
8278
3153
7082
8669
12096
8985
6208
10418
8686
11469
8172
8174
7711
7091
10169
10054
8779
7708
9357
10763
6856
7021
9346
3593
8280
8684
6868
6437
7092
6219
11468
6214
9347
13048
13864
5872
13040
11458
5105
7496
8113
10055
7090
10053
8776
5260
11561
6516
4048
8112
6512
10281
11132
11466
6218
8989
12660
7710
7566
11146
6335
7720
7494
8279
11015
7481
6517
5053
8994
11133
10897
8683
12424
6336
5769
11463
8354
5259
12427
8982
4160
4046
4665
7709
13038
7089
9674
11135
7491
9345
6866
8347
11134
9676
10046
11453
6515
8680
9679
4197
10170
12425
10280
10409
12422
6209
8685
8987
12426
10765
8111
3152
9564
6924
11470
8346
8107
7022
10767
11460
9359
9463
5877
6216
7653
6926
11824
8670
10404
4530
7100
6217
7094
4047
4534
6215
8173
8114
7487
10768
6527
10041
9562
12094
11141
12099
6865
13270
11462
10769
3240
9356
13650
11820
6869
7492
11830
5873
6334
2701
10898
7705
12088
4196
8882
8679
12100
5266
7559
7488
10407
8344
12652
10406
10896
9344
12093
10766
9358
6337
7560
8348
8345
8983
7489
10403
9685
13047
9354
9348
8777
6871
10052
11822
4704
6925
7023
7087
12423
7095
11138
9673
9677
10410
9563
11137
10167
10413
5267
9675
10405
7499
13036
9360
5593
11817
10056
10168
11464
12095
