3
21139
14053
15667
15673
3643
3194
17002
15141
14627
2739
15645
15140
17783
13450
19391
3197
12861
3647
15647
16149
18820
21404
17065
17412
17784
15702
16608
17413
12282
17030
16555
3640
17036
16585
14598
15170
14573
16605
15646
16127
17009
16607
2738
21417
19365
21285
18140
15142
17415
16606
19364
16586
2733
3644
17812
16610
16583
15169
16093
3190
14594
16151
11645
3193
16092
19667
2735
18445
13449
16154
21117
14597
18502
12826
15139
17027
12825
3642
19363
3191
17035
16976
19628
15117
14052
17377
16587
12254
16639
16588
19627
17439
12862
16129
13480
18112
14024
21519
15671
2366
4121
13481
18168
16188
17006
16153
21534
10945
16125
13447
16094
19921
15755
19112
17440
2737
16152
15672
14595
17032
17474
16126
17007
15669
17443
16589
19393
16150
19079
14055
12860
16590
15225
3195
12281
21264
17810
15121
16124
12824
14596
16189
19392
3641
2734
17409
19888
14572
17034
4115
16039
17063
16611
17028
17003
13448
21284
17414
13451
14026
16612
13478
15118
16155
10232
19626
15092
18195
15668
17416
21263
16128
18789
17029
3645
4116
17441
16584
17031
3196
17008
15648
14570
18138
21405
18477
13479
3192
15703
12859
17753
15119
17781
18541
2367
16190
3646
15613
16130
11618
15670
14025
15612
16556
10963
15561
14054
17838
16973
14023
3639
21416
15120
14571
17438
16554
2736
17410
