3
13497
12877
19649
19677
20821
20634
20375
17387
21529
21408
20126
19351
20608
9523
20374
12252
21130
20392
14060
17456
12866
16984
14021
15626
20607
9519
9502
20148
16991
17829
17762
21413
20652
15103
11658
19878
12242
18463
12296
18529
20407
12812
17795
20623
20814
19935
21129
19877
19899
11617
18158
13446
20983
20627
17462
7614
21261
18121
20153
20626
13484
12864
20656
14008
20801
12863
10976
14009
15156
21273
10936
18157
21531
21402
19376
21524
14615
19645
11603
19096
19650
20965
20142
18455
20600
21759
20962
21131
11648
20120
20394
20632
19612
19646
18801
19912
21530
20633
15629
18804
19350
20405
18185
8228
12878
20816
20422
17394
8838
19101
18492
20628
14018
20796
17048
20149
19065
18180
20838
15628
16630
19678
21126
12876
18487
11659
17464
12813
11604
18154
20154
13445
20651
12823
12297
20401
12243
18490
13486
19647
19884
19908
20655
16623
12811
21115
10219
20395
20390
18491
20406
18768
21272
19095
20139
20820
15101
21274
21851
13435
9501
13482
14058
13443
20388
19097
14552
19124
13433
19641
20815
14553
16566
15686
16178
13434
13498
17053
10235
18518
20403
18775
20992
14069
20121
20166
21278
11616
21125
15627
15691
21277
19911
19377
19671
12865
20119
20833
21123
16106
20427
21409
12250
12820
8824
19614
20966
20387
10240
18486
12287
20802
18807
21412
19066
18125
19613
20399
12283
21641
20426
10214
21646
13487
11646
21124
15624
19100
20834
19901
12286
19125
10966
19406
18519
12821
20980
20979
21141
17769
20624
20391
13444
19651
20601
21138
20813
19648
13496
18836
11615
12253
19909
21642
21133
19902
17794
21419
20141
18805
18153
16170
20622
20428
17385
21755
16986
15158
20140
19380
10942
13485
19907
15687
19620
20369
19910
21132
19407
13495
15625
14070
20978
20393
18806
14022
10975
20631
17799
20152
16109
14617
21522
16174
16107
18830
20402
17824
16563
20144
20625
20171
20151
16111
15623
20989
12284
17056
20143
20389
21287
19928
19900
21523
18528
17798
16627
15157
19934
20984
20404
11647
15689
19679
20150
20400
20819
8217
21525
20795
18800
12822
20606
21118
20822
14614
20429
14019
17764
