3
11202
10697
6592
9989
6471
11393
6805
9749
7791
1569
12037
8034
7418
2339
5044
11398
11363
6780
7417
9741
10701
6574
8619
6421
10471
5932
7387
11200
8420
7415
6781
5271
9738
10699
6351
5178
7573
11397
11242
11361
8583
7389
12035
7161
7420
9750
11204
7180
9992
10647
11882
7423
11391
7006
8009
9051
10695
7422
9737
12036
6144
7164
10700
11206
7155
1837
6350
11886
7814
2086
5323
11919
6901
7386
6145
9958
10469
9736
7162
10698
6795
11392
7816
13092
5536
9291
8406
7159
8012
9959
7424
10473
9735
11362
11884
9282
8011
6797
10468
12034
11394
9792
9286
6941
11243
6473
6589
13215
5753
6147
7160
9281
5179
7163
11201
6800
9789
7181
10514
11205
7641
4150
8607
7419
7390
6474
6163
5115
6779
11390
6796
11395
6591
7156
9288
6778
11887
2694
8187
9079
2021
11207
6472
10472
12485
11883
6282
10696
9290
11396
5537
8419
12601
6575
6280
8421
6281
6590
10515
7421
5535
10646
7815
6277
6798
7388
6573
9289
7572
7796
7179
5693
10470
6146
10474
11203
11208
9993
9994
12602
6801
6160
6799
6804
4654
9739
4598
2401
13091
11885
