0.23685
0.43465
0.435525
0.50465
0.517275
0.526725
0.541475
0.575475
0.612225
0.623225
0.628875
0.639125
0.641075
0.667575
0.683225
0.68325
0.696025
0.7474
0.757
0.775375
0.841625
0.8421
0.84955
0.877
0.8928
0.91655
0.930225
0.9766
0.9828
0.984175
0.99455
0.997425
1.000375
1.00985
1.0341
1.049425
1.06435
1.0724
1.084275
1.09215
1.1298
1.158725
1.1661
1.167025
1.207775
1.218925
1.29365
1.300825
1.301075
1.30885
1.336325
1.353075
1.396425
1.41565
1.44455
1.466275
1.511975
1.6508
1.67315
1.78045
1.9263
1.94915
1.9856
2.0828
2.223175
2.270275
2.381775
2.4527
2.463425
2.51235
2.581125
2.5852
2.58575
2.6639
2.758375
2.805925
2.811825
2.942075
2.95165
2.993425
2.9963
3.023875
3.05005
3.168475
3.3445
3.380775
3.423925
3.45735
3.52795
3.584325
3.645
3.701775
3.739975
3.8236
3.8497
3.904275
3.944525
4.1231
4.15905
4.388275
4.41005
4.48035
4.58635
4.6848
4.751175
4.78255
4.8468
4.9126
5.19205
5.3175
5.440525
5.510025
5.569275
5.620125
5.620575
5.739975
5.740825
5.9132
5.952475
5.979725
5.9847
6.0008
6.02615
6.226925
6.339675
6.480225
6.640175
6.884425
6.90005
6.918375
7.004825
7.055975
7.2214
7.3813
7.493125
7.534575
7.563325
7.687175
7.788225
7.87495
8.0426
8.0429
8.113125
8.12385
8.15835
8.250075
8.31185
8.3729
8.390925
8.5815
8.76745
8.8714
8.887275
9.118875
9.199975
9.282575
9.611525
157
