0.24645
0.434875
0.454775
0.5059
0.515775
0.51735
0.529325
0.529825
0.545575
0.555575
0.5586
0.562325
0.576275
0.5898
0.601775
0.602225
0.602475
0.6104
0.66185
0.672125
0.68035
0.685625
0.7337
0.7422
0.78015
0.789925
0.79085
0.794725
0.85175
0.853175
0.858575
0.920475
0.924175
0.927125
0.936425
0.937675
0.9526
0.964625
0.978975
0.982925
1.00095
1.04355
1.070425
1.093775
1.094975
1.095675
1.099925
1.100975
1.163625
1.176375
1.19915
1.2086
1.331075
1.3365
1.4859
1.518375
1.55065
1.551
1.553225
1.56185
1.574025
1.57705
1.590725
1.5922
1.59385
1.631325
1.7291
1.80885
1.81475
1.8171
1.819275
1.949625
2.14065
2.254975
2.562275
2.5885
2.60045
2.604475
2.622475
2.627775
2.754425
3.022575
3.07895
3.189575
3.211525
3.22995
3.231475
3.25165
3.2727
3.325725
3.329575
3.376975
3.443075
3.54275
3.569475
3.646975
3.6709
3.68605
3.808675
3.84505
3.847375
3.867125
3.867625
3.904025
4.0266
4.051275
4.3367
4.354475
4.472975
4.529425
4.66095
4.69325
4.934775
5.106375
5.106925
5.154125
5.27255
5.37365
5.379825
5.439775
5.464825
5.683575
5.93525
6.110275
6.1154
6.122275
6.172675
6.2181
6.248025
6.306975
6.407075
6.482225
6.513025
6.56995
6.574725
6.674025
6.81935
7.045825
7.226475
7.24335
7.2681
7.315025
7.46595
7.50935
7.69845
8.074675
8.1336
8.259575
8.3173
8.6077
8.634125
8.932175
9.058
9.1017
9.24715
9.314525
9.448325
9.884025
9.89255
9.8944
9.98545
161
