0.181125
0.288925
0.383225
0.5067
0.51335
0.53415
0.54665
0.546925
0.55255
0.5546
0.578
0.5794
0.5826
0.584875
0.585575
0.591725
0.600275
0.60445
0.6073
0.607925
0.6117
0.618825
0.63165
0.634925
0.636325
0.6377
0.686975
0.7526
0.798225
0.807675
0.8104
0.8305
0.84165
0.87425
0.876925
0.8896
0.896475
0.8971
1.01135
1.023425
1.02605
1.08065
1.082975
1.12055
1.128775
1.1396
1.150475
1.1542
1.1732
1.184125
1.19335
1.2295
1.30365
1.31325
1.3421
1.378025
1.44205
1.44295
1.445175
1.44885
1.5124
1.524
1.577
1.750075
1.751625
1.798575
1.82335
1.82955
1.846975
1.87985
1.95675
1.9713
1.996675
1.9982
2.0122
2.0896
2.10495
2.1117
2.117675
2.194775
2.221975
2.2304
2.237425
2.367525
2.550575
2.56695
2.56795
2.59145
2.59235
2.652025
2.723025
2.746575
2.781175
2.82795
2.8868
2.93225
3.03325
3.0539
3.154425
3.1659
3.1992
3.246475
3.288375
3.31805
3.435425
3.45775
3.644475
3.730325
3.738125
3.836625
3.8609
3.907525
3.9557
3.95855
4.242825
4.302825
4.45815
4.58165
4.718575
4.910575
5.071075
5.2931
5.400075
5.63575
5.93425
5.997325
6.023975
6.149625
6.154075
6.18395
6.3593
6.57285
6.6088
6.8493
6.850525
7.0357
7.055675
7.05675
7.096275
7.1646
7.23195
7.3226
7.400875
7.97025
8.14055
8.2191
8.347875
8.3543
8.53105
8.5636
8.9187
8.9907
9.018375
9.051475
9.144675
9.174375
9.46475
9.554675
9.814175
159
