0.02245
0.25675
0.5045
0.524525
0.533025
0.545275
0.556925
0.5616
0.565
0.579475
0.582825
0.592925
0.6079
0.61175
0.6213
0.633325
0.6531
0.665275
0.67015
0.7174
0.7304
0.747125
0.74715
0.755075
0.778975
0.794975
0.807525
0.812975
0.82875
0.835725
0.84145
0.86985
0.912225
0.9426
0.95405
0.958525
0.975025
0.98915
0.99015
1.011725
1.0317
1.0421
1.046625
1.048575
1.0509
1.0961
1.112025
1.13145
1.14575
1.16545
1.18795
1.19455
1.203725
1.23805
1.295875
1.323
1.3456
1.35175
1.428125
1.466575
1.47385
1.523125
1.530125
1.557
1.64045
1.66335
1.706025
1.72115
1.773925
1.822325
1.832125
1.8475
1.916
1.978425
2.036925
2.05425
2.13375
2.13855
2.166625
2.184375
2.198075
2.21115
2.27635
2.2818
2.353925
2.45935
2.4618
2.51465
2.5445
2.561525
2.620525
2.73485
2.80235
2.864925
2.865975
2.91055
2.91915
2.9498
2.973775
3.000675
3.05335
3.0995
3.123625
3.1284
3.216775
3.24655
3.432575
3.47445
3.528275
3.7894
4.076375
4.092925
4.145475
4.27605
4.285925
4.344525
4.42575
4.59155
4.593075
4.658525
4.7184
4.81105
4.820225
5.01865
5.084975
5.402025
5.548575
5.64145
5.69165
5.705825
5.72185
5.891675
6.0533
6.27065
6.4268
6.4952
6.58535
6.81945
6.838275
7.126375
7.176925
7.39665
7.582725
7.653
7.65895
7.85355
7.991025
8.1561
8.353425
8.375375
8.4868
8.778325
8.879625
8.99145
9.267875
9.28345
9.3622
9.5351
9.536525
9.602375
9.770875
161
