0.1058
0.176475
0.29255
0.487825
0.50855
0.5134
0.51565
0.53995
0.55155
0.557925
0.574
0.58125
0.59675
0.60105
0.623175
0.634525
0.679375
0.687475
0.69415
0.702275
0.7048
0.732
0.758125
0.775375
0.8101
0.81965
0.8752
0.88545
0.890025
0.89725
0.901425
0.948975
0.954
0.9556
0.960025
0.981075
0.991075
1.008125
1.0163
1.03255
1.07475
1.096075
1.16965
1.19315
1.1968
1.263875
1.3152
1.335725
1.34305
1.422025
1.442675
1.5059
1.51565
1.59895
1.6246
1.668425
1.73995
1.7733
1.861275
1.877575
1.89645
1.924775
1.949225
1.98105
2.0066
2.027275
2.072325
2.0814
2.10665
2.1922
2.227425
2.23105
2.324075
2.5665
2.57595
2.6561
2.726625
2.80215
2.92645
2.95545
2.995
3.058375
3.0929
3.2306
3.330125
3.350875
3.509275
3.52195
3.55825
3.704675
3.836675
3.8788
3.932925
4.014725
4.0252
4.0742
4.084475
4.08555
4.161525
4.196125
4.208825
4.27415
4.2996
4.3562
4.450025
4.542225
4.7182
4.78485
4.8008
4.85985
4.894825
4.902575
5.201775
5.327
5.5606
5.809275
6.145
6.243725
6.315
6.54835
6.92815
6.93305
6.995075
6.9995
7.142275
7.3555
7.394075
7.57215
7.725775
7.747725
7.7521
7.8112
8.299425
8.45825
8.595525
8.64125
8.7538
8.97375
9.10175
9.1791
9.25065
9.3379
9.49995
9.753225
9.78935
9.816775
9.833375
9.9269
9.93345
149
