0.10125
0.11695
0.20885
0.5073
0.530175
0.5349
0.5875
0.5896
0.59325
0.596025
0.599825
0.6038
0.606975
0.651925
0.657425
0.661625
0.668375
0.68105
0.70735
0.71355
0.7143
0.716675
0.7201
0.736
0.749925
0.755025
0.7968
0.797925
0.7998
0.800125
0.8036
0.805525
0.812325
0.815325
0.82675
0.82725
0.831225
0.8553
0.8585
0.8586
0.86685
0.869625
0.8701
0.87315
0.895075
0.906775
0.909975
0.9606
0.99545
1.011925
1.038325
1.082925
1.088725
1.09325
1.130075
1.1334
1.1336
1.158775
1.178575
1.21415
1.227075
1.263725
1.2831
1.30925
1.338525
1.365025
1.432975
1.5044
1.5121
1.526125
1.64915
1.656675
1.664425
1.749525
1.7586
1.75915
1.789025
1.79795
1.914525
1.950525
1.981875
1.988375
2.04905
2.094575
2.09615
2.1629
2.173475
2.246875
2.255025
2.310225
2.3382
2.469275
2.48165
2.527075
2.602775
2.60635
2.700075
2.72975
2.77945
2.9839
3.1212
3.133075
3.17885
3.309675
3.448075
3.64895
3.93425
4.36
4.3721
4.4418
4.5541
4.676025
4.6978
4.7471
4.792625
4.840525
4.9219
5.0361
5.324725
5.3589
5.393625
5.50925
5.59735
5.66055
5.69125
5.739175
5.82395
5.84605
5.892825
5.952275
6.0222
6.09435
6.178425
6.1903
6.292925
6.43665
6.4987
6.62815
6.81735
6.910625
7.376375
7.461525
7.5831
7.600125
7.69115
7.691325
7.8354
8.125825
8.147275
8.16455
8.238875
8.2693
8.2908
8.299375
8.3111
8.3487
8.5741
9.047525
9.133825
9.418775
9.423975
9.597675
162
