0.006425
0.234375
0.275875
0.44285
0.4468
0.450025
0.5628
0.572075
0.5957
0.600425
0.6012
0.63335
0.64335
0.644375
0.65485
0.684925
0.690375
0.7557
0.765525
0.8027
0.80905
0.81155
0.832625
0.870025
0.8741
0.876475
0.884125
0.92715
0.968825
0.976525
0.98095
1.036075
1.03635
1.0848
1.08985
1.155075
1.167525
1.16965
1.1711
1.17185
1.197275
1.223025
1.26995
1.315825
1.336225
1.42585
1.450275
1.494525
1.515675
1.6579
1.734475
1.855925
1.87635
2.0261
2.055875
2.064325
2.09935
2.10115
2.1654
2.18845
2.25935
2.492725
2.600625
2.601225
2.621025
2.724475
2.765475
2.793075
2.7954
2.81975
2.8395
2.846075
2.909875
3.073475
3.161
3.240725
3.2943
3.30465
3.326725
3.356
3.474975
3.5028
3.663275
3.7691
3.791825
3.826625
3.8356
3.850075
3.877625
3.8873
3.899375
3.923125
3.940475
4.1161
4.202525
4.210125
4.235375
4.311625
4.32135
4.44255
4.466375
4.48325
4.56775
4.589775
4.666525
4.8417
4.8617
4.86955
4.968575
4.971725
5.164225
5.273125
5.273225
5.49895
5.512025
5.545475
5.629625
5.673025
5.7834
5.879675
5.89775
5.919225
5.980175
6.085375
6.105875
6.212425
6.362375
6.37995
6.386725
6.4834
6.53135
6.608225
6.7911
6.882125
6.90735
7.096475
7.250575
7.276375
7.40765
7.43045
7.4346
7.474075
7.51725
7.536225
7.628025
7.671725
7.765625
7.8452
7.878325
7.99365
8.07365
8.16795
8.208775
8.377825
8.3902
8.705425
8.715475
8.728825
9.027925
9.0344
9.102425
9.310425
9.4793
9.55985
9.781725
9.80155
166
