0.032275
0.509175
0.526375
0.527475
0.53295
0.542225
0.544375
0.5463
0.558075
0.5595
0.56015
0.584
0.5882
0.597
0.612475
0.61835
0.618425
0.6204
0.626375
0.627975
0.6305
0.6336
0.636875
0.640475
0.64345
0.65055
0.66095
0.67235
0.723675
0.754325
0.75555
0.773375
0.775075
0.868625
0.874075
0.90395
0.90565
0.9559
0.96085
0.983425
1.010075
1.015175
1.0321
1.03685
1.05305
1.05815
1.0769
1.092425
1.106125
1.1342
1.1667
1.2662
1.335075
1.34855
1.36425
1.3667
1.435825
1.456275
1.4842
1.490325
1.532675
1.630875
1.669225
1.7038
1.716075
1.7294
1.774775
1.776
1.816775
1.8192
1.8408
1.896525
1.989675
2.00735
2.10195
2.136675
2.353325
2.3852
2.401925
2.4213
2.472725
2.56925
2.5716
2.5723
2.6038
2.9092
2.9309
2.9454
2.95385
3.0858
3.090875
3.10515
3.1558
3.187775
3.4012
3.6443
3.66505
3.69125
3.822775
4.12565
4.1297
4.377425
4.38005
4.39525
4.4488
4.6641
4.9609
5.0097
5.239775
5.273025
5.384725
5.45875
5.5474
5.746275
5.8818
6.0434
6.342075
6.499025
6.54455
6.5465
6.699925
6.84855
6.9402
6.9627
7.011875
7.28765
7.4179
7.436325
7.4731
7.6026
7.66925
7.764175
7.9248
7.99815
8.087525
8.2223
8.62895
8.62985
8.689275
8.69485
8.736525
8.989925
9.097
9.114875
9.46485
9.484575
9.846675
9.979825
148
