0.215975
0.371475
0.439475
0.5047
0.505325
0.5094
0.51145
0.538025
0.5381
0.541175
0.54855
0.567975
0.574025
0.5778
0.584275
0.607825
0.61295
0.676075
0.68925
0.69155
0.70105
0.705275
0.72045
0.760375
0.763875
0.7682
0.8098
0.812825
0.8164
0.8187
0.8244
0.8249
0.8582
0.8652
0.882875
0.89735
0.901
0.90505
0.930675
0.93295
0.933925
0.938475
0.95655
0.961875
0.966875
0.984325
0.99295
0.99395
1.019975
1.025175
1.043775
1.0576
1.06875
1.082875
1.1315
1.14095
1.153125
1.160375
1.185525
1.18705
1.215775
1.219225
1.229725
1.3031
1.3043
1.335325
1.337875
1.447275
1.457275
1.508175
1.544575
1.575875
1.59525
1.650175
1.660725
1.7197
1.7662
1.783775
1.863325
1.933625
1.987325
2.0479
2.060125
2.15875
2.177575
2.197425
2.20475
2.2303
2.36245
2.427925
2.431725
2.4428
2.572725
2.58775
2.615475
2.653925
2.676725
2.801175
2.8479
2.926875
3.0144
3.150575
3.161725
3.32475
3.35535
3.4444
3.556425
3.5612
3.714725
3.729775
3.73755
3.7804
3.817675
3.912675
3.912925
3.997975
4.099925
4.209625
4.2472
4.3088
4.31245
4.366475
4.3942
4.456875
4.526075
4.560575
4.571225
4.669075
4.82135
4.9062
5.128
5.203125
5.2315
5.234175
5.329975
5.595825
5.6626
5.66635
5.930175
5.976825
6.0643
6.194275
6.30285
6.421025
6.484275
6.511475
6.548325
6.66435
6.71075
6.8077
6.820975
6.87505
6.95705
7.000125
7.21195
7.36645
7.596575
7.652875
7.69145
7.890575
7.9098
7.925775
8.056075
8.273875
8.30965
8.627725
8.6448
8.6629
8.855875
8.86485
8.9002
8.97115
8.988975
9.015875
9.122525
9.70435
9.94785
177
