0.11015
0.1391
0.4042
0.512125
0.5139
0.5165
0.517475
0.522725
0.5266
0.5272
0.529325
0.53085
0.53385
0.539
0.548525
0.5496
0.577225
0.58165
0.58435
0.59155
0.5949
0.600175
0.62275
0.623125
0.6275
0.633625
0.642525
0.654975
0.695925
0.6985
0.704175
0.7108
0.73185
0.7402
0.743125
0.75925
0.762175
0.770675
0.79475
0.800375
0.845075
0.864325
0.960325
0.966525
0.993925
0.9996
1.019775
1.023225
1.07525
1.10415
1.14625
1.172075
1.1912
1.2654
1.2869
1.317025
1.32635
1.4013
1.435775
1.458425
1.496625
1.526125
1.636925
1.69925
1.77195
1.808
1.868525
1.93315
1.991175
1.999875
2.12075
2.14475
2.206825
2.36895
2.4374
2.479325
2.552425
2.5543
2.765525
2.8646
3.006925
3.025
3.05245
3.271225
3.283875
3.302825
3.322075
3.355525
3.399075
3.424275
3.588225
3.705725
3.738425
3.8916
3.913925
3.940275
3.976275
3.9939
4.334225
4.479575
4.755775
4.820075
4.8852
4.9286
5.123575
5.182125
5.3256
5.54935
5.582225
5.618375
5.6844
5.84655
5.849925
5.914625
6.083425
6.11625
6.134525
6.285975
6.306425
6.5284
6.536325
6.5366
6.561425
6.65355
6.78775
6.92635
7.01815
7.01825
7.024175
7.105425
7.107875
7.263425
7.380575
7.5304
7.54155
7.565275
7.7381
7.857775
8.078375
8.136425
8.153025
8.209775
8.389875
8.4422
8.51645
8.532625
8.576275
8.836875
8.886625
9.1006
9.162675
9.31725
9.676825
9.741725
9.750975
155
