0.003075
0.02745
0.061375
0.1485
0.239325
0.4229
0.507725
0.523975
0.53555
0.5385
0.5496
0.5561
0.5609
0.56305
0.563175
0.5733
0.581
0.61685
0.61815
0.626325
0.63555
0.6472
0.650925
0.677425
0.6832
0.702925
0.713575
0.733975
0.73625
0.744825
0.745125
0.74525
0.772975
0.77425
0.78985
0.794125
0.795325
0.79895
0.804575
0.819675
0.832125
0.851725
0.8551
0.863525
0.90395
0.922675
0.924275
0.93495
0.9401
0.973225
1.0746
1.075425
1.1218
1.15895
1.182425
1.219825
1.259825
1.321375
1.3513
1.36505
1.380675
1.398475
1.407275
1.4245
1.4433
1.52185
1.5398
1.613175
1.67955
1.7632
1.815325
1.8183
1.826725
1.834575
1.8352
1.866975
1.87965
1.89625
1.9102
1.932325
1.9751
2.018925
2.092225
2.122925
2.138775
2.1419
2.15155
2.188825
2.226225
2.3607
2.39175
2.39805
2.461975
2.4936
2.522525
2.5376
2.58235
2.602
3.051325
3.088175
3.129375
3.339775
3.41465
3.47945
3.48675
3.701675
3.763525
3.894125
3.903625
3.955175
4.049225
4.08955
4.1328
4.178
4.29405
4.3064
4.4181
4.456125
4.5843
4.6445
4.76845
4.794225
4.811975
4.945975
4.994825
5.16605
5.178425
5.191
5.42895
5.470175
5.476025
5.6182
5.651625
5.8605
5.86055
6.046825
6.161575
6.296575
6.511275
6.9916
6.996325
7.0054
7.017975
7.043975
7.05185
7.081425
7.3194
7.507075
7.5179
7.689325
7.800625
7.88025
7.97635
8.233075
8.354775
8.359
8.414175
8.6662
8.942025
9.0514
9.067525
9.141575
9.237425
9.386225
9.542325
9.54755
9.7824
9.8867
168
