0.1299
0.2482
0.2872
0.5029
0.5358
0.55115
0.55605
0.562475
0.5736
0.590425
0.605675
0.628775
0.628975
0.634825
0.638025
0.64565
0.6518
0.6668
0.724125
0.7438
0.74645
0.753975
0.75995
0.76275
0.83005
0.835375
0.920275
0.9206
0.95405
0.96735
0.971525
0.973125
0.9797
1.032975
1.03835
1.0435
1.0485
1.049625
1.080025
1.08605
1.08915
1.133775
1.223575
1.223825
1.2565
1.257525
1.2774
1.2966
1.29735
1.30005
1.389075
1.417675
1.41805
1.46085
1.55285
1.563375
1.599475
1.643925
1.70065
1.72405
1.78005
1.834375
1.880975
2.025725
2.0707
2.30285
2.55345
2.625225
2.6836
2.752175
2.789925
2.79355
2.84455
2.85225
3.03855
3.0546
3.05735
3.102525
3.1389
3.2061
3.303925
3.34515
3.4237
3.438
3.453125
3.721075
3.74355
3.74985
3.766575
3.7723
3.838175
4.092625
4.095875
4.1559
4.183375
4.21915
4.356825
4.44555
4.72475
4.772225
4.86395
4.943075
5.08815
5.233975
5.244425
5.414675
5.416625
5.452125
5.58645
5.6742
5.7182
5.9114
6.092575
6.253725
6.45895
6.56675
6.5712
6.612325
6.62075
6.721575
6.874025
6.898775
7.14005
7.321675
7.3777
7.500225
7.683325
7.694775
7.723075
7.7618
8.077025
8.180375
8.306475
8.3647
8.44505
8.563675
8.617275
8.79605
8.79965
8.926875
9.613775
9.67205
9.683275
9.68775
9.68875
9.701575
9.784625
9.9018
9.96575
9.978825
150
