0.059375
0.1412
0.233725
0.3395
0.441175
0.472225
0.520125
0.522725
0.535825
0.554725
0.56445
0.576775
0.586875
0.589675
0.5955
0.596075
0.6015
0.605325
0.6078
0.617525
0.637425
0.649075
0.65095
0.6633
0.67425
0.69075
0.705125
0.7083
0.717675
0.726
0.73435
0.740675
0.74575
0.751375
0.771125
0.806325
0.807975
0.8271
0.86345
0.8761
0.8925
0.9067
0.931375
0.933975
0.9712
0.97125
0.9821
1.05275
1.0601
1.11055
1.14505
1.176725
1.1786
1.199425
1.23485
1.261925
1.297275
1.333
1.3387
1.3587
1.3705
1.440675
1.4661
1.53455
1.6157
1.655025
1.68625
1.7114
1.720125
1.759675
1.81175
1.87765
1.95035
1.951225
1.95885
2.156275
2.188625
2.409125
2.46535
2.625325
2.6896
2.794625
2.79855
2.8164
2.863125
2.884975
2.901475
2.96815
2.99885
3.08015
3.388775
3.47755
3.76145
3.816025
3.922675
4.1477
4.15725
4.1627
4.281425
4.35635
4.513175
4.525825
4.562225
4.563375
4.603775
4.628425
4.674975
4.729425
5.073375
5.2308
5.275175
5.3315
5.55665
5.589325
5.73215
5.7643
5.7749
5.985375
6.160675
6.1905
6.2017
6.2617
6.30575
6.394825
6.552875
6.967625
7.0164
7.054875
7.10085
7.101275
7.66435
7.717475
7.730125
7.817975
7.838125
7.916075
7.93715
8.2165
8.486475
8.496625
8.502475
8.7615
8.8587
8.88525
8.9168
8.976475
8.992975
9.164725
9.281125
9.292175
9.75495
9.81775
9.948425
9.960225
154
