0.35145
0.43005
0.501525
0.521575
0.52245
0.537525
0.538375
0.5409
0.5466
0.5618
0.573175
0.5747
0.59515
0.60105
0.607925
0.6252
0.64375
0.643975
0.650475
0.65805
0.681325
0.6999
0.715875
0.719175
0.753275
0.7813
0.81435
0.8673
0.885225
0.886975
0.904525
0.9128
0.914975
0.93155
0.938275
0.94295
0.952575
0.964675
0.975425
0.986675
0.988775
1.0251
1.02965
1.0564
1.061525
1.111925
1.11465
1.125325
1.1402
1.14025
1.15515
1.1906
1.2052
1.22325
1.2605
1.276875
1.32035
1.323675
1.324025
1.33305
1.365825
1.3855
1.41385
1.467325
1.480575
1.5405
1.630425
1.6354
1.725525
1.734275
1.760025
1.782575
1.859475
1.877025
1.9388
2.055875
2.1518
2.17635
2.358575
2.388675
2.42885
2.477975
2.496075
2.54615
2.594325
2.620475
2.623175
2.625125
2.66365
2.745425
2.754025
2.755675
2.817625
2.9088
2.9332
3.004625
3.02875
3.1542
3.384825
3.4628
3.519375
3.522325
3.5794
3.804275
3.82305
4.1878
4.320675
4.3694
4.50675
4.772725
4.793075
4.92295
4.967225
4.967975
4.996325
5.027525
5.053275
5.07435
5.089275
5.136125
5.1886
5.188675
5.27185
5.354275
5.714775
5.98595
5.995275
6.130475
6.242225
6.338125
6.522925
6.562725
6.77935
6.7834
6.7882
6.8218
6.898175
6.968325
7.205875
7.349775
7.625375
7.62555
7.7145
7.7287
7.78245
7.812925
7.9705
8.032125
8.060025
8.4669
8.499375
8.74535
9.0262
9.3428
9.442775
9.687125
9.7296
157
