0.2989
0.51065
0.52115
0.560025
0.5805
0.59335
0.5995
0.61385
0.627975
0.629225
0.642125
0.642175
0.66465
0.6713
0.6775
0.689275
0.690725
0.694075
0.694525
0.6967
0.7145
0.7173
0.73235
0.7327
0.753625
0.760725
0.77005
0.7847
0.8342
0.856625
0.882025
0.937675
0.965
0.975175
0.98215
1.022175
1.034
1.0437
1.06565
1.1198
1.174825
1.1899
1.2679
1.282475
1.2898
1.3334
1.345425
1.384175
1.3964
1.4474
1.462325
1.473675
1.62865
1.79515
1.809
1.810675
1.922675
1.92335
2.05755
2.091975
2.109025
2.14395
2.267475
2.27725
2.294875
2.400275
2.4154
2.4456
2.44585
2.496675
2.527225
2.57445
2.623725
2.723075
2.7745
2.779275
2.8705
2.8908
3.029475
3.08935
3.094575
3.1616
3.33275
3.54915
3.628225
3.635625
3.83855
3.902725
3.97005
4.041325
4.05795
4.068
4.20655
4.2454
4.461175
4.51765
4.6438
4.651875
4.8161
4.8441
4.8693
4.9189
4.92005
4.923525
4.92855
5.1227
5.138725
5.166425
5.236975
5.3385
5.370375
5.5173
5.58215
5.59065
5.6391
5.686425
5.69185
5.7261
5.761825
5.772825
5.866175
5.953925
6.1189
6.124025
6.142775
6.2229
6.261825
6.34285
6.431325
6.441775
6.609625
6.62525
6.638575
7.140275
7.455675
7.520025
7.787975
8.101175
8.167025
8.22805
8.489575
8.501325
8.6222
8.630375
8.68485
8.7358
8.8719
9.023725
9.060525
9.123775
9.143725
9.17685
9.34495
9.5441
9.937275
155
