0.340125
0.5209
0.532125
0.549025
0.569875
0.5713
0.579725
0.581925
0.584425
0.5896
0.60025
0.614375
0.6163
0.62355
0.63165
0.632825
0.638275
0.644225
0.654175
0.6582
0.673275
0.67405
0.681025
0.70465
0.71115
0.732275
0.7324
0.754125
0.754925
0.784875
0.793275
0.794225
0.802525
0.826575
0.8556
0.8637
0.868825
0.891475
0.91075
0.973875
0.976425
0.9815
0.994975
1.0196
1.021225
1.02905
1.078775
1.085725
1.0927
1.1237
1.159575
1.24465
1.256025
1.261475
1.27175
1.27625
1.2839
1.38545
1.40315
1.41665
1.457675
1.47125
1.473275
1.513825
1.538
1.545475
1.5646
1.586275
1.658325
1.663875
1.690675
1.71545
1.72285
1.78015
1.785775
1.845775
1.902525
1.919425
1.99585
2.122125
2.12955
2.155975
2.24165
2.2575
2.3082
2.31275
2.317275
2.3608
2.38155
2.40685
2.41625
2.5323
2.64755
2.677825
2.831275
2.8539
3.035925
3.120875
3.130025
3.18635
3.197675
3.213425
3.230025
3.25745
3.35245
3.4197
3.462375
3.563025
3.584
3.593375
3.598975
3.6628
3.723525
3.939675
4.09325
4.138075
4.190625
4.196475
4.232525
4.746025
4.872175
4.9839
5.00485
5.041775
5.061325
5.18675
5.38135
5.3981
5.481075
5.5211
6.0826
6.095325
6.161325
6.2141
6.57795
6.69515
6.956975
7.1572
7.21175
7.5003
7.587075
7.624125
7.62695
7.748975
7.75375
7.794575
7.867225
8.120325
8.289775
8.30375
8.351725
8.401025
8.429225
8.4546
8.4971
8.533175
8.652525
8.761975
8.762175
8.8664
8.927975
9.028475
9.0964
9.19455
9.196975
9.24635
9.27405
9.36665
9.543375
9.558175
9.8581
9.95895
9.96755
173
