0.076325
0.08915
0.094025
0.14725
0.2472
0.4411
0.471725
0.5152
0.530925
0.550075
0.55435
0.5575
0.600925
0.62245
0.631475
0.643825
0.6643
0.68315
0.7049
0.742625
0.748725
0.753225
0.75445
0.7638
0.779925
0.792025
0.79415
0.818475
0.834575
0.838025
0.8702
0.9065
0.9125
0.944325
0.950475
0.99355
1.003225
1.016575
1.04535
1.057125
1.068775
1.11105
1.11845
1.1241
1.14365
1.166375
1.176875
1.216575
1.30385
1.33255
1.343825
1.354425
1.36385
1.4452
1.461325
1.51845
1.531725
1.55835
1.676075
1.706475
1.7884
1.837725
1.85945
1.87455
2.0456
2.08285
2.110925
2.1515
2.162825
2.245725
2.40045
2.407375
2.423025
2.49795
2.5047
2.51485
2.5714
2.584525
2.6533
2.772925
2.92595
2.989775
2.996075
3.213025
3.29005
3.3182
3.3446
3.450475
3.487175
3.55365
3.639
3.672625
3.904775
3.9299
3.984725
4.11785
4.1352
4.38605
4.399525
4.571325
4.612275
4.717525
4.75085
4.84605
4.877025
5.057
5.087875
5.250025
5.285825
5.30705
5.49565
5.504575
5.515025
5.648325
5.651275
5.668125
5.7156
5.80665
5.85365
6.1227
6.1498
6.1778
6.2281
6.601325
6.618125
6.8774
7.165
7.17745
7.189225
7.204825
7.388675
7.471775
7.69035
7.714025
7.79475
7.8693
8.09815
8.155825
8.287575
8.29775
8.417525
8.68965
8.84015
9.125525
9.231875
9.395725
9.467
9.5639
9.575
9.615825
9.72345
9.964475
152
