0.2797
0.4511
0.475525
0.5012
0.5041
0.508125
0.5135
0.513725
0.525475
0.536525
0.54905
0.554175
0.58725
0.603125
0.61305
0.61495
0.635375
0.6528
0.6637
0.6925
0.6987
0.710475
0.71735
0.720625
0.725925
0.726525
0.727775
0.734625
0.785775
0.796275
0.83695
0.849025
0.865825
0.87285
0.901725
0.90845
0.92215
0.92335
0.943925
0.950275
0.96035
0.98915
1.015275
1.02645
1.0275
1.03175
1.053
1.149125
1.1886
1.252775
1.271125
1.343125
1.411825
1.4604
1.494
1.495
1.515575
1.518075
1.5473
1.55005
1.552275
1.558625
1.5847
1.592875
1.7524
1.7785
1.82335
1.84875
1.8657
1.866575
1.87425
1.9501
1.9591
1.992175
2.04225
2.13705
2.149325
2.175275
2.18885
2.229775
2.275175
2.2777
2.426775
2.43195
2.61765
2.641275
2.738275
2.7833
2.82965
2.888075
2.909275
2.979225
3.04985
3.081475
3.124975
3.200175
3.2024
3.23165
3.251375
3.265225
3.276175
3.3023
3.44525
3.65975
3.691325
3.724675
3.825225
3.89105
4.004825
4.0254
4.133925
4.19165
4.236575
4.324125
4.47065
4.479575
4.59105
4.611225
4.658675
4.80885
4.8361
4.91185
5.0191
5.192775
5.204425
5.206375
5.45175
5.46825
5.48685
5.6089
5.719575
5.849875
5.98735
6.013825
6.096375
6.21485
6.2533
6.41135
6.436425
6.442325
6.51165
6.526375
6.64185
6.67565
6.9327
6.95615
7.048625
7.1926
7.212775
7.25435
7.290875
7.313225
7.34175
7.4154
7.5842
7.682625
7.7294
7.818525
7.821275
7.880925
8.039575
8.139025
8.191975
8.2424
8.2508
8.467125
8.499225
8.701875
8.785275
8.885375
9.08545
9.3382
9.345275
9.4402
9.709425
9.713375
9.7396
9.86825
178
