0.111075
0.175625
0.2076
0.47825
0.508625
0.550925
0.5577
0.60395
0.604625
0.606875
0.609975
0.615725
0.61995
0.6853
0.7204
0.727125
0.7517
0.768125
0.773075
0.779175
0.795275
0.83445
0.8375
0.90935
0.911625
1.01485
1.025225
1.085525
1.117975
1.12045
1.121325
1.1225
1.129075
1.14675
1.152275
1.15575
1.1626
1.278075
1.3083
1.3109
1.3455
1.3595
1.3657
1.374975
1.377
1.379425
1.420225
1.42105
1.42315
1.488275
1.531175
1.590425
1.72495
1.850275
1.860275
1.87845
1.90195
1.96865
2.000825
2.062125
2.135225
2.1805
2.191025
2.223525
2.227375
2.260775
2.26115
2.3291
2.35385
2.3647
2.400125
2.435925
2.43935
2.444675
2.469025
2.75205
2.879125
2.914725
3.0228
3.0283
3.0547
3.13505
3.358475
3.369775
3.741575
3.803
3.897425
3.907475
3.951425
3.98495
4.01195
4.195825
4.30875
4.5126
4.5643
4.583425
4.585575
4.642225
4.6876
4.69835
4.786125
4.9093
4.929475
5.059775
5.090075
5.170725
5.197475
5.2139
5.226475
5.46175
5.465975
5.502875
5.547025
5.7288
5.809575
5.875675
5.88445
5.9725
5.9909
6.31245
6.34435
6.59135
6.6152
6.9452
6.9954
7.009
7.0209
7.088875
7.1698
7.713675
7.931575
8.7361
8.91105
8.9212
8.92205
8.97155
9.174825
9.218925
9.2947
9.328575
9.429775
9.549425
9.7188
9.8632
9.8723
145
