0.008175
0.0169
0.28705
0.49495
0.50085
0.5257
0.530575
0.535375
0.5427
0.55675
0.578375
0.596675
0.59955
0.60375
0.611325
0.639125
0.6423
0.662025
0.681625
0.688975
0.692525
0.69745
0.6984
0.7033
0.71435
0.734675
0.745925
0.795075
0.796075
0.799125
0.80035
0.818425
0.823175
0.8418
0.8462
0.917325
0.918475
0.930575
0.94415
0.946775
0.984125
0.98725
1.05555
1.060675
1.07155
1.16045
1.218325
1.227475
1.314825
1.31525
1.4074
1.4138
1.434975
1.4677
1.593225
1.59735
1.6382
1.64375
1.662275
1.68995
1.707425
1.7618
1.80935
1.835075
1.856875
1.871075
1.88725
1.9168
1.918625
1.919575
1.941975
2.017175
2.064
2.117575
2.3023
2.339525
2.3448
2.44925
2.487775
2.58005
2.74245
2.87795
2.918875
2.944775
2.97475
3.0338
3.04895
3.0626
3.088125
3.26075
3.279125
3.282875
3.419125
3.465275
3.4767
3.47895
3.5366
3.6248
3.6887
3.7506
3.867675
3.99865
4.008225
4.086625
4.109625
4.18605
4.198125
4.2021
4.323525
4.574475
4.709475
4.85945
4.882075
5.04755
5.0743
5.117975
5.163975
5.363975
5.450925
5.475975
5.50655
5.631825
5.68955
5.70065
5.764
5.851425
6.00615
6.100525
6.188625
6.226375
6.3449
6.472725
6.501475
6.525225
6.70445
6.88135
7.1406
7.2533
7.331375
7.341875
7.4065
7.4546
7.4775
7.639375
7.695325
7.755
7.860175
8.02765
8.056975
8.14895
8.4089
8.537
8.609875
8.645925
8.78055
9.163525
9.439225
9.565725
9.708425
9.851975
160
