0.12015
0.158075
0.3156
0.5031
0.5037
0.507525
0.50785
0.54395
0.54425
0.546675
0.546725
0.5619
0.56645
0.5782
0.581125
0.589225
0.618825
0.634075
0.64075
0.6478
0.6745
0.68955
0.69055
0.694525
0.696
0.70215
0.721225
0.7272
0.730175
0.74005
0.7539
0.759175
0.778725
0.7858
0.8121
0.87645
0.881525
0.889625
0.9415
0.96255
0.981075
1.005275
1.031075
1.053575
1.0603
1.06115
1.07465
1.146975
1.202025
1.212625
1.2746
1.3049
1.329475
1.33665
1.3367
1.3605
1.374025
1.379225
1.40875
1.464875
1.471175
1.478675
1.48385
1.508725
1.524
1.57695
1.7121
1.74275
1.79685
1.8108
1.8136
1.822175
1.832575
1.8811
1.952075
2.03465
2.065875
2.0803
2.13465
2.161025
2.161975
2.210625
2.425225
2.4791
2.535725
2.5641
2.602175
2.64695
2.67045
2.687925
2.913575
3.002875
3.0121
3.0268
3.0792
3.311725
3.3379
3.424575
3.583025
3.641975
3.65205
3.661075
3.66685
3.67825
3.916025
3.9196
4.01085
4.107775
4.1839
4.289175
4.2926
4.326
4.362875
4.457675
4.6799
4.8198
4.923625
5.19245
5.2984
5.5047
5.510325
5.882875
5.9698
6.04145
6.15335
6.41395
6.642575
6.8966
6.9352
7.1663
7.2256
7.2846
7.404575
7.500525
7.509525
7.5894
7.628325
7.795025
7.8986
7.98415
8.07585
8.156225
8.358675
8.511125
8.560075
8.57065
8.73015
8.94595
8.972525
9.09825
9.23245
9.2649
9.340225
9.39055
9.6285
9.71505
9.884925
9.907625
158
