0.00365
0.3156
0.340525
0.408075
0.52235
0.537575
0.538275
0.5474
0.5564
0.6123
0.622675
0.623025
0.624375
0.6354
0.648225
0.651925
0.656275
0.6606
0.68605
0.708225
0.7225
0.73765
0.757125
0.757925
0.80535
0.854175
0.861725
0.870225
0.872
0.873
0.87795
0.884225
0.8891
0.8908
0.895175
0.92005
0.92405
0.933725
0.934275
0.997925
1.026625
1.0459
1.0485
1.050175
1.0742
1.085475
1.09465
1.13975
1.14175
1.1519
1.1608
1.1639
1.1703
1.201775
1.2553
1.256725
1.271
1.27175
1.273275
1.27475
1.28565
1.315625
1.347675
1.35915
1.36585
1.407375
1.48035
1.504675
1.565025
1.627375
1.644875
1.663625
1.677675
1.69205
1.75565
1.7751
1.852625
1.955875
1.972975
2.016825
2.044775
2.1033
2.1891
2.199125
2.2201
2.242725
2.266375
2.278625
2.347025
2.441025
2.474775
2.508225
2.53385
2.5424
2.587275
2.6076
2.613725
2.67035
2.6847
2.72885
2.7401
2.8471
2.875375
2.876625
2.914525
2.94985
2.99575
3.00305
3.122375
3.281975
3.3703
3.481
3.54685
3.547725
3.5702
3.575425
3.6097
3.7098
3.893725
3.962775
4.068
4.103825
4.162475
4.19805
4.21615
4.334775
4.337025
4.34845
4.352275
4.35385
4.3698
4.4599
4.8
4.811425
4.8271
4.8881
4.928325
4.951725
5.023675
5.0293
5.166825
5.21935
5.365525
5.36635
5.491975
5.502075
5.577225
5.668925
5.719725
5.871225
5.989525
6.108575
6.384725
6.448375
6.49135
6.498575
6.687625
6.706525
6.740425
7.02215
7.022925
7.2059
7.6024
7.620025
7.640225
7.661925
7.676325
7.70215
7.979475
8.577775
8.59285
8.608575
8.63715
8.678675
8.818275
8.8756
8.9614
9.229575
9.273225
9.327625
9.337425
9.42
9.431825
9.612475
9.69065
9.707175
9.758325
9.798725
9.9209
9.9645
190
