0.03265
0.03915
0.043725
0.237075
0.2949
0.37295
0.475575
0.5081
0.512475
0.52555
0.528725
0.530675
0.5337
0.539125
0.539175
0.5766
0.595225
0.608775
0.61615
0.620125
0.634225
0.636025
0.637375
0.6567
0.65955
0.662475
0.673125
0.679975
0.688675
0.690525
0.69185
0.701225
0.7173
0.718375
0.722325
0.733475
0.7477
0.7548
0.7554
0.766975
0.7785
0.8113
0.816
0.83095
0.861575
0.955175
0.96365
0.966075
0.9776
0.98815
0.9958
1.0567
1.0786
1.12065
1.13975
1.141475
1.156225
1.15675
1.162575
1.1855
1.214525
1.257925
1.270825
1.322025
1.332775
1.3499
1.354225
1.368625
1.3735
1.4402
1.44425
1.516975
1.622
1.864375
1.875525
1.87625
1.922175
2.01105
2.0421
2.1102
2.175225
2.190775
2.203025
2.29735
2.44075
2.4753
2.498625
2.551675
2.5694
2.6014
2.6259
2.6968
2.7574
2.76015
2.876225
2.9328
2.952475
2.9769
3.000575
3.127775
3.137025
3.1525
3.159675
3.2288
3.284175
3.2958
3.338425
3.393125
3.64215
3.6805
3.79535
3.810875
4.092225
4.11995
4.1754
4.1812
4.2433
4.39945
4.561175
4.615475
4.78215
4.831675
4.845925
4.905675
4.969475
5.042925
5.043125
5.091375
5.4388
5.69275
5.769275
5.83265
5.83575
6.022275
6.033125
6.0396
6.0414
6.164375
6.292425
6.402875
6.42835
6.446125
6.608925
6.742625
6.815725
6.989075
7.23065
7.4235
7.429125
7.435125
7.4816
7.624725
7.846825
7.862275
7.90115
7.945825
7.960275
8.024025
8.12425
8.134375
8.201025
8.2941
8.460325
8.48945
8.564675
8.61795
8.686925
8.725125
8.737825
8.884
9.174775
9.26905
9.318175
9.543075
9.97745
175
