0.018225
0.2448
0.47495
0.505075
0.510225
0.523475
0.524
0.535325
0.55595
0.579475
0.601175
0.638425
0.642125
0.64555
0.657425
0.677225
0.696675
0.711525
0.721425
0.723125
0.73325
0.75925
0.770775
0.78765
0.79215
0.793475
0.80635
0.814525
0.815275
0.820875
0.821275
0.826225
0.830825
0.8438
0.8505
0.851125
0.86935
0.8712
0.883575
0.890775
0.9264
0.93235
0.951975
0.98125
0.98805
1.018425
1.040775
1.065925
1.1221
1.134975
1.17185
1.21875
1.339425
1.42555
1.447475
1.62675
1.717525
1.782575
1.806325
1.84005
1.9365
1.9379
2.111875
2.11925
2.166025
2.19855
2.234925
2.23985
2.243175
2.250575
2.269275
2.289125
2.668
2.671325
2.676425
2.85425
2.8913
2.92495
3.002625
3.09585
3.198425
3.20165
3.26555
3.31265
3.406075
3.41065
3.456375
3.50585
3.622325
3.687925
3.7182
3.787575
3.85805
3.895625
3.932425
4.076475
4.1071
4.30175
4.379
4.384775
4.456575
4.479075
4.5486
4.6914
4.796175
4.83335
4.909825
5.144475
5.1662
5.2648
5.4762
5.50415
5.51585
5.67645
5.779525
5.825925
6.010575
6.01405
6.07225
6.125975
6.166725
6.23115
6.2448
6.26925
6.30505
6.545975
6.62935
6.6402
6.713225
6.78435
6.935675
7.09575
7.217125
7.2249
7.74425
7.754225
7.824125
7.83845
7.8917
7.957075
7.9692
8.12285
8.47515
8.593925
8.761825
8.82445
8.8782
9.07755
9.18845
9.6629
9.802425
9.872975
9.93835
9.97865
154
