0.100275
0.102925
0.2197
0.3722
0.5119
0.521025
0.538075
0.538325
0.543525
0.544825
0.5495
0.562125
0.565075
0.570725
0.574975
0.5915
0.59585
0.60295
0.605925
0.62035
0.638275
0.643575
0.647075
0.690375
0.70935
0.71835
0.7197
0.724375
0.728525
0.735125
0.744675
0.777
0.817875
0.834
0.83635
0.83795
0.848275
0.849525
0.862475
0.8741
0.88615
0.943725
0.9758
0.986
1.0657
1.075825
1.098
1.172875
1.175425
1.20175
1.20265
1.24055
1.2801
1.286825
1.288975
1.297325
1.3005
1.31785
1.401675
1.404475
1.41135
1.4399
1.445625
1.465325
1.5804
1.627825
1.658725
1.82325
1.861225
1.929975
1.968625
1.986625
2.044275
2.09385
2.189375
2.1962
2.214375
2.245275
2.28485
2.477
2.537975
2.6069
2.655
2.676275
2.70915
2.7225
2.80105
2.89625
2.96195
3.032375
3.076875
3.13255
3.196575
3.2223
3.260175
3.284325
3.30935
3.318625
3.7232
4.1974
4.21015
4.30525
4.4456
4.476875
4.544925
4.87545
4.954175
5.011025
5.148675
5.181775
5.1957
5.305475
5.53605
5.555725
5.55805
5.65785
5.8104
5.83665
5.8393
5.86705
5.8767
5.9148
6.11515
6.23775
6.286625
6.372625
6.446125
6.56945
6.57535
6.6396
6.654375
6.738525
6.879275
7.052175
7.1137
7.176125
7.1934
7.2337
7.447025
7.514375
7.596325
7.645425
7.742125
7.887375
8.46555
8.694175
8.70355
8.933525
9.0318
9.178525
9.1851
9.581975
9.766325
9.8231
9.876475
9.911775
156
