0.2369
0.274475
0.281575
0.4554
0.494225
0.51135
0.51745
0.5201
0.521225
0.55095
0.55425
0.570425
0.5751
0.5819
0.585075
0.5868
0.58805
0.60295
0.6041
0.610475
0.61415
0.6171
0.6226
0.65275
0.65665
0.670625
0.683775
0.691375
0.703725
0.76045
0.837575
0.858525
0.87435
0.9306
0.93995
0.9599
0.96775
0.979175
1.0048
1.008775
1.0306
1.0321
1.044825
1.070575
1.08975
1.21175
1.238575
1.271825
1.3545
1.40765
1.5114
1.56245
1.5675
1.58
1.592075
1.69255
1.753075
1.844275
1.867075
1.9139
1.948775
1.99835
2.133925
2.2272
2.26195
2.3286
2.39335
2.4035
2.453925
2.459125
2.589525
2.704125
2.77695
2.7818
2.9255
2.9376
2.968275
3.017225
3.0184
3.0414
3.14955
3.338125
3.41905
3.530025
3.693925
3.701325
3.711375
3.719775
3.7361
3.787475
3.8625
4.0281
4.07175
4.159075
4.1834
4.188475
4.213975
4.231825
4.56315
4.623625
4.6675
4.717575
4.748
4.781325
4.94465
5.008175
5.047675
5.108075
5.240175
5.3938
5.445775
5.593475
5.633
5.6597
5.79845
5.906875
6.197575
6.25625
6.272425
6.29095
6.2955
6.352275
6.48385
6.57175
6.595775
6.7699
6.9635
7.05135
7.317575
7.4524
7.92205
7.961175
8.11415
8.207275
8.2917
8.457025
8.500375
8.5304
8.55565
8.710825
8.77915
8.820475
8.924825
9.1129
9.14115
9.17865
9.246725
9.6921
9.797425
9.98735
150
