0.081625
0.238475
0.261875
0.501175
0.5036
0.506175
0.52525
0.526325
0.536125
0.555675
0.558175
0.588775
0.588975
0.5937
0.59665
0.606225
0.615925
0.645625
0.648875
0.660075
0.663875
0.696875
0.703425
0.70665
0.76025
0.7724
0.78055
0.783075
0.785325
0.791
0.804125
0.8042
0.86495
0.8783
0.891425
0.901775
0.914125
0.922825
0.978375
0.98875
0.988975
1.027825
1.06275
1.093025
1.16785
1.22135
1.2551
1.29775
1.323125
1.361075
1.420075
1.422675
1.4235
1.51055
1.620975
1.687975
1.70145
1.7793
1.8365
1.88125
1.913075
1.945925
1.98985
2.1097
2.19935
2.20325
2.206925
2.305275
2.327175
2.38395
2.430775
2.433175
2.542225
2.5823
2.59675
2.649475
2.696225
2.808675
2.854025
2.88225
3.020675
3.080775
3.151275
3.15495
3.20175
3.35135
3.351875
3.447775
3.61925
3.638825
3.7062
3.709525
3.741575
3.840375
3.8583
3.8957
3.904175
3.9374
3.95815
3.959175
3.9599
3.964825
4.01465
4.145225
4.1939
4.3418
4.4488
4.52745
4.5442
4.762575
4.8171
4.871075
4.88635
5.024225
5.3927
5.74925
5.79665
5.818875
5.90655
5.918125
6.12225
6.1757
6.2645
6.292325
6.408625
6.463775
6.53025
6.797425
6.843725
6.84565
6.8667
6.868275
7.177825
7.246575
7.391
7.436225
7.468625
7.890925
7.934125
7.978625
8.1113
8.464675
8.565825
8.58415
8.7841
8.8064
9.114975
9.229
9.4038
9.472
9.89665
9.9175
152
