0.062375
0.12225
0.422725
0.5064
0.507125
0.510375
0.52105
0.5491
0.559575
0.568225
0.60015
0.60815
0.60965
0.618425
0.63295
0.6376
0.65945
0.664925
0.6803
0.6825
0.69895
0.69925
0.732775
0.737925
0.750725
0.77745
0.8085
0.809725
0.826875
0.839025
0.850625
0.869175
0.872325
0.9006
0.91215
0.916825
0.9359
0.95595
0.969075
0.9772
0.978025
1.011625
1.031
1.03285
1.0715
1.103125
1.116725
1.14265
1.1525
1.1637
1.16955
1.169725
1.213325
1.227275
1.2337
1.277725
1.297325
1.38935
1.44635
1.4617
1.463375
1.523525
1.5452
1.599175
1.621875
1.6282
1.6545
1.7552
1.8507
1.86665
1.8735
1.89685
1.899725
1.925125
1.952025
2.11505
2.135225
2.18295
2.198425
2.2418
2.242725
2.256425
2.295475
2.31115
2.342675
2.34575
2.3561
2.439975
2.478775
2.50445
2.579525
2.6437
2.645625
2.6814
2.69705
2.9622
2.998525
3.0003
3.054525
3.1194
3.18465
3.19615
3.23625
3.258725
3.35335
3.378425
3.38015
3.40525
3.458825
3.46865
3.503475
3.7377
3.822225
3.8266
3.94275
4.015675
4.16945
4.207225
4.269575
4.317575
4.3331
4.3506
4.353225
4.3705
4.5624
4.592
4.614575
4.712575
4.910125
4.973875
5.01955
5.155575
5.272375
5.393475
5.4752
5.4772
5.6274
5.71985
5.734325
5.75735
5.759625
5.8803
5.888125
6.142325
6.2347
6.324475
6.384225
6.594575
6.8108
6.9043
7.070975
7.20195
7.2464
7.3317
7.49535
7.727875
7.752175
7.800875
7.873575
8.02015
8.102
8.2496
8.323625
8.364375
8.399625
8.411425
8.5502
8.6466
8.66275
8.735875
8.8776
9.451125
9.502925
9.513825
9.523025
9.5557
9.935075
9.9502
178
