0.173725
0.34775
0.4886
0.51785
0.5183
0.51945
0.525775
0.526675
0.542
0.5429
0.55995
0.569725
0.58655
0.593225
0.593575
0.59475
0.600775
0.609325
0.61635
0.624
0.65845
0.66235
0.664675
0.670225
0.700525
0.70385
0.714875
0.7819
0.78375
0.7927
0.800675
0.82755
0.829275
0.837125
0.840675
0.855375
0.883975
0.9313
0.94035
0.9551
0.975475
0.9814
0.98805
0.99125
1.0204
1.0323
1.03705
1.085525
1.1258
1.229425
1.235675
1.349725
1.393225
1.4195
1.432875
1.473825
1.48375
1.502625
1.518325
1.534975
1.535875
1.536275
1.5402
1.622525
1.713675
1.7286
1.7374
1.743425
1.759675
1.76215
1.792975
1.799225
1.82375
1.889225
1.996325
2.001525
2.0678
2.07535
2.210375
2.220525
2.245675
2.273975
2.34715
2.417775
2.42655
2.4508
2.466975
2.514525
2.578525
2.623175
2.663225
2.745525
2.777675
2.805925
2.806225
2.860025
2.88645
2.97705
2.986475
2.988175
3.135375
3.138925
3.363
3.392675
3.516125
3.559525
3.593975
3.7388
3.74185
3.74655
3.834025
3.9838
4.038925
4.105625
4.193225
4.227075
4.470725
4.5216
4.55345
4.5593
4.7271
4.885575
5.131575
5.14795
5.260625
5.503425
5.516275
5.563875
5.6096
5.654625
5.659
5.6822
5.886975
5.926975
5.981125
5.988975
6.131025
6.3303
6.3323
6.501075
6.506725
6.602925
6.699075
6.8168
7.0028
7.0246
7.169875
7.2256
7.4896
7.515225
7.54955
7.569025
7.578075
7.64305
7.690375
7.710025
7.882475
7.921025
8.174825
8.214925
8.231475
8.2754
8.29515
8.60575
9.190125
9.3122
9.38355
9.6159
9.79105
169
