0.2889
0.48725
0.49355
0.50955
0.5365
0.536925
0.5425
0.545625
0.548
0.548125
0.55295
0.568125
0.569525
0.594125
0.61935
0.62365
0.628675
0.63745
0.673425
0.686225
0.697175
0.71465
0.73415
0.7439
0.75135
0.753125
0.76225
0.765525
0.7672
0.79955
0.8243
0.834975
0.840925
0.8642
0.86885
0.973175
0.9756
1.01395
1.014175
1.0303
1.049975
1.12995
1.151575
1.1577
1.1621
1.175275
1.20095
1.2092
1.2929
1.30315
1.314975
1.3463
1.36125
1.453575
1.4549
1.486325
1.543775
1.577625
1.618225
1.671425
1.734575
1.749325
1.819175
1.87025
1.950425
1.99525
1.9968
2.042125
2.078825
2.270225
2.36175
2.442725
2.460725
2.53415
2.661325
2.729875
2.748375
2.875425
2.8882
2.963725
3.031525
3.06615
3.101925
3.202725
3.2128
3.220925
3.320725
3.499275
3.750225
3.79435
3.99155
4.0062
4.065
4.072325
4.15105
4.306975
4.38195
4.383525
4.400625
4.459875
4.506175
4.5243
4.834725
4.843925
5.1682
5.18275
5.25215
5.438475
5.439075
5.65465
5.792125
5.83845
5.947825
6.0488
6.0589
6.13655
6.16655
6.294525
6.65035
6.6563
6.6702
6.8396
7.53335
7.6507
8.045525
8.3784
8.50085
8.620225
8.650525
8.926025
8.93405
9.09275
9.10495
9.724075
9.742325
9.7803
9.806125
9.89355
138
