0.021475
0.11565
0.31385
0.433125
0.43815
0.457075
0.475075
0.502525
0.512725
0.516475
0.531725
0.544875
0.57565
0.604
0.6227
0.634175
0.638725
0.641925
0.660325
0.662575
0.664525
0.67365
0.69005
0.69145
0.69275
0.70415
0.718625
0.73705
0.753925
0.777325
0.782675
0.81905
0.84455
0.920025
0.928125
0.9316
0.935025
0.94535
0.954925
0.961225
0.969375
0.97165
0.979175
0.9828
1.022375
1.034775
1.0561
1.1094
1.110875
1.11285
1.124175
1.131675
1.132225
1.132325
1.1439
1.1509
1.166925
1.1737
1.185875
1.2617
1.269875
1.281125
1.3016
1.30365
1.3727
1.3775
1.4381
1.494875
1.5906
1.66705
1.669425
1.675375
1.762975
1.796725
1.805425
1.8576
1.8784
1.913275
1.9466
2.1875
2.323025
2.33625
2.375125
2.39255
2.406025
2.410125
2.445775
2.576025
2.750875
2.786375
2.82535
2.84915
2.904375
2.9674
3.0619
3.097725
3.10775
3.2542
3.283725
3.303775
3.321025
3.3397
3.643725
3.7204
3.72865
3.7684
3.79615
3.979125
4.04465
4.207175
4.209825
4.26
4.4673
4.5049
4.5124
4.543175
4.586225
4.679975
4.796475
4.843075
4.862075
4.928575
5.008925
5.20775
5.234525
5.2605
5.285525
5.304525
5.428975
5.5162
5.581525
5.613625
5.64795
5.73005
5.78615
5.799475
5.99635
6.066725
6.237475
6.342775
6.3569
6.49305
6.50455
6.519525
6.659875
6.6599
6.788125
6.802
6.822625
6.867525
6.975975
7.3399
7.3485
7.360575
7.46905
7.485675
7.802
7.845975
8.005925
8.075225
8.22275
8.396875
8.434025
8.701
9.212
9.52695
9.712325
9.731375
9.805575
9.9747
170
