0.0812
0.26445
0.4444
0.447925
0.5006
0.50785
0.50885
0.51655
0.5263
0.527175
0.544425
0.547775
0.550525
0.551375
0.553525
0.556
0.558175
0.56835
0.5791
0.58065
0.581425
0.583325
0.585725
0.593
0.593225
0.59815
0.601575
0.6461
0.6619
0.669425
0.683
0.756375
0.760475
0.790225
0.832875
0.86905
0.887675
0.9074
0.9079
0.92415
0.92465
0.95845
0.966375
1.03545
1.04145
1.079375
1.100225
1.1069
1.110725
1.13675
1.158875
1.172725
1.206725
1.2244
1.22465
1.225625
1.2928
1.32595
1.34675
1.3551
1.397825
1.426525
1.5937
1.636075
1.662625
1.69495
1.739775
1.753475
1.8707
1.956275
2.024375
2.056375
2.1221
2.134875
2.147675
2.16255
2.166825
2.201925
2.2689
2.3578
2.410325
2.4746
2.558625
2.638525
2.6712
2.71125
2.74185
2.9215
2.960975
3.058525
3.192675
3.218675
3.2299
3.392975
3.4105
3.448925
3.536025
3.61285
3.6697
3.683625
3.7475
4.10195
4.197675
4.235625
4.2476
4.248275
4.522675
4.531125
4.561025
4.87695
4.9192
4.941
4.973675
5.03605
5.1872
5.19475
5.386375
5.5784
5.643
6.036975
6.1343
6.15805
6.22415
6.5506
6.604475
6.763125
6.833075
6.9287
7.013525
7.06475
7.07185
7.12985
7.149225
7.294125
7.354825
7.399025
7.441225
7.444425
7.642325
7.6557
7.7529
7.75885
7.887975
8.025675
8.2499
8.356475
8.4606
8.4862
8.495475
8.792275
8.840625
8.957525
9.08315
9.118025
9.15035
9.216875
9.4002
9.4074
9.652075
9.740175
9.81675
161
