0.215175
0.3924
0.4445
0.501675
0.50205
0.5037
0.507125
0.515975
0.53555
0.545175
0.55225
0.5527
0.558275
0.5628
0.5743
0.5835
0.61065
0.614275
0.614325
0.6159
0.618625
0.62865
0.6301
0.6326
0.6439
0.6448
0.6453
0.64655
0.648075
0.6583
0.658775
0.661325
0.66545
0.670575
0.681075
0.69665
0.71425
0.721925
0.743325
0.7533
0.7627
0.774275
0.77995
0.78515
0.786775
0.78875
0.804225
0.81485
0.8157
0.839975
0.841375
0.841575
0.854325
0.8974
0.936275
0.9658
0.9886
1.0002
1.005125
1.086325
1.0913
1.1319
1.18545
1.210425
1.224475
1.2541
1.3053
1.36325
1.369175
1.38305
1.38795
1.393625
1.408575
1.45165
1.492375
1.529125
1.5294
1.598225
1.635525
1.678875
1.7144
1.74365
1.7652
1.941825
1.992825
2.05105
2.080525
2.082575
2.1303
2.17085
2.177375
2.320825
2.39135
2.400775
2.48005
2.481375
2.496825
2.500175
2.552
2.654
2.689775
2.7061
2.7145
2.741425
2.748675
2.77135
2.8084
3.015525
3.03265
3.0553
3.0678
3.080875
3.118075
3.34205
3.36285
3.414875
3.55595
3.65705
3.72805
3.8342
3.83565
3.8489
3.866425
3.90875
4.000325
4.059825
4.10045
4.177025
4.37915
4.385075
4.421925
4.433425
4.4623
4.559425
4.59955
4.6378
4.755675
4.76215
4.76575
4.809925
4.9374
5.09575
5.171475
5.28495
5.592775
5.61805
5.70555
5.79925
5.893225
5.998325
6.13795
6.183825
6.4082
6.482425
6.5086
6.744675
6.79815
7.4911
7.8068
7.860075
7.891975
7.985325
8.608775
8.668875
8.84425
8.8662
8.88995
8.937
9.154175
9.296625
9.379125
9.837175
9.9733
173
