0.03415
0.2968
0.423575
0.439675
0.450575
0.47515
0.50065
0.5112
0.5224
0.524825
0.53285
0.551425
0.554175
0.568025
0.57985
0.586775
0.62135
0.625325
0.636575
0.651725
0.657
0.663025
0.670975
0.7022
0.704425
0.709325
0.72875
0.7425
0.743775
0.751325
0.7641
0.79005
0.807825
0.819325
0.8515
0.857575
0.870125
0.8858
0.942475
0.949975
0.980875
1.01435
1.03745
1.057175
1.060025
1.07285
1.0882
1.1852
1.22645
1.322775
1.376125
1.380175
1.40325
1.45145
1.458775
1.47655
1.497775
1.501825
1.518825
1.570925
1.57215
1.589575
1.61855
1.623325
1.6781
1.70915
1.85695
1.85875
1.996925
2.029325
2.034925
2.0351
2.0717
2.159475
2.2162
2.2588
2.264475
2.278075
2.286275
2.30055
2.33145
2.34165
2.3833
2.3867
2.454075
2.478575
2.4985
2.5541
2.56165
2.592525
2.623925
2.959775
3.082625
3.158375
3.171525
3.184375
3.1905
3.31625
3.31795
3.355175
3.399525
3.462125
3.5478
3.62755
3.8454
3.865825
3.9213
4.02025
4.04215
4.05475
4.15445
4.194825
4.296975
4.4364
4.445975
4.4486
4.4831
4.500725
4.51505
4.53675
4.6003
4.68865
4.734925
4.768525
4.9721
5.1185
5.2094
5.322025
5.337525
5.461
5.536525
5.603925
5.752925
5.7676
5.811725
6.057575
6.06515
6.2621
6.40285
6.456175
7.194575
7.255525
7.410725
7.48145
7.515225
7.617675
7.668675
7.7794
7.846775
8.046225
8.11955
8.133425
8.289
8.300275
8.31245
8.3675
8.404325
8.622125
8.671175
8.762925
8.944125
8.9806
9.034675
9.44205
9.492075
9.5265
9.54975
9.788375
9.874225
169
