0.0067
0.1961
0.445425
0.506125
0.508275
0.524425
0.532575
0.5418
0.5431
0.55755
0.574875
0.583475
0.58405
0.61135
0.626275
0.640175
0.665375
0.6858
0.68845
0.695375
0.69875
0.7014
0.7025
0.73415
0.73655
0.746025
0.753175
0.755525
0.82685
0.8424
0.937125
0.9767
1.0719
1.080075
1.090075
1.095175
1.127225
1.148
1.1523
1.177625
1.199275
1.205025
1.20995
1.22545
1.288025
1.3471
1.38935
1.39005
1.397025
1.47765
1.535975
1.6507
1.9492
1.955775
2.03765
2.04475
2.054125
2.140375
2.193725
2.216225
2.24545
2.3353
2.3886
2.435775
2.49525
2.5021
2.572225
2.603975
2.68395
2.737525
2.8941
2.89615
2.920825
2.958875
2.96765
2.9793
3.010825
3.0559
3.0897
3.116375
3.139475
3.17125
3.20515
3.211875
3.406825
3.4246
3.4631
3.53265
3.588175
3.69805
3.739325
3.927975
3.948225
4.218275
4.33495
4.659325
4.7455
4.748875
4.75435
4.943
4.9976
5.12495
5.146925
5.17875
5.301525
5.36155
5.658075
5.848675
5.852125
5.911425
6.071375
6.15745
6.17515
6.28035
6.315975
6.316625
6.358425
6.397175
6.421425
6.47115
6.56755
6.831425
7.07885
7.14385
7.1534
7.185475
7.193025
7.268525
7.36995
7.527625
7.56745
7.696075
7.7224
7.80605
7.9186
7.9871
8.15665
8.836975
8.926725
9.02685
9.029125
9.156675
9.1628
9.181925
9.21625
9.613575
9.794525
147
