0.1346
0.2047
0.287775
0.507225
0.528975
0.53055
0.54145
0.548525
0.554725
0.568425
0.569575
0.5873
0.58885
0.6089
0.61515
0.626
0.6321
0.635575
0.643875
0.651325
0.678825
0.727275
0.7522
0.757325
0.76125
0.765425
0.7711
0.78215
0.806425
0.822525
0.82485
0.83335
0.851775
0.872125
0.8741
0.896125
0.947675
0.987025
1.00245
1.043125
1.10365
1.109525
1.14255
1.1932
1.2103
1.21355
1.229425
1.2319
1.2368
1.255725
1.26405
1.28115
1.284625
1.291875
1.294525
1.2992
1.30995
1.344525
1.38075
1.380875
1.38255
1.39885
1.4066
1.444525
1.449625
1.45505
1.510075
1.51015
1.61515
1.63405
1.7152
1.7165
1.8055
1.878775
1.8857
2.043825
2.0538
2.054675
2.0656
2.127475
2.157875
2.178075
2.28005
2.358275
2.36125
2.389575
2.41715
2.475225
2.50635
2.5466
2.56165
2.608
2.6256
2.671575
2.70945
2.746325
2.756725
2.7822
2.936625
2.9427
2.961825
3.04575
3.088175
3.260725
3.307675
3.554425
3.668725
3.803175
3.8123
3.895275
4.000275
4.01905
4.057625
4.081675
4.128025
4.195475
4.2806
4.5994
4.60275
4.62515
4.83785
4.886825
4.999775
5.14825
5.184275
5.350625
5.3618
5.529825
5.621725
5.703625
5.8133
6.08645
6.116325
6.262775
6.269875
6.405575
6.5594
6.66815
7.190675
7.272025
7.42685
7.4298
7.77105
7.83
7.849575
7.850575
7.922175
7.9274
8.116675
8.1718
8.2028
8.247825
8.2965
8.30465
8.316875
8.451425
8.563975
8.820825
9.16235
9.18025
9.381425
9.506275
9.6406
9.87165
164
