0.16
0.375325
0.40205
0.5104
0.52375
0.524575
0.526275
0.5377
0.5452
0.55165
0.563425
0.571925
0.574375
0.580775
0.5867
0.601375
0.60165
0.603825
0.6048
0.614125
0.621925
0.646325
0.650325
0.677625
0.682425
0.6923
0.748175
0.75575
0.75605
0.76205
0.76665
0.77065
0.78145
0.783
0.787675
0.842275
0.84325
0.856075
0.87825
0.907975
0.922025
0.946625
0.975875
0.98235
0.98435
1.0056
1.04165
1.142675
1.14445
1.1609
1.216825
1.221
1.265325
1.29405
1.323
1.32875
1.376475
1.4044
1.414025
1.4535
1.50945
1.58975
1.624275
1.657925
1.67465
1.72815
1.764725
1.808325
1.969475
1.9832
2.003825
2.016275
2.0313
2.1637
2.21775
2.235175
2.2687
2.283525
2.294075
2.331
2.490175
2.68655
2.71945
2.851425
2.8742
2.9977
3.021775
3.32525
3.339575
3.40945
3.419125
3.670575
3.7206
3.725425
3.79725
3.838275
3.8839
3.970175
4.003575
4.01225
4.0334
4.056525
4.074075
4.141825
4.2286
4.24435
4.264925
4.3067
4.321075
4.392025
4.4383
4.460125
4.618275
4.7511
4.773225
4.910275
5.028975
5.337675
5.358075
5.7696
5.97605
5.98015
6.11685
6.178025
6.375325
6.703125
6.72345
6.77995
6.839375
7.035275
7.169125
7.2224
7.25615
7.4618
7.75895
7.780325
8.0029
8.13295
8.17125
8.3731
8.5172
8.57755
8.76875
8.792125
8.82955
8.852125
8.9803
9.46675
9.5725
9.5788
9.8039
9.8729
9.923725
9.964075
9.966725
155
