0.1419
0.178025
0.3492
0.5
0.507825
0.51225
0.51255
0.52095
0.521475
0.538
0.56005
0.561625
0.573125
0.5798
0.5858
0.586075
0.589625
0.615075
0.6323
0.64535
0.669575
0.679175
0.7049
0.718875
0.74025
0.76435
0.7684
0.783825
0.81195
0.8185
0.851025
0.871525
0.872775
0.915425
0.92565
0.9363
0.94005
0.953325
0.973475
1.00165
1.008925
1.0137
1.016
1.02375
1.036975
1.045225
1.083375
1.0863
1.11155
1.118375
1.135725
1.14705
1.15095
1.1578
1.15935
1.18535
1.2079
1.208075
1.247475
1.2782
1.28155
1.28875
1.29015
1.3141
1.3636
1.40135
1.47925
1.502825
1.5158
1.522725
1.694425
1.766175
1.850325
1.944275
1.974075
2.004675
2.0154
2.020575
2.226025
2.226675
2.24675
2.253625
2.454775
2.638325
2.668975
2.73525
2.815525
3.0161
3.1143
3.15705
3.2653
3.29775
3.354775
3.373
3.3744
3.375375
3.392275
3.398275
3.444925
3.4675
3.587675
3.683125
3.7175
3.799075
3.81975
3.8572
3.88395
4.0146
4.182625
4.265725
4.32735
4.338075
4.493075
4.6471
4.681225
4.702725
4.908175
5.036575
5.0828
5.133775
5.26275
5.3016
5.32135
5.434775
5.5852
5.60375
5.808425
5.851575
5.91075
5.91735
5.9276
6.15285
6.200625
6.208825
6.379475
6.403275
6.40525
6.4413
6.47215
6.476425
6.492325
6.53685
6.60785
6.72005
6.776975
6.984675
6.99885
7.0873
7.41655
7.4408
7.49925
7.7098
7.87295
7.887225
7.917225
7.923625
8.173675
8.369425
8.402575
8.406575
8.4425
8.483225
8.6017
8.602275
8.772125
9.0408
9.1343
9.177075
9.19305
9.22195
9.27615
9.3039
9.42955
9.46015
9.4632
9.5697
9.75535
9.836925
178
