0.20385
0.242
0.50115
0.512325
0.5145
0.522675
0.54375
0.5477
0.560375
0.562825
0.5642
0.566225
0.569125
0.5792
0.593075
0.597775
0.59915
0.60295
0.603225
0.61785
0.64535
0.6472
0.647825
0.659725
0.668875
0.6862
0.691525
0.692175
0.702025
0.705
0.72915
0.734325
0.734825
0.85735
0.857875
0.85805
0.874125
0.8806
0.88135
0.939525
0.982325
0.9876
1.0136
1.01695
1.053825
1.073225
1.088525
1.14005
1.144225
1.162925
1.248
1.25255
1.269925
1.280225
1.323175
1.334025
1.3577
1.38785
1.492975
1.5097
1.524675
1.6011
1.61705
1.7214
1.7243
1.875875
1.912975
1.99655
2.0022
2.087375
2.159275
2.294325
2.363025
2.373875
2.50505
2.6951
2.714225
2.717625
2.771
2.930175
2.9652
2.97125
3.05145
3.079975
3.09425
3.3282
3.505775
3.5377
3.5393
3.594025
3.640475
3.797175
3.87615
3.9783
4.017
4.04615
4.047475
4.077575
4.191575
4.213675
4.236875
4.299275
4.4581
4.4941
4.514275
4.55315
4.58005
4.64285
4.719775
4.91445
4.96145
4.9679
5.046475
5.125475
5.18515
5.222425
5.3329
5.40485
5.941925
6.079025
6.148425
6.172125
6.197525
6.390525
6.4358
6.462925
6.498
6.6892
6.7178
6.812125
7.0665
7.18235
7.230275
7.29555
7.3836
7.45315
7.8089
7.8421
7.87045
8.220125
8.320825
8.449625
8.541475
8.815575
8.827725
8.84735
8.9799
9.02965
9.441775
9.994
150
