0.13695
0.28645
0.416625
0.4383
0.513575
0.51545
0.523575
0.527575
0.538625
0.53915
0.5597
0.562125
0.576225
0.5794
0.58435
0.5941
0.600575
0.6117
0.61765
0.63225
0.638
0.650675
0.652575
0.66445
0.6666
0.6683
0.688875
0.7152
0.71805
0.73525
0.73965
0.757725
0.81985
0.82175
0.83685
0.842125
0.85315
0.87725
0.879525
0.898875
0.90575
0.908025
0.93095
0.933925
1.008
1.03925
1.0512
1.0559
1.057275
1.06215
1.082075
1.09605
1.09615
1.138275
1.151675
1.159975
1.1717
1.224775
1.225525
1.257625
1.29175
1.294325
1.32515
1.3526
1.3931
1.428975
1.457475
1.46235
1.462725
1.529975
1.698875
1.743025
1.826625
1.897
1.98605
1.995325
1.9968
2.037075
2.128675
2.26435
2.283325
2.304225
2.51675
2.525675
2.5347
2.552925
2.579425
2.6131
2.7523
2.819975
2.842
2.91655
2.97765
3.115225
3.12175
3.128575
3.387425
3.40365
3.455175
3.47805
3.482325
3.590775
3.622925
3.714175
3.7204
3.7815
3.934075
3.948375
3.96815
4.008375
4.025725
4.062725
4.172025
4.209225
4.274575
4.404175
4.564925
4.619475
4.6625
4.713975
4.76915
4.83675
4.8866
5.328825
5.35375
5.545775
5.595025
5.62745
5.719275
5.75545
5.75635
5.7741
5.86505
5.963925
6.006025
6.15695
6.16535
6.179475
6.3378
6.442325
6.60995
6.84045
7.03285
7.123275
7.133975
7.1536
7.159725
7.34715
7.454075
7.473075
7.51005
7.54745
7.574975
7.751325
7.885525
7.98775
8.047725
8.056
8.1367
8.186025
8.18805
8.485275
8.731325
8.837575
9.01875
9.06815
9.128925
9.138225
9.157175
9.3566
9.38455
9.4701
9.704
9.953175
174
