0.0333
0.141075
0.23365
0.305275
0.491275
0.5002
0.507375
0.5133
0.51855
0.5247
0.52975
0.533575
0.534725
0.550025
0.550925
0.554725
0.556125
0.5871
0.592525
0.598625
0.63445
0.6421
0.6618
0.67
0.672
0.676425
0.684475
0.692975
0.7062
0.708125
0.7243
0.728375
0.743425
0.75635
0.7614
0.768375
0.76885
0.772175
0.7867
0.8073
0.856875
0.9206
0.9207
0.931675
0.9608
1.084
1.0929
1.1653
1.2425
1.243525
1.259025
1.262125
1.2708
1.282675
1.3113
1.3172
1.353925
1.3676
1.371575
1.37705
1.3838
1.40665
1.41485
1.485925
1.4935
1.56245
1.59165
1.693825
1.7099
1.7301
1.7495
1.781925
1.79275
1.8181
1.831425
1.919025
1.98455
2.019775
2.060425
2.076525
2.1036
2.16125
2.161575
2.2316
2.242875
2.359825
2.407425
2.421
2.45545
2.548825
2.5688
2.58245
2.69735
2.7375
2.745
2.746675
2.774325
2.78285
2.79255
2.82915
3.001675
3.016025
3.0693
3.180475
3.2216
3.28505
3.300075
3.364425
3.480775
3.6045
3.693775
3.752525
3.795875
3.99285
4.05535
4.12345
4.1417
4.19005
4.191525
4.297875
4.357375
4.359075
4.367075
4.417675
4.475075
4.506325
4.823875
4.850625
4.86575
4.936275
4.939375
4.944725
4.972525
5.050825
5.1326
5.14275
5.263625
5.26935
5.277825
5.295275
5.318125
5.39255
5.575525
5.69275
5.79975
5.969625
6.053525
6.0907
6.123625
6.256725
6.5478
6.61085
6.71055
7.022875
7.02645
7.053675
7.304425
7.378125
7.568875
7.5713
7.722625
7.7736
7.7801
7.92055
8.12875
8.29805
8.450275
8.50625
8.65045
8.719725
8.723475
8.946175
9.037675
9.0404
9.135275
9.475625
9.50175
9.684775
9.878325
9.951575
9.95865
9.963325
9.9699
183
