0.302825
0.45835
0.482175
0.5069
0.51535
0.517125
0.52175
0.524675
0.54485
0.5453
0.549425
0.5557
0.57315
0.577275
0.58815
0.59
0.599625
0.6241
0.646
0.6983
0.698475
0.6999
0.704125
0.746425
0.760575
0.76705
0.786325
0.798075
0.822175
0.840225
0.8424
0.84445
0.850075
0.942825
0.949225
0.96335
0.989025
1.007625
1.0098
1.0343
1.04855
1.076075
1.09035
1.119
1.12585
1.1442
1.144575
1.149575
1.161575
1.206075
1.206425
1.21625
1.2292
1.282975
1.292325
1.362975
1.406225
1.449075
1.4547
1.45695
1.48755
1.516225
1.610625
1.639825
1.7166
1.727525
1.7412
1.743375
1.8246
1.905425
2.129625
2.2201
2.24165
2.338775
2.350375
2.409275
2.4318
2.469025
2.46915
2.604225
2.848125
2.953525
2.9827
2.98395
3.10225
3.11795
3.118575
3.17595
3.20965
3.272575
3.350325
3.3991
3.41925
3.457375
3.46685
3.511425
3.599
3.606
3.647075
3.6939
3.7156
3.73735
3.754125
3.783375
3.913575
3.9613
4.009575
4.07975
4.2002
4.544975
4.622075
4.6462
4.764475
4.796825
4.862875
5.115825
5.228575
5.33775
5.37615
5.496575
5.55315
5.5931
5.72805
5.73725
5.8206
5.9259
6.186425
6.338225
6.341325
6.40445
6.421875
6.604975
6.83895
6.86615
6.888975
6.910025
6.985575
7.0676
7.30255
7.318375
7.381675
7.451625
7.464525
7.629225
7.6334
7.7494
8.186925
8.461675
8.5588
8.68135
9.039875
9.337575
9.39225
9.433425
9.510125
9.71975
156
