0.160925
0.2165
0.275675
0.295025
0.50585
0.51135
0.51885
0.5265
0.5519
0.5725
0.582125
0.58975
0.613625
0.6169
0.6183
0.63085
0.65225
0.659625
0.67615
0.677
0.682575
0.70385
0.7066
0.713325
0.73275
0.754925
0.75945
0.77385
0.7815
0.805775
0.827325
0.834925
0.855325
0.859775
0.863575
0.8951
0.905525
0.932675
0.9493
1.000225
1.009825
1.02505
1.036875
1.0423
1.042525
1.054625
1.067375
1.136525
1.192525
1.211575
1.2473
1.2595
1.26895
1.2784
1.31835
1.375225
1.385475
1.4776
1.492675
1.5034
1.5341
1.5577
1.560525
1.565875
1.6693
1.69655
1.772475
1.7915
1.825375
1.845425
1.912275
2.0431
2.060675
2.43555
2.4715
2.49
2.5111
2.539175
2.5647
2.648375
2.70895
3.03795
3.11845
3.121075
3.1212
3.13275
3.240725
3.2876
3.33315
3.639875
3.6955
3.910175
3.94555
3.955425
3.98165
4.306525
4.370675
4.3828
4.4275
4.5405
4.832975
4.837275
4.87375
4.904425
5.135775
5.160925
5.200975
5.270375
5.348275
5.40635
5.6132
5.761325
5.80765
5.931625
5.998375
5.999075
6.256275
6.324725
6.334575
6.41745
6.724275
6.73725
6.76405
6.787125
6.87505
6.895925
6.929275
7.0397
7.260925
7.3751
7.38325
7.498125
7.5625
7.9196
7.94225
7.96685
8.2158
8.25095
8.563975
9.14985
9.221825
9.323475
9.751
9.8506
9.86565
145
