0.236625
0.28935
0.36715
0.5047
0.50845
0.509
0.5169
0.51875
0.5205
0.5465
0.549375
0.5581
0.562825
0.589175
0.5899
0.5979
0.617975
0.651575
0.65195
0.6562
0.6846
0.703425
0.741525
0.742675
0.746125
0.75325
0.759025
0.8102
0.814925
0.820475
0.910975
0.927625
0.9547
0.962625
0.9832
0.993025
1.00855
1.030175
1.144425
1.16175
1.253425
1.2675
1.30795
1.319675
1.368675
1.386375
1.435875
1.47755
1.567475
1.60095
1.606375
1.6087
1.6764
1.732125
1.817775
1.885825
1.890675
1.974075
1.982525
1.992925
2.037275
2.03825
2.052025
2.095
2.169975
2.174525
2.279975
2.341275
2.40075
2.428825
2.4379
2.455675
2.4868
2.499875
2.675575
2.737875
2.760225
2.790725
2.8233
2.893275
2.916175
2.931675
2.97785
2.9894
2.999525
3.1191
3.171975
3.20515
3.308275
3.42695
3.617
3.6574
4.07885
4.3752
4.71835
4.76825
4.8529
4.933475
4.958175
4.9941
5.0132
5.089425
5.094625
5.1867
5.23815
5.397575
5.40235
5.41795
5.455675
5.52325
5.656
5.742375
5.75145
5.849275
5.916225
5.9673
6.008875
6.05745
6.1344
6.249175
6.533925
6.539625
6.642575
6.9954
7.09955
7.1037
7.142875
7.184825
7.343125
7.3527
7.4053
7.6507
7.815925
7.8365
7.864475
7.981375
8.026075
8.045175
8.08175
8.11075
8.276825
8.412375
8.525325
8.6442
8.657
8.879875
9.30615
9.69095
9.797225
9.869925
150
