0.0071
0.0083
0.16345
0.238575
0.5028
0.5041
0.504575
0.505575
0.508125
0.5135
0.53095
0.53915
0.546775
0.548625
0.550325
0.560225
0.56345
0.570825
0.578725
0.60905
0.6205
0.621275
0.630175
0.643025
0.646925
0.64765
0.64985
0.6581
0.659875
0.674575
0.6982
0.702525
0.712975
0.716375
0.72175
0.723075
0.76785
0.8024
0.80535
0.81205
0.821025
0.849625
0.852075
0.87875
0.88215
0.88435
0.885325
0.949175
0.97415
1.00295
1.005575
1.123275
1.13205
1.13595
1.14935
1.1842
1.18605
1.1906
1.25805
1.321275
1.32355
1.368225
1.424825
1.43505
1.467725
1.477525
1.515075
1.53125
1.81875
1.8484
1.900175
1.93655
1.955875
2.000075
2.0214
2.06425
2.089925
2.18725
2.188575
2.233475
2.24685
2.247375
2.26285
2.2857
2.59955
2.604725
2.6604
2.709325
2.799375
2.833925
2.882775
2.89565
3.073475
3.20455
3.20825
3.2462
3.2532
3.259925
3.305875
3.37595
3.401625
3.556875
3.5651
3.7887
3.826575
3.8699
3.94295
3.94395
3.95055
3.95895
4.0222
4.023375
4.031875
4.06755
4.16365
4.362425
4.45715
4.539475
4.619325
4.67415
4.771325
4.81795
4.825125
4.966625
5.09175
5.115325
5.1536
5.2922
5.3452
5.619675
5.689325
5.718975
5.733975
5.903275
6.0883
6.10095
6.122375
6.12755
6.16175
6.2427
6.584175
6.77685
6.808125
6.841175
6.842675
7.0829
7.088925
7.1022
7.2073
7.480675
7.51245
7.553025
7.56585
7.609975
7.66525
7.8069
7.8557
8.0364
8.122775
8.18685
8.2989
8.5828
8.783875
8.7867
9.174925
9.2659
9.30305
9.356
9.520875
9.561875
9.648925
9.7041
9.90665
9.935775
9.948475
175
