0.503525
0.509875
0.521075
0.52935
0.536425
0.539625
0.54085
0.543475
0.564675
0.571625
0.576475
0.5791
0.58675
0.616975
0.619225
0.6365
0.64245
0.644225
0.64985
0.651025
0.65445
0.6636
0.738775
0.743625
0.76245
0.80535
0.810525
0.813825
0.8157
0.823275
0.87185
0.872825
0.87625
0.888475
0.899775
0.928925
0.94335
0.94375
1.00175
1.0158
1.0371
1.055475
1.0858
1.091725
1.097975
1.10435
1.175525
1.1764
1.186575
1.21115
1.213475
1.237675
1.2568
1.259925
1.3238
1.3343
1.43365
1.436325
1.4677
1.52595
1.54885
1.61125
1.7039
1.768675
1.7813
1.845975
1.85285
1.871825
1.8905
1.927475
2.0737
2.093925
2.128275
2.1461
2.14955
2.198625
2.2198
2.305325
2.364025
2.370475
2.4321
2.438675
2.618625
2.61895
2.622325
2.635575
2.64075
2.650875
2.7287
2.753975
2.831275
2.850775
3.04175
3.1146
3.160375
3.2135
3.23205
3.28255
3.410475
3.418175
3.499275
3.554475
3.711425
3.8117
3.844625
3.888675
3.929125
4.061475
4.10555
4.239375
4.45675
4.668675
4.760575
4.825275
5.08225
5.134125
5.2212
5.6689
5.7089
5.739425
5.788775
5.7984
5.8707
5.88075
5.8858
5.990125
6.066425
6.282625
6.581225
6.63025
6.6943
6.7197
6.735725
6.7511
6.919175
7.11895
7.16825
7.1734
7.280275
7.41355
7.6675
7.896325
8.139425
8.4689
8.52415
8.608675
8.624775
8.699675
8.84425
8.940175
9.0832
9.179925
9.325925
9.709225
9.72485
9.767775
156
