0.01225
0.057125
0.26285
0.509425
0.511375
0.52635
0.540625
0.551275
0.555725
0.563325
0.569175
0.570025
0.575375
0.5788
0.579425
0.589375
0.5906
0.612475
0.629825
0.634925
0.640375
0.6645
0.6901
0.7009
0.7433
0.74545
0.74845
0.751825
0.754825
0.7601
0.774675
0.8323
0.876425
0.8894
0.89515
0.8988
0.9094
0.9141
0.962675
0.981125
0.981675
0.981825
1.005575
1.01005
1.019525
1.0341
1.0563
1.0685
1.08865
1.167275
1.186575
1.233475
1.2641
1.264175
1.284825
1.2979
1.320325
1.36145
1.36895
1.4081
1.4232
1.426875
1.42735
1.462425
1.4826
1.591075
1.629525
1.634375
1.638125
1.657425
1.6978
1.747725
1.782425
1.7947
1.7949
1.8224
1.928525
1.959075
2.018225
2.1035
2.191625
2.3335
2.3632
2.36715
2.37375
2.388
2.405675
2.420575
2.433925
2.449325
2.45405
2.495975
2.6364
2.7218
2.7578
2.769125
2.808725
2.827125
2.841825
2.85245
2.899675
3.006925
3.26675
3.274275
3.3041
3.349025
3.482375
3.506025
3.582075
3.590875
3.59795
3.645075
3.6648
3.80835
3.869925
3.915425
3.99165
4.0329
4.087325
4.112725
4.12955
4.13025
4.413375
4.431825
4.513525
4.6746
4.82525
4.897225
4.92185
4.990625
5.122825
5.152175
5.229775
5.39305
5.5214
5.564175
5.680275
6.057525
6.08935
6.13605
6.182925
6.18595
6.33045
6.3839
6.617
6.830675
6.9905
7.085475
7.2703
7.29285
7.31005
7.494575
7.614875
7.730375
7.74395
7.7749
7.7761
8.061575
8.215875
8.291375
8.56035
9.116875
9.261825
9.506325
9.754975
9.810875
9.850075
9.91195
168
