0.137825
0.430125
0.503
0.508225
0.518075
0.54665
0.57825
0.579525
0.589225
0.59665
0.609275
0.615475
0.623075
0.627175
0.628175
0.63375
0.634525
0.64285
0.646375
0.649225
0.650075
0.668675
0.69175
0.72415
0.7278
0.731825
0.759475
0.763925
0.77435
0.8014
0.80775
0.826875
0.84255
0.84555
0.859275
0.870475
0.897625
0.8994
0.977825
0.980975
1.026275
1.0362
1.1233
1.165425
1.1707
1.178925
1.265575
1.2738
1.2833
1.309075
1.318575
1.337775
1.349875
1.357175
1.421
1.514575
1.54665
1.5683
1.658625
1.67625
1.772525
1.8095
1.813575
1.93305
2.03165
2.0635
2.125775
2.343925
2.38325
2.516425
2.621675
2.82015
2.842175
2.98245
3.026325
3.0946
3.11635
3.234425
3.24615
3.293725
3.357225
3.442725
3.446775
3.467775
3.5555
3.578425
3.624775
3.6621
3.6898
3.711875
3.768025
3.782175
3.8083
3.838825
3.8791
4.0133
4.030725
4.145125
4.23685
4.286175
4.287025
4.2992
4.35325
4.360825
4.4604
4.483625
4.552775
4.591
4.6808
4.76705
5.005675
5.06715
5.18685
5.2545
5.369
5.371175
5.7191
5.868225
5.968575
6.132175
6.414725
6.41505
6.459575
6.828675
6.941575
6.94475
7.055475
7.21475
7.311775
7.524025
7.583025
7.71495
7.7536
7.774825
7.785175
8.00015
8.057275
8.233525
8.496075
8.669525
8.98995
8.993125
9.08075
9.363125
9.52685
9.5411
9.57545
9.680575
9.714425
9.850325
9.92945
151
