0.016475
0.501775
0.51065
0.51275
0.531275
0.53345
0.565175
0.56775
0.572475
0.57345
0.578825
0.582325
0.587775
0.594125
0.6099
0.6822
0.70425
0.710725
0.72055
0.751975
0.764
0.765675
0.768325
0.775775
0.780775
0.7898
0.80105
0.80415
0.810675
0.818325
0.8226
0.8268
0.84445
0.85425
0.869425
0.880225
0.885075
0.89255
0.9306
0.933275
0.96095
0.9696
0.973425
0.97755
1.0401
1.05555
1.063875
1.092175
1.093175
1.1238
1.12675
1.129475
1.142475
1.177125
1.1993
1.199825
1.2208
1.224275
1.293475
1.2947
1.30825
1.314475
1.354175
1.36655
1.370725
1.407
1.408875
1.417025
1.426525
1.43415
1.4411
1.484925
1.56445
1.5659
1.599525
1.647875
1.70055
1.826575
1.8947
1.900225
1.954425
2.0085
2.16435
2.224525
2.36125
2.40095
2.480175
2.503425
2.5386
2.600975
2.6045
2.60885
2.6288
2.812775
3.085525
3.1648
3.281925
3.304175
3.4016
3.5153
3.6274
3.7042
3.7666
3.784925
3.787925
3.788
3.798325
3.9628
4.002475
4.093975
4.155575
4.165725
4.2462
4.24655
4.29805
4.332125
4.34225
4.3884
4.47255
4.53115
4.643075
4.72085
4.762425
4.795925
4.810325
4.9019
4.9376
5.0662
5.25145
5.437975
5.9426
5.99945
6.0909
6.103475
6.284875
6.308
6.337675
6.402375
6.4556
6.5607
6.5769
6.768125
7.25565
7.48115
7.6325
7.9172
7.935175
8.002625
8.033625
8.490825
8.511325
8.859225
8.995225
9.35935
9.481875
9.49225
9.75535
9.770275
9.951225
9.9706
160
