0.211775
0.328975
0.378575
0.482675
0.519275
0.525975
0.53635
0.561825
0.570325
0.57835
0.578675
0.582675
0.61645
0.617675
0.622075
0.626475
0.6269
0.688475
0.70665
0.735225
0.758975
0.7654
0.775475
0.818825
0.822425
0.82475
0.85355
0.865025
0.908725
0.9497
0.975275
0.9776
0.979275
1.0107
1.072825
1.07525
1.09305
1.094075
1.0999
1.161175
1.172375
1.238675
1.2391
1.28195
1.32165
1.3582
1.361625
1.387225
1.4439
1.48585
1.5024
1.5221
1.528675
1.530175
1.606575
1.638775
1.65095
1.69095
1.710075
1.71575
1.71725
1.74655
1.7866
1.857975
1.86965
1.891825
1.98095
2.004925
2.12915
2.1962
2.212475
2.25155
2.284225
2.321525
2.4015
2.476975
2.5435
2.5978
2.69675
2.69765
2.703825
2.804525
2.901075
2.917225
2.9362
3.0002
3.15315
3.276125
3.325525
3.4267
3.4837
3.4889
3.50885
3.5897
3.6127
3.69195
3.707675
3.7233
3.7453
3.882025
3.896175
4.03195
4.07075
4.0714
4.13085
4.249175
4.279725
4.28285
4.31795
4.323625
4.363475
4.462175
4.4835
4.619525
4.7694
4.838725
4.862325
4.9114
5.02945
5.15575
5.28125
5.35985
5.36285
5.40315
5.71055
5.9837
5.98635
5.98965
6.015975
6.08925
6.287425
6.4381
6.502125
6.95225
6.955025
6.983575
7.022975
7.0313
7.046875
7.1154
7.490225
7.7608
7.7937
7.994975
8.007325
8.14515
8.26545
8.274175
8.841475
8.98255
9.0101
9.03735
9.120175
9.351675
9.47905
9.5351
9.7648
9.788425
9.927025
159
