0.063175
0.20475
0.2639
0.519775
0.520075
0.5326
0.5364
0.5424
0.54275
0.54875
0.5558
0.5764
0.58235
0.591725
0.59385
0.607725
0.6114
0.616175
0.617525
0.6338
0.655425
0.676225
0.679975
0.684725
0.686275
0.686975
0.690425
0.693525
0.696525
0.7002
0.70425
0.70865
0.72405
0.73665
0.73835
0.76495
0.77635
0.776575
0.7877
0.8301
0.836725
0.8385
0.857925
0.9044
0.910475
0.955975
0.9636
1.042025
1.081225
1.12325
1.128325
1.14445
1.200425
1.297375
1.32295
1.336925
1.342575
1.34305
1.387775
1.394725
1.416075
1.422325
1.474725
1.5738
1.6112
1.634325
1.72625
1.753775
1.782325
1.8004
1.88645
1.90115
1.9408
1.9666
2.000225
2.195325
2.2369
2.304575
2.341925
2.35415
2.405475
2.405925
2.4325
2.445425
2.493125
2.58095
2.585175
2.5885
2.6464
2.65215
2.6621
2.939975
2.98685
3.099825
3.11565
3.25295
3.286275
3.32295
3.37465
3.390575
3.3994
3.440025
3.51335
3.550275
3.558125
3.5672
3.733425
3.753075
3.7862
3.8274
3.8305
3.912025
3.955675
4.08415
4.202125
4.245575
4.2651
4.31905
4.480425
4.61135
4.6451
4.69165
4.7348
4.76745
4.802125
4.84125
5.084975
5.214275
5.308175
5.35095
5.36375
5.373675
5.447025
5.4818
5.50085
5.5674
5.783225
5.855675
5.870525
5.9206
5.9315
5.946575
6.021625
6.279625
6.446825
6.4491
6.50065
6.533475
6.5996
6.61935
6.62815
6.676775
6.757475
6.882925
7.087825
7.18945
7.2043
7.3373
7.456775
7.72345
7.846875
8.0454
8.074175
8.176275
8.297825
8.34905
8.41105
8.5217
8.69255
8.748175
8.8844
8.943625
8.97985
9.0815
9.1969
9.2114
9.453375
9.546775
9.594525
9.67055
9.72255
9.7996
9.801825
9.95135
184
