0.0635
0.12905
0.2975
0.401825
0.444025
0.446975
0.49865
0.50355
0.507175
0.509575
0.520925
0.547225
0.552475
0.56595
0.5745
0.58935
0.59955
0.600275
0.6013
0.627875
0.66875
0.692175
0.708325
0.757625
0.763375
0.769575
0.787125
0.80105
0.80285
0.82815
0.831375
0.832
0.849125
0.88465
0.886025
0.919425
0.946925
0.9621
0.982325
0.997125
1.001175
1.0289
1.072475
1.103075
1.1961
1.20075
1.221125
1.2242
1.248475
1.271025
1.27295
1.290875
1.340675
1.37325
1.4233
1.44295
1.487625
1.500775
1.518975
1.5202
1.5255
1.644375
1.707775
1.73055
1.7482
1.7644
1.766525
1.83955
1.9204
1.953825
1.995625
2.03975
2.0608
2.10155
2.130775
2.169275
2.236925
2.263575
2.2705
2.31665
2.331675
2.336825
2.351125
2.377375
2.4206
2.4251
2.43075
2.43635
2.453825
2.476225
2.516725
2.521825
2.549825
2.56
2.634775
2.75995
2.769275
2.774225
2.808975
2.811775
2.87915
2.908125
3.04195
3.04675
3.056025
3.180075
3.2594
3.288975
3.495775
3.5041
3.548725
3.599175
3.65565
3.836975
3.85125
3.9814
4.01585
4.062475
4.06515
4.092225
4.13245
4.190875
4.39875
4.4133
4.420275
4.43375
4.5083
4.60975
4.611625
4.663175
4.696675
4.752875
4.76725
4.902525
4.93325
4.95635
5.011825
5.16335
5.362775
5.444075
5.455075
5.50845
5.5317
5.5318
5.707025
5.77
5.8385
6.0598
6.140175
6.167225
6.1692
6.183475
6.26455
6.62905
6.6706
6.836825
7.039075
7.102625
7.198575
7.29975
7.341825
7.409275
7.57145
7.635975
7.648175
7.67405
7.700325
7.897875
7.9198
7.933
7.9417
8.119225
8.1316
8.14935
8.225975
8.278425
8.3003
8.647725
8.7627
8.829675
9.02505
9.066
9.093425
9.1434
9.270175
9.342375
9.445375
9.5145
9.532975
9.6466
9.69285
9.81585
192
