0.117025
0.1639
0.22885
0.4201
0.445875
0.474925
0.4859
0.487925
0.506725
0.5079
0.529875
0.551225
0.55595
0.557825
0.5586
0.570175
0.57115
0.5762
0.57985
0.584
0.586175
0.59165
0.61135
0.61425
0.6194
0.63305
0.654875
0.6657
0.68405
0.6876
0.690525
0.697925
0.71765
0.717725
0.722625
0.73625
0.7373
0.739375
0.746475
0.762825
0.7703
0.818275
0.83505
0.84345
0.851575
0.864275
0.86575
0.9136
0.934575
0.934725
0.93765
0.939075
0.97285
0.977275
0.98875
0.990675
1.00065
1.011
1.01265
1.022125
1.035675
1.05975
1.0735
1.092675
1.114775
1.150325
1.167375
1.18875
1.199775
1.209275
1.217475
1.253975
1.2862
1.313
1.327925
1.33455
1.33595
1.3612
1.607325
1.62635
1.636425
1.63905
1.6423
1.6741
1.69435
1.717525
1.720425
1.7428
1.786925
1.955825
1.9992
2.1078
2.153675
2.165125
2.176075
2.306075
2.32735
2.34205
2.36695
2.39835
2.41555
2.52695
2.603525
2.646725
2.6793
2.700775
2.7297
2.73945
2.87955
2.88445
2.8888
2.899125
2.93615
2.95875
3.00005
3.00015
3.000575
3.099125
3.137725
3.1601
3.163825
3.16395
3.324
3.341725
3.350525
3.38075
3.39165
3.3973
3.418725
3.429925
3.474825
3.5911
3.687225
3.6959
3.7429
3.7497
3.862775
3.9073
3.915375
3.966
3.999025
4.211175
4.229475
4.23595
4.244425
4.332425
4.371125
4.417375
4.451325
4.51825
4.549325
4.573175
4.58615
4.65845
4.71805
4.86765
4.90665
4.9533
5.000825
5.116775
5.127
5.197825
5.2018
5.375675
5.404475
5.461975
5.4781
5.63595
5.811725
5.91415
5.926325
5.953875
6.15785
6.173625
6.174275
6.2266
6.3376
6.38585
6.4186
6.483925
6.5023
6.7327
6.8082
6.809375
6.824225
7.002
7.12515
7.32705
7.331475
7.3505
7.487075
7.487425
7.73405
7.788075
7.790375
7.82655
7.828475
7.8516
7.996575
8.03105
8.059725
8.163025
8.202775
8.29275
8.47305
8.600925
8.7183
8.8716
8.964375
8.965775
9.22295
9.35895
9.39765
9.487
9.584025
9.788425
9.8197
9.831225
9.932175
219
