0.191125
0.223475
0.48415
0.4914
0.49365
0.499025
0.51085
0.5244
0.528975
0.54865
0.549
0.54965
0.55045
0.55275
0.559525
0.572775
0.59615
0.612825
0.617525
0.649325
0.667875
0.67205
0.673175
0.7159
0.7185
0.723325
0.742025
0.76285
0.777325
0.778025
0.792075
0.80125
0.8119
0.81375
0.8558
0.856825
0.8614
0.895775
0.9098
0.917925
0.92175
0.922175
0.946
0.9647
0.99805
0.999475
1.027975
1.0332
1.045425
1.0486
1.05555
1.07105
1.1422
1.1538
1.17
1.189725
1.195575
1.20405
1.226675
1.242875
1.2633
1.326875
1.389425
1.401025
1.405475
1.42035
1.461425
1.4623
1.51915
1.558875
1.594375
1.63175
1.69795
1.7093
1.737825
1.7424
1.7488
1.763
1.7884
1.815725
1.822425
1.853525
1.88895
1.890675
1.9308
1.949525
1.950725
1.987425
2.0243
2.04215
2.044175
2.1482
2.247625
2.3203
2.3666
2.39705
2.4558
2.4844
2.49365
2.50775
2.528675
2.566375
2.602275
2.629075
2.658125
2.666425
2.66735
2.6717
2.720725
2.724725
2.7285
2.8157
2.830675
2.981375
3.0028
3.124575
3.17455
3.2232
3.22905
3.238325
3.420975
3.428125
3.433125
3.45185
3.49925
3.49965
3.529
3.5431
3.5693
3.5709
3.6044
3.605625
3.6143
3.620275
3.634025
3.6378
3.745725
3.8071
3.892225
3.906425
4.041075
4.099925
4.13125
4.30635
4.33905
4.372875
4.39415
4.41285
4.465225
4.51135
4.65535
4.731225
4.794925
4.830475
4.876375
5.0376
5.066425
5.140575
5.144
5.1527
5.170675
5.276075
5.35255
5.35325
5.3546
5.37255
5.57745
5.6474
5.745925
5.791575
6.099025
6.148975
6.1922
6.64945
6.65375
6.7934
6.824875
6.83015
6.98085
7.006675
7.066625
7.150025
7.227675
7.2312
7.274475
7.30335
7.608925
7.665775
7.6916
7.7278
7.74515
7.8431
7.848725
7.89005
7.974975
8.026975
8.06435
8.14475
8.185425
8.44455
8.49515
8.57195
8.577325
8.609275
8.718775
8.721875
8.893625
8.91285
9.09835
9.1514
9.184625
9.230425
9.23845
9.4358
9.51205
9.534425
9.545475
9.621075
9.731325
9.9505
220
