0.1044
0.15615
0.374
0.389575
0.449025
0.48245
0.499675
0.52665
0.5293
0.529475
0.53325
0.542075
0.54815
0.56215
0.569
0.569875
0.5793
0.583025
0.648025
0.657425
0.710575
0.71095
0.712175
0.72155
0.72505
0.7318
0.7468
0.7583
0.76655
0.78215
0.79475
0.802675
0.8286
0.83085
0.83785
0.86825
0.89205
0.8945
0.897175
0.9003
0.9497
0.9534
0.9602
0.975325
1.009275
1.0201
1.027825
1.04265
1.052875
1.0575
1.072875
1.074475
1.082175
1.098475
1.101025
1.105475
1.11145
1.112675
1.13985
1.179325
1.196375
1.2494
1.343075
1.3623
1.37635
1.3922
1.441625
1.4761
1.5138
1.5469
1.56555
1.570875
1.61785
1.6408
1.653375
1.670925
1.6735
1.80295
1.8751
1.89295
1.905975
1.91205
1.9348
1.9782
2.028
2.066175
2.092375
2.18425
2.3094
2.3533
2.3724
2.4242
2.42465
2.434
2.499375
2.524125
2.55725
2.599875
2.6224
2.70385
2.8016
2.824325
2.901225
3.003675
3.069125
3.18435
3.2696
3.3187
3.345275
3.42805
3.5176
3.615
3.682
3.841225
3.90805
3.9248
3.952525
3.973775
4.053825
4.09815
4.187375
4.240125
4.248425
4.248575
4.28845
4.4012
4.5033
4.515775
4.7738
4.7862
4.822875
4.862475
4.934425
5.252475
5.412925
5.435325
5.609475
5.698375
5.70585
5.8308
5.846025
5.9022
5.94405
6.02915
6.08425
6.245775
6.342425
6.44525
6.6167
6.967725
7.024625
7.246775
7.27745
7.30335
7.3899
7.610525
7.626975
7.6289
7.6635
7.777875
7.782725
7.9248
8.111375
8.133975
8.1369
8.207675
8.495225
8.514875
8.540575
8.693725
9.049875
9.08315
9.195875
9.1972
9.321975
9.461075
9.520875
9.526775
9.7719
9.9023
9.962175
9.99305
182
