0.110575
0.226775
0.428075
0.472675
0.479925
0.48515
0.521725
0.534075
0.55805
0.5773
0.580475
0.58315
0.59
0.590675
0.59355
0.59825
0.612275
0.682275
0.709825
0.7329
0.74
0.748725
0.749975
0.77215
0.776975
0.7782
0.7895
0.79765
0.8033
0.8267
0.830125
0.839425
0.85075
0.854325
0.868275
0.8734
0.875975
0.9025
0.9221
0.92225
0.9323
0.934125
0.997875
1.031625
1.08745
1.0919
1.1146
1.1314
1.13625
1.145225
1.215
1.223675
1.3232
1.3311
1.374175
1.407175
1.478425
1.4824
1.502825
1.5282
1.546525
1.551
1.636475
1.689475
1.73585
1.7505
1.750525
1.75695
1.767775
1.7782
1.79625
1.80885
1.831675
1.8826
1.89045
1.98495
2.052225
2.064025
2.06505
2.065575
2.139875
2.1931
2.239675
2.30205
2.318025
2.346675
2.378725
2.406175
2.49065
2.5494
2.766075
2.952325
3.0032
3.072475
3.110975
3.11905
3.122125
3.258175
3.333325
3.443725
3.5965
3.642225
3.8167
3.83985
3.902225
3.903025
3.930725
3.977875
3.995475
4.01355
4.01715
4.027875
4.1461
4.203525
4.23705
4.2482
4.2863
4.305775
4.3115
4.398275
4.422125
4.4597
4.5065
4.5649
4.591325
4.633425
4.64025
4.68935
4.696625
4.7813
5.149175
5.26995
5.3366
5.362
5.396925
5.6482
5.6607
5.794
5.8333
5.951925
6.01975
6.13415
6.18565
6.2583
6.32585
6.356025
6.433425
6.53205
6.581225
6.58545
6.691575
6.747575
6.9168
7.0869
7.146475
7.167925
7.22095
7.26055
7.279
7.381875
7.481275
7.4943
7.57065
7.571725
7.615075
7.737125
7.764725
7.7836
7.83545
8.1418
8.1989
8.2296
8.262725
8.29
8.355125
8.51125
8.574375
8.604975
8.606975
8.63315
8.764825
8.8119
8.93835
9.1426
9.187625
9.218875
9.258375
9.272675
9.4663
9.568225
9.60765
9.8692
9.9566
193
