0.118375
0.133975
0.308325
0.3701
0.41445
0.447775
0.4677
0.481625
0.486425
0.49835
0.5055
0.507125
0.510825
0.525025
0.526025
0.52765
0.532825
0.539075
0.552875
0.553475
0.5546
0.554925
0.5576
0.584975
0.591775
0.626375
0.627
0.628425
0.64495
0.662125
0.66775
0.684375
0.69655
0.7204
0.7271
0.73035
0.749725
0.763175
0.78425
0.79315
0.799875
0.808775
0.81115
0.814025
0.840425
0.842425
0.84525
0.866725
0.870025
0.88475
0.905175
0.911675
0.92625
0.95025
0.9636
0.9723
0.978575
0.999
1.002975
1.04645
1.06205
1.0808
1.102375
1.11795
1.120275
1.132775
1.146825
1.15455
1.2028
1.247325
1.30995
1.3251
1.372125
1.4334
1.44145
1.489675
1.5205
1.54615
1.583275
1.6324
1.64015
1.6634
1.693875
1.755575
1.793725
1.95415
1.969
1.987925
2.029975
2.049575
2.060875
2.098525
2.12475
2.1521
2.17
2.22955
2.237725
2.316975
2.353575
2.38675
2.440225
2.508775
2.535175
2.55695
2.57555
2.587
2.601225
2.609275
2.720725
2.7254
2.734025
2.7919
2.863025
2.873425
2.933075
2.95045
2.9559
2.9853
3.038275
3.072275
3.219
3.36085
3.382825
3.38735
3.47135
3.56075
3.639525
3.736575
3.871525
3.883825
3.947125
3.950175
4.09395
4.1522
4.212975
4.237275
4.2546
4.2602
4.2832
4.314625
4.371275
4.3899
4.512425
4.513175
4.68385
4.6917
4.76295
4.765
4.773675
4.860075
4.9361
4.9718
4.97745
4.981575
4.982525
5.0283
5.07335
5.125125
5.1746
5.177725
5.247475
5.275525
5.315175
5.461
5.58175
5.591125
5.82055
5.826175
5.82635
6.029825
6.1429
6.256
6.3782
6.566225
6.61455
6.6272
6.778175
6.824075
6.88255
6.93435
6.9973
7.11105
7.19515
7.221275
7.291025
7.367825
7.456625
7.64935
7.691725
7.718925
7.82525
7.843075
7.931225
8.005475
8.0229
8.06445
8.07755
8.0849
8.108725
8.469075
8.4955
8.538075
8.576175
8.603
8.609925
8.6203
8.665825
8.86345
9.01125
9.20955
9.23925
9.29125
9.3726
9.633875
9.693975
9.728875
9.81955
9.879725
9.95635
9.98395
220
