0.095
0.15285
0.1979
0.3478
0.3729
0.397575
0.427025
0.429375
0.485725
0.4949
0.495125
0.499875
0.505775
0.50875
0.50965
0.5109
0.517125
0.528475
0.53045
0.557
0.56885
0.5709
0.581875
0.6248
0.642175
0.6513
0.67115
0.70395
0.7193
0.72835
0.730025
0.75575
0.758775
0.76355
0.79855
0.8001
0.80235
0.81065
0.818
0.823525
0.827225
0.83475
0.848525
0.851025
0.89215
0.901175
0.902775
0.952
0.95565
0.999175
1.103475
1.1325
1.142575
1.16895
1.1702
1.170375
1.215325
1.216625
1.267775
1.299325
1.33185
1.34675
1.35445
1.361025
1.380675
1.44395
1.445275
1.46
1.470075
1.475775
1.481725
1.494825
1.5021
1.561525
1.5943
1.605625
1.622475
1.723825
1.7308
1.799675
1.800375
1.87455
1.8934
1.930775
1.972525
1.99975
2.0096
2.03855
2.051525
2.08745
2.094625
2.12925
2.191025
2.230425
2.316225
2.350675
2.37905
2.44275
2.4498
2.522525
2.5712
2.74465
2.748425
2.84975
2.8735
2.9206
2.9575
3.03515
3.0709
3.09225
3.141175
3.152325
3.2285
3.2995
3.303
3.38295
3.422675
3.4958
3.5643
3.601925
3.6212
3.701175
3.772825
3.985625
4.003225
4.061225
4.212625
4.254975
4.28825
4.31855
4.3584
4.364425
4.370325
4.397675
4.4164
4.4515
4.506775
4.65525
4.7032
4.792375
4.814075
5.01325
5.089575
5.1336
5.177975
5.178775
5.1805
5.222825
5.304175
5.331125
5.369125
5.556125
5.56575
5.595675
5.640475
5.669675
5.72425
5.803575
5.825325
5.914925
5.94505
5.9857
5.993175
6.090175
6.129525
6.24315
6.389225
6.407025
6.41285
6.430025
6.466025
6.4733
6.608325
6.651325
6.70035
6.7239
6.7249
6.735875
6.8697
7.03925
7.05235
7.238325
7.363375
7.47475
7.563475
7.60415
7.6906
7.7354
7.85755
7.890675
8.101
8.15205
8.1982
8.212575
8.320775
8.350925
8.351725
8.366525
8.4465
8.466225
8.63255
8.663325
8.7669
8.807825
8.816625
8.901125
8.977075
9.042125
9.088825
9.10355
9.107325
9.1345
9.25435
9.33145
9.3934
9.47745
9.597075
9.762975
218
