0.0192
0.06445
0.093925
0.4736
0.490025
0.4919
0.4926
0.49995
0.5036
0.507075
0.518175
0.5191
0.52495
0.531025
0.55995
0.56135
0.566875
0.575725
0.588175
0.623
0.67815
0.6909
0.704425
0.72255
0.750025
0.75505
0.77085
0.777725
0.8347
0.856675
0.871075
0.8768
0.88675
0.89505
0.902775
0.91065
0.92765
0.9296
0.931125
0.970925
0.975525
1.001175
1.027925
1.03
1.0302
1.0355
1.059675
1.07965
1.08055
1.08435
1.0943
1.09615
1.125775
1.148075
1.1698
1.2012
1.219175
1.2263
1.227575
1.23195
1.25225
1.2619
1.282075
1.29205
1.330325
1.373675
1.390025
1.39955
1.40005
1.403675
1.4172
1.420575
1.50215
1.5324
1.67455
1.683975
1.705175
1.816825
1.94395
2.090975
2.202325
2.234525
2.2411
2.25545
2.283625
2.2879
2.3098
2.48295
2.559
2.66845
2.728275
2.808875
2.8403
2.898725
2.9253
2.94065
3.02625
3.15295
3.251125
3.394075
3.740875
3.746275
3.789025
3.795225
3.847975
3.89465
3.930425
4.010375
4.038225
4.068275
4.10805
4.2296
4.395625
4.40925
4.421975
4.5288
4.5332
4.60355
4.732975
4.73565
4.7565
4.867025
4.9064
4.994
5.054125
5.158425
5.197225
5.24135
5.351325
5.368725
5.493475
5.821475
5.856725
6.0137
6.0464
6.204975
6.2289
6.29065
6.305875
6.3062
6.492875
6.553575
6.5773
6.643025
6.688325
6.81775
6.90225
6.94325
7.0463
7.108475
7.140575
7.299575
7.520575
7.60735
7.635525
7.8512
7.97795
8.004
8.132625
8.210675
8.21325
8.26715
8.442175
8.642125
8.660375
8.6611
8.672625
8.720575
9.066675
9.20575
9.44675
9.449925
9.47905
9.53765
9.5559
9.700725
9.75445
9.949875
9.951325
179
