0.29345
0.4114
0.462075
0.4632
0.47075
0.479325
0.503175
0.535325
0.584625
0.59425
0.5999
0.607725
0.6086
0.616425
0.631025
0.639625
0.65165
0.671975
0.6806
0.682675
0.7014
0.798325
0.819725
0.83095
0.8619
0.877975
0.892975
0.90315
0.925775
0.92595
0.97135
0.981825
0.9963
1.009575
1.06405
1.096875
1.09855
1.125525
1.128925
1.13385
1.220375
1.221325
1.2975
1.32255
1.359075
1.481825
1.489325
1.519875
1.54025
1.583675
1.627925
1.68015
1.8198
1.8452
1.94475
2.01915
2.03835
2.2177
2.331225
2.37425
2.377125
2.564575
2.63445
2.6833
2.685575
2.6927
2.7345
2.7469
2.911
2.93805
2.98
3.010775
3.0346
3.107
3.117475
3.1971
3.3307
3.339275
3.3659
3.377975
3.46465
3.468125
3.537425
3.580925
3.625475
3.6449
3.647325
3.661525
3.664275
3.670025
3.68015
3.69765
3.76015
3.8906
3.93795
3.996725
4.09345
4.290125
4.437925
4.45345
4.4976
4.50735
4.530275
4.543375
4.6352
4.6484
4.725325
4.8321
4.957325
5.0166
5.051825
5.113975
5.177825
5.21595
5.260625
5.331075
5.3897
5.41545
5.53705
5.644075
5.687225
5.7989
5.800175
5.834625
5.861825
5.8738
6.040825
6.390925
6.422175
6.43795
6.52865
6.571025
6.5815
6.75515
6.775175
6.800275
6.8183
6.84545
6.868875
6.8916
6.9876
7.00705
7.04515
7.0946
7.17745
7.209575
7.290775
7.68075
7.74225
7.7718
7.797525
7.857225
7.867175
7.87495
7.90375
7.9244
7.953375
7.96045
7.970075
8.001025
8.0057
8.0495
8.116775
8.390625
8.48005
8.513775
8.545675
8.612125
8.623
8.640125
8.762025
8.92085
8.9938
9.09185
9.114325
9.1194
9.1271
9.153975
9.60345
9.6096
9.926775
181
