0.01435
0.1992
0.34175
0.472325
0.48065
0.499425
0.50575
0.531375
0.53185
0.53775
0.541775
0.567525
0.580575
0.611075
0.63785
0.638775
0.640425
0.64465
0.644775
0.6464
0.6472
0.711325
0.7117
0.731575
0.754575
0.755125
0.7566
0.761175
0.780925
0.797575
0.801875
0.818475
0.8899
0.90615
0.908925
0.9261
0.941275
0.9573
0.988325
0.994825
0.99785
1.001275
1.0409
1.0448
1.080325
1.123525
1.13425
1.1345
1.13465
1.137525
1.158575
1.164025
1.169075
1.214275
1.229075
1.26145
1.270525
1.27165
1.3039
1.36815
1.383575
1.409225
1.5001
1.528825
1.541625
1.611675
1.62625
1.6709
1.677175
1.70945
1.839775
1.8451
1.9222
1.97095
2.078375
2.0813
2.151675
2.200325
2.202975
2.204
2.20715
2.246075
2.339875
2.3753
2.39385
2.45975
2.494575
2.501125
2.516525
2.57825
2.663175
2.695175
2.74685
2.80135
2.89725
2.9501
2.9517
3.0347
3.054375
3.093025
3.16355
3.2384
3.256175
3.32345
3.367575
3.42625
3.538925
3.6114
3.612225
3.62455
3.71295
3.727775
3.7336
3.802375
3.848175
3.86815
3.942675
4.0971
4.1345
4.18975
4.21215
4.21315
4.29105
4.42285
4.626
4.66635
4.666925
4.7386
4.81855
4.9365
4.998
5.043675
5.05745
5.137875
5.1628
5.17705
5.25165
5.43
5.434475
5.484425
5.67615
5.711675
5.902375
5.9409
5.978825
6.18045
6.21455
6.258775
6.269
6.311975
6.34165
6.56665
6.637275
6.67425
6.699925
6.729075
6.737675
6.747225
6.8415
6.979425
7.074375
7.1233
7.2424
7.3174
7.395075
7.56405
7.589325
7.618675
7.756425
7.763925
7.8787
8.3296
8.35465
8.415675
8.539975
8.575475
8.66565
8.8255
8.866775
8.872275
8.911225
9.005175
9.0185
9.14135
9.23895
9.393225
9.515625
9.676525
9.714075
9.799375
9.86025
9.897375
9.990925
193
