0.23545
0.237625
0.311375
0.325
0.43865
0.46435
0.475775
0.478925
0.49405
0.500625
0.518075
0.523375
0.526125
0.52675
0.543575
0.5484
0.55755
0.56205
0.572375
0.57925
0.59095
0.63365
0.648275
0.658325
0.66055
0.666725
0.673625
0.67805
0.680075
0.702825
0.718125
0.7292
0.733925
0.737775
0.74465
0.748525
0.74985
0.7531
0.783
0.800525
0.831525
0.895525
0.896825
0.89765
0.918075
0.925775
0.942
0.946025
0.982175
1.003575
1.026975
1.10665
1.110275
1.1143
1.124825
1.148575
1.150925
1.190475
1.225125
1.260125
1.260775
1.317475
1.324675
1.350025
1.35215
1.4062
1.443875
1.51885
1.615975
1.726625
1.7845
1.91985
1.943275
2.120425
2.1234
2.401875
2.427925
2.460375
2.46385
2.475425
2.482875
2.620925
2.645225
2.672775
2.673775
2.68735
2.72985
2.73655
2.76075
2.787475
2.80415
2.86
2.88935
2.892375
2.914525
2.9439
3.1127
3.1217
3.139675
3.148475
3.2401
3.255025
3.3252
3.33095
3.4068
3.424375
3.47785
3.506225
3.5279
3.601575
3.73145
3.76115
3.8497
3.880375
3.88075
3.9516
3.9977
4.0451
4.06345
4.08445
4.105975
4.1865
4.2096
4.29825
4.33845
4.73645
4.76555
4.829825
4.97625
5.14905
5.161
5.312725
5.362675
5.576175
5.584475
5.68195
5.7405
5.818575
5.8227
5.82665
5.843275
5.8579
5.90645
6.169725
6.233275
6.256125
6.343675
6.3548
6.3659
6.3702
6.6395
6.85565
7.00125
7.11805
7.211325
7.279925
7.306325
7.311125
7.47495
7.826275
7.829125
7.922125
7.926725
7.974625
8.1964
8.4162
8.4704
8.660525
8.697375
8.742925
8.840775
8.843575
8.861125
8.93685
8.9461
9.007575
9.03355
9.04835
9.054975
9.255675
9.449425
9.485375
9.52875
9.532625
9.6144
9.631
9.64405
9.692725
9.761825
9.784025
190
