0.11025
0.1748
0.33805
0.43295
0.468
0.4766
0.479125
0.480475
0.4941
0.494325
0.4946
0.496575
0.501475
0.50785
0.51865
0.5293
0.532625
0.54115
0.541425
0.5439
0.568125
0.57115
0.57495
0.57825
0.59685
0.59915
0.60275
0.62435
0.62685
0.6312
0.63715
0.6707
0.69035
0.727775
0.747875
0.76985
0.775125
0.826175
0.84025
0.87125
0.874
0.876575
0.89555
0.941525
0.99085
1.01025
1.03975
1.04535
1.08005
1.08155
1.099475
1.12305
1.12935
1.139125
1.15515
1.16235
1.165
1.205825
1.276425
1.291625
1.306575
1.32385
1.364875
1.37645
1.409925
1.4145
1.433175
1.458325
1.489725
1.51775
1.5371
1.5421
1.5546
1.5649
1.61095
1.611675
1.685475
1.8158
1.816725
1.91265
1.914575
1.9187
1.975125
2.007075
2.015525
2.0406
2.13825
2.143925
2.17225
2.176675
2.2141
2.303675
2.3851
2.4691
2.62525
2.680525
2.68715
2.808825
2.847225
2.907675
2.9503
2.994625
2.9963
3.0408
3.055025
3.05645
3.078325
3.095375
3.129325
3.23255
3.31375
3.35435
3.5022
3.6874
3.719025
3.76275
3.867675
4.205825
4.266525
4.3204
4.326775
4.431925
4.505775
4.552025
4.628625
4.7707
4.912825
4.954375
5.005775
5.063375
5.106275
5.1466
5.177275
5.2443
5.2575
5.308775
5.329975
5.363225
5.409175
5.496425
5.633675
5.676025
5.774675
5.8048
5.811975
5.855725
5.87995
6.03525
6.071875
6.133925
6.160125
6.21305
6.2322
6.279075
6.431225
6.436675
6.4675
6.589775
7.129875
7.2917
7.303125
7.3519
7.3626
7.419275
7.439425
7.587925
7.640425
7.655225
7.68635
7.6898
7.8083
7.907425
8.0222
8.0398
8.2426
8.34005
8.883725
8.99185
9.0047
9.03425
9.0734
9.271325
9.279375
9.2983
9.385825
9.469675
9.4839
9.548625
9.789975
9.809175
9.88015
9.973325
9.995475
193
