0.014425
0.1306
0.32885
0.40755
0.462425
0.47485
0.48335
0.50205
0.515025
0.52185
0.544975
0.54735
0.549675
0.5501
0.559025
0.55905
0.568825
0.5727
0.57685
0.59895
0.61855
0.638625
0.6422
0.652025
0.6601
0.665975
0.678625
0.67865
0.683475
0.695725
0.69755
0.698525
0.6995
0.709475
0.713775
0.7308
0.743525
0.771075
0.777625
0.791675
0.808825
0.8162
0.8226
0.826325
0.8553
0.88725
0.890625
0.899575
0.918275
0.925575
0.9432
0.9562
0.9834
1.004325
1.011075
1.023075
1.03645
1.044075
1.075325
1.084825
1.112125
1.124425
1.1601
1.20755
1.2229
1.245125
1.2662
1.308275
1.314725
1.323075
1.341
1.35325
1.369025
1.44825
1.47745
1.4936
1.523175
1.538475
1.5904
1.599925
1.618
1.649025
1.678425
1.798175
1.845175
1.89665
1.896825
1.903325
1.908025
1.950925
1.973475
1.977425
1.9897
2.000875
2.00985
2.0552
2.146275
2.148975
2.2528
2.2734
2.301075
2.3786
2.39025
2.399725
2.496675
2.5613
2.57205
2.733025
2.7601
2.76595
2.850325
2.877825
2.95815
2.99285
2.9995
3.00615
3.04205
3.077725
3.0807
3.09995
3.1933
3.2107
3.2255
3.311875
3.36635
3.4059
3.446575
3.494625
3.52445
3.564725
3.581625
3.617575
3.7173
3.766275
3.774275
3.804875
3.8392
4.04565
4.062225
4.198575
4.2259
4.263075
4.27045
4.317
4.41755
4.467675
4.4884
4.75335
4.7649
4.80075
4.8489
4.85855
5.05645
5.101075
5.138875
5.1475
5.157775
5.239575
5.42315
5.433025
5.525525
5.56835
5.63085
5.64275
5.661225
5.7662
5.782375
5.849275
5.898525
5.95135
6.14185
6.1447
6.28405
6.299575
6.3944
6.461025
6.6436
6.671825
6.688975
6.821125
6.822575
6.89695
7.071025
7.153775
7.189975
7.19215
7.195625
7.399875
7.48535
7.575575
7.6397
7.71675
7.748275
7.89985
7.947675
8.13835
8.152175
8.371
8.40455
8.468525
8.48445
8.5097
8.593775
8.756175
8.811125
8.846275
8.94995
9.100325
9.191875
9.214875
9.361225
9.626325
9.6275
9.664725
9.758225
9.80395
9.83005
9.935125
218
