0.01165
0.18865
0.418675
0.44095
0.4417
0.459925
0.460275
0.4786
0.4862
0.486475
0.50195
0.53885
0.565925
0.568
0.56855
0.591825
0.59445
0.60805
0.6183
0.618475
0.650875
0.655375
0.655725
0.674725
0.704025
0.7052
0.709025
0.73215
0.755875
0.7985
0.805175
0.81105
0.8111
0.8133
0.8975
0.90495
0.918525
0.9333
0.94145
0.9417
0.97565
0.994025
1.00885
1.058275
1.06535
1.06555
1.066825
1.1146
1.1346
1.14655
1.156325
1.1675
1.171075
1.17405
1.17895
1.191825
1.20535
1.234175
1.23955
1.26045
1.31875
1.319125
1.322475
1.3302
1.343575
1.346775
1.38045
1.478975
1.487425
1.519475
1.5229
1.57225
1.5924
1.6006
1.661425
1.663075
1.690875
1.707675
1.7081
1.7591
1.76215
1.79545
1.798125
1.81605
1.866675
1.87135
1.895
1.916875
1.955
2.15475
2.1562
2.239225
2.251175
2.29045
2.299525
2.39505
2.40095
2.4267
2.446575
2.464275
2.497525
2.507725
2.547775
2.55035
2.6031
2.615625
2.62
2.6692
2.69565
2.7167
2.727875
2.735525
2.949275
3.037025
3.0391
3.06595
3.07715
3.079875
3.148675
3.235525
3.2395
3.25545
3.350525
3.3747
3.44845
3.46855
3.473925
3.518
3.5807
3.61685
3.7092
3.70935
3.7114
3.7413
3.812225
3.816225
3.823675
3.965025
3.965275
3.978525
3.98905
4.013975
4.317525
4.566425
4.5987
4.7559
4.761875
4.923625
4.9613
4.964975
4.975425
5.085075
5.217925
5.2183
5.258225
5.2608
5.26115
5.370675
5.51675
5.577225
5.826975
5.832725
5.83775
5.847925
5.86925
5.99445
6.027625
6.307725
6.461925
6.548275
6.618925
7.0346
7.13665
7.1727
7.41885
7.4257
7.426875
7.443175
7.471425
7.524075
7.6145
7.734175
8.0329
8.098675
8.105525
8.177025
8.304475
8.650625
8.765825
9.0644
9.1147
9.146225
9.3539
9.379675
9.4055
9.711325
9.7301
9.948375
9.960525
199
