0.17555
0.299175
0.4343
0.43435
0.459725
0.4847
0.49665
0.5052
0.50705
0.508975
0.516875
0.53975
0.5415
0.545375
0.5506
0.559625
0.571925
0.58165
0.6173
0.6232
0.637075
0.639575
0.645675
0.65035
0.667975
0.680375
0.69775
0.702875
0.7059
0.718475
0.7293
0.756725
0.763075
0.765025
0.77975
0.7804
0.788025
0.80295
0.817175
0.88735
0.8922
0.8928
0.8959
0.900625
0.95865
0.96855
0.994975
1.02005
1.034575
1.046675
1.04805
1.073075
1.0845
1.118875
1.124775
1.12585
1.1834
1.183725
1.2099
1.23215
1.28465
1.31815
1.373275
1.404225
1.428625
1.432975
1.434325
1.4568
1.489775
1.6059
1.63385
1.6462
1.67185
1.71875
1.76915
1.7763
1.781
1.842175
1.9605
2.005825
2.013425
2.0274
2.0802
2.107425
2.121225
2.163025
2.170875
2.1931
2.269
2.279575
2.342025
2.3727
2.386875
2.39145
2.408675
2.42535
2.4278
2.485175
2.548875
2.555725
2.569175
2.65525
2.7228
2.753475
2.797775
2.8172
2.87835
2.94825
3.024675
3.027575
3.277975
3.347475
3.412325
3.460075
3.4818
3.5025
3.55615
3.589075
3.607475
3.621725
3.649875
3.6717
3.97335
4.009875
4.239725
4.2563
4.2842
4.392225
4.45915
4.539525
4.6473
4.94935
5.01135
5.0541
5.10315
5.452975
5.4815
5.55355
5.5538
5.573775
5.576375
5.589525
5.7634
5.78265
5.792
5.9248
5.942325
5.972775
6.0789
6.09015
6.4806
6.559325
6.56375
6.802975
7.03595
7.0688
7.145275
7.280925
7.349125
7.42105
7.458325
7.986975
8.056075
8.073825
8.23975
8.556175
8.629175
8.65895
8.73685
8.930075
9.09755
9.121475
9.1985
9.3164
9.421575
9.4597
9.655425
9.7539
9.8371
9.902725
180
