0.103925
0.2797
0.35565
0.40915
0.444725
0.446325
0.459525
0.464675
0.468275
0.475575
0.487575
0.498
0.5064
0.5134
0.514775
0.515575
0.51775
0.5253
0.532075
0.5398
0.547925
0.55335
0.560125
0.5681
0.5784
0.5807
0.60455
0.61375
0.617275
0.619975
0.635825
0.640675
0.6637
0.677175
0.686675
0.69535
0.701825
0.7072
0.72525
0.733275
0.735475
0.789225
0.793725
0.8076
0.809975
0.8119
0.83495
0.839875
0.8622
0.916175
0.918625
0.924075
0.942425
0.94495
0.952
0.959725
0.99855
1.09
1.10915
1.139575
1.182925
1.1942
1.20335
1.213625
1.27355
1.28345
1.2949
1.300575
1.320225
1.3407
1.346325
1.352725
1.35645
1.356625
1.3794
1.430175
1.434475
1.4496
1.48995
1.508625
1.5442
1.6432
1.708525
1.73255
1.73925
1.76
1.769075
1.772675
1.79455
1.84335
1.905425
1.918925
1.927175
1.997125
2.01175
2.088575
2.092275
2.142025
2.236275
2.24505
2.331225
2.350425
2.36295
2.4209
2.4923
2.56535
2.56835
2.5831
2.5919
2.600075
2.75175
2.766675
2.774575
2.82125
2.877425
2.95435
2.963625
3.002225
3.0205
3.06395
3.145975
3.171375
3.206125
3.275325
3.290925
3.36115
3.42425
3.50575
3.51615
3.541125
3.55725
3.57215
3.721175
3.723975
3.74365
3.921675
4.115275
4.124075
4.182525
4.199725
4.276225
4.304075
4.375125
4.388025
4.414625
4.460575
4.5522
4.587275
4.6372
4.640375
4.7354
4.791825
4.925825
4.9374
5.036275
5.066375
5.1609
5.195775
5.325
5.380225
5.4483
5.4572
5.488075
5.51555
5.616425
5.635725
5.688975
5.7598
5.930025
5.958025
6.0974
6.104125
6.107075
6.12535
6.259875
6.29325
6.337075
6.35295
6.434425
6.584275
6.682325
6.68865
6.698475
6.736625
6.737525
6.7599
6.9841
6.985475
7.00605
7.071775
7.176725
7.244075
7.411275
7.6036
7.674125
7.7468
7.945825
8.007225
8.303
8.462975
8.471
8.743675
8.765125
8.767825
8.83245
8.83735
9.03175
9.1741
9.191425
9.30215
9.366025
9.49125
9.538325
9.656025
9.802425
9.84285
9.9465
217
