0.152375
0.29765
0.34165
0.41885
0.4474
0.44815
0.476725
0.477525
0.50175
0.503875
0.505025
0.507175
0.51255
0.52585
0.532675
0.533
0.53905
0.565975
0.57375
0.584275
0.6137
0.62585
0.6583
0.66205
0.674225
0.6783
0.680425
0.682025
0.721325
0.745325
0.754
0.760925
0.7628
0.7701
0.782775
0.785225
0.793475
0.794125
0.81365
0.822575
0.83435
0.863625
0.865325
0.866825
0.88765
0.911825
0.91645
0.9169
0.920175
0.94275
0.944125
0.966075
0.987775
1.066425
1.157075
1.202875
1.216325
1.230025
1.2776
1.30555
1.31615
1.323525
1.33035
1.331025
1.383375
1.4418
1.45275
1.5163
1.5721
1.575075
1.581675
1.654
1.75555
1.92835
1.944675
1.973475
2.122275
2.44645
2.58605
2.607025
2.68015
2.6912
2.699875
2.726325
2.738275
2.7394
2.742475
2.762825
2.839675
2.857125
2.86685
2.892775
2.95685
2.967825
3.037425
3.06075
3.067125
3.0693
3.069525
3.136825
3.16615
3.166525
3.513175
3.52305
3.528475
3.638625
3.6783
3.828625
3.861875
3.91585
4.09685
4.106875
4.1593
4.223775
4.2693
4.28385
4.38365
4.41455
4.47105
4.50885
4.64905
4.68935
4.74845
4.801525
4.87905
4.96995
5.041675
5.041925
5.116175
5.163525
5.168175
5.3244
5.353525
5.47145
5.4879
5.553275
5.60195
5.679375
5.729725
5.778925
5.831275
5.89145
5.92395
5.987925
6.004475
6.0296
6.039925
6.046325
6.056675
6.097025
6.118375
6.1526
6.2763
6.627475
6.80815
6.81405
6.923725
7.081175
7.09595
7.174775
7.19895
7.2617
7.268675
7.272125
7.28045
7.4059
7.420975
7.5007
7.55205
7.726325
7.815
7.9038
7.923875
8.29245
8.438225
8.49405
8.501375
8.567375
8.907675
8.93765
9.028875
9.029875
9.20925
9.21455
9.3043
9.336025
9.439875
9.506725
9.55065
9.6441
9.71605
9.845275
9.88575
9.90645
9.934425
195
