0.010175
0.1425
0.2194
0.31385
0.42395
0.444675
0.46065
0.465625
0.4838
0.5046
0.519975
0.52275
0.53485
0.54145
0.550325
0.55995
0.577675
0.606125
0.668325
0.692
0.696775
0.705675
0.737975
0.74165
0.7444
0.7727
0.8334
0.845275
0.860825
0.8671
0.886
0.927525
0.96745
0.972875
0.980775
0.998025
1.043825
1.09565
1.113975
1.12545
1.252425
1.25245
1.35465
1.37015
1.3771
1.383625
1.3899
1.399975
1.427125
1.441
1.491225
1.550625
1.6784
1.756
1.7627
1.807975
1.842625
1.853425
1.85495
1.905525
1.915775
2.042325
2.10935
2.1878
2.194225
2.343625
2.35445
2.3844
2.4504
2.661225
2.713
2.740925
2.773125
2.814625
2.817675
2.88485
2.9108
2.9387
2.998
3.13915
3.1663
3.283875
3.2846
3.307075
3.356425
3.476275
3.524575
3.527325
3.59425
3.612925
3.6381
3.7128
3.74895
3.751075
3.777
3.97065
3.976575
4.0831
4.098075
4.1051
4.1062
4.120125
4.13425
4.174175
4.17455
4.2126
4.259825
4.3489
4.41395
4.43365
4.438075
4.483525
4.52965
4.629225
4.64265
4.71065
4.762725
4.796725
4.807725
4.84785
4.915875
4.9227
4.95005
5.31585
5.366125
5.37695
5.41605
5.45375
5.471175
5.5349
5.561875
5.70255
5.7184
5.78655
5.86655
5.8891
5.9103
5.94405
5.9598
5.9706
6.070875
6.217825
6.297175
6.315275
6.33055
6.496425
6.55895
6.641825
6.7432
6.75265
6.7942
6.8041
6.871125
6.898975
6.992125
7.039325
7.11095
7.1355
7.19765
7.2181
7.244625
7.3439
7.4342
7.59095
7.61935
7.67265
7.705425
7.7087
7.740525
7.981725
8.05355
8.20795
8.2125
8.227975
8.237425
8.320875
8.4096
8.611825
8.71415
8.925225
8.96515
8.99355
9.08235
9.138525
9.2053
9.26455
9.380675
9.49945
9.500075
9.59725
9.65675
9.711375
9.740725
9.749275
9.787525
9.85525
9.862075
9.937325
198
