0.042075
0.0474
0.1174
0.188425
0.35675
0.3976
0.44345
0.4569
0.4604
0.485975
0.510525
0.5168
0.5239
0.5285
0.528725
0.550775
0.5781
0.62255
0.644225
0.671375
0.674675
0.68675
0.715075
0.724375
0.730625
0.75285
0.766225
0.7667
0.781225
0.8662
0.86815
0.8693
0.871925
0.9172
0.92995
0.9718
1.01775
1.033275
1.0552
1.146875
1.209
1.216875
1.23875
1.253725
1.2614
1.27475
1.324825
1.403825
1.4234
1.449075
1.4511
1.488025
1.49245
1.55515
1.571475
1.575375
1.579725
1.584975
1.6016
1.612575
1.64295
1.677925
1.7516
1.763225
1.79045
1.84395
1.9118
1.985225
1.9986
2.006
2.00905
2.0209
2.030825
2.063825
2.08165
2.095825
2.109
2.120775
2.2249
2.2369
2.28025
2.28635
2.2953
2.3235
2.3381
2.3606
2.387675
2.43175
2.5194
2.528075
2.640875
2.736
2.738075
2.768
2.780875
2.78255
2.87255
2.878525
2.897525
2.990725
3.00325
3.03155
3.050125
3.0854
3.122475
3.159025
3.176875
3.193
3.278475
3.34405
3.45595
3.62515
3.65225
3.687775
3.7214
3.789325
3.803375
3.8378
3.841325
3.896275
3.946225
3.948175
3.98505
3.99725
4.13085
4.162075
4.178775
4.2328
4.3171
4.3619
4.45735
4.64895
4.6707
4.716025
4.7172
4.728425
4.7786
4.790825
4.901875
4.936825
5.02265
5.127225
5.14205
5.25945
5.277225
5.31755
5.467675
5.605475
5.6273
5.667
5.700075
5.77385
5.919475
6.0055
6.13935
6.219775
6.22105
6.368025
6.423325
6.46555
6.4926
6.519975
6.5704
6.602025
6.903375
6.948325
6.9775
7.0064
7.261375
7.35175
7.71775
7.9742
8.08325
8.1804
8.193575
8.454075
8.481925
8.58725
8.6499
8.6622
8.7232
9.506275
9.52605
9.6429
9.6681
9.75155
9.808525
9.985375
9.99215
189
