0.033175
0.0387
0.0665
0.405875
0.416175
0.457175
0.47285
0.521225
0.543375
0.543725
0.55355
0.56675
0.5737
0.586625
0.595675
0.6346
0.642625
0.673625
0.68825
0.718725
0.740225
0.778125
0.78335
0.8164
0.81885
0.820375
0.82475
0.842325
0.845175
0.86705
0.8857
0.8958
0.8972
0.899925
0.908725
0.939025
0.941
0.98305
1.046625
1.07765
1.112775
1.127825
1.148675
1.151725
1.15515
1.182475
1.22995
1.24575
1.27705
1.302025
1.308825
1.3125
1.319075
1.331825
1.394225
1.46245
1.46855
1.513575
1.525325
1.648575
1.670975
1.67145
1.809425
1.81
1.831275
1.8853
1.905425
1.912375
1.955575
1.97245
2.039825
2.059525
2.064225
2.12175
2.244925
2.313
2.37005
2.395375
2.4012
2.470475
2.543425
2.628175
2.64955
2.671775
2.6913
2.691525
2.76085
2.769125
2.83855
2.848825
2.91205
2.9298
2.96815
2.98765
3.03335
3.117175
3.142075
3.14745
3.2154
3.222475
3.257875
3.29705
3.318325
3.35455
3.41935
3.457475
3.457775
3.518825
3.5305
3.66175
3.7048
3.715275
3.752075
3.82215
3.8876
4.047925
4.1109
4.199825
4.203825
4.272275
4.287825
4.314225
4.361025
4.5453
4.6031
4.677325
4.731575
4.834375
4.996
5.057475
5.073575
5.195375
5.310125
5.35615
5.35785
5.399125
5.43695
5.579625
5.9448
6.35675
6.42215
6.57655
6.620075
6.62685
6.6671
6.689325
6.766575
6.9061
6.957325
7.0118
7.100425
7.16175
7.18645
7.391425
7.4484
7.45515
7.648775
7.694025
7.697125
8.01995
8.0478
8.0617
8.089525
8.1444
8.266525
8.27755
8.316725
8.473475
8.52575
8.6317
8.70925
8.7537
8.814975
8.933025
9.0847
9.109675
9.308325
9.4361
9.475525
9.56055
9.929675
9.957275
182
