0.098825
0.155775
0.34175
0.404925
0.4212
0.462025
0.47275
0.477725
0.4989
0.52405
0.533175
0.5428
0.546175
0.550675
0.569
0.57105
0.5866
0.58965
0.603475
0.606125
0.6066
0.6159
0.6213
0.621475
0.6218
0.624425
0.62905
0.635925
0.63815
0.64655
0.67495
0.68445
0.6909
0.7023
0.705375
0.7106
0.715875
0.737825
0.76495
0.7656
0.78225
0.7863
0.789575
0.80425
0.805275
0.815075
0.840125
0.86755
0.902375
0.906925
0.9151
0.93045
0.930725
0.9418
0.9438
0.9739
1.00095
1.00935
1.020075
1.03215
1.083425
1.153825
1.165575
1.17095
1.1959
1.2009
1.2118
1.245625
1.26355
1.27725
1.285725
1.29815
1.309
1.32915
1.33565
1.3364
1.36555
1.3675
1.371925
1.380575
1.400875
1.405475
1.4115
1.4167
1.42515
1.457775
1.48845
1.535025
1.538375
1.582125
1.588225
1.594475
1.6119
1.664875
1.678325
1.698725
1.7742
1.77885
1.8113
1.8219
1.868075
1.871325
1.9417
1.968175
2.05815
2.080125
2.11485
2.118825
2.119575
2.173575
2.197175
2.222
2.255175
2.29725
2.33145
2.354025
2.375825
2.3979
2.424075
2.553025
2.5721
2.60545
2.605525
2.6843
2.692725
2.762375
2.847375
2.988375
3.07325
3.083125
3.107475
3.144
3.17415
3.338375
3.3744
3.433575
3.585775
3.63995
3.823025
3.84555
3.9189
3.9194
3.92315
3.982075
4.001525
4.01385
4.0928
4.21605
4.22795
4.232375
4.3908
4.438675
4.482975
4.5056
4.7451
4.7837
4.865725
4.976975
5.012225
5.01305
5.1608
5.2473
5.4396
5.46235
5.4951
5.5378
5.59195
5.625275
5.6351
5.653475
5.7026
5.853925
5.92335
5.969075
5.9887
5.99925
6.014475
6.041025
6.109275
6.195475
6.328575
6.521125
6.674375
6.69325
6.694775
6.757225
6.981
7.067225
7.509175
7.56725
7.6798
7.79415
7.918775
7.957
8.109575
8.2511
8.3322
8.412575
8.453775
8.492425
8.5873
8.6841
8.691425
8.736325
8.791425
8.806775
8.8426
8.947875
8.956825
9.167975
9.1879
9.320125
9.332575
9.4472
9.5027
9.611225
9.731875
9.842875
9.9138
9.9211
220
