0.0352
0.082875
0.2188
0.27905
0.45745
0.4683
0.4727
0.47565
0.497825
0.5093
0.520425
0.531425
0.536675
0.549875
0.556975
0.560575
0.5692
0.576525
0.6033
0.60545
0.6123
0.612425
0.617925
0.633975
0.671825
0.694625
0.6948
0.706425
0.71205
0.730575
0.736025
0.738375
0.742275
0.7623
0.781275
0.79425
0.808075
0.828875
0.829525
0.852025
0.852475
0.8539
0.87035
0.883475
0.892275
0.90025
0.92305
0.9276
0.940025
0.97335
0.990225
1.016225
1.060025
1.074825
1.0948
1.1458
1.161775
1.16345
1.194825
1.239225
1.255325
1.263525
1.273425
1.298475
1.323825
1.396675
1.4537
1.4774
1.512125
1.5337
1.62875
1.7373
1.739625
1.758475
1.760575
1.829425
1.83825
1.86135
1.91595
1.928175
1.947725
1.9899
2.0031
2.0456
2.0632
2.1262
2.19615
2.198075
2.227175
2.230825
2.262775
2.28515
2.3001
2.324975
2.33005
2.5562
2.592425
2.652975
2.686825
2.841
2.908375
2.956675
3.012
3.164075
3.199525
3.2566
3.340325
3.6229
3.65155
3.722575
3.833675
3.84255
3.91215
3.967075
3.9687
4.0809
4.2466
4.327425
4.341625
4.407725
4.50485
4.51365
4.689575
4.706075
4.8564
4.90015
5.065225
5.1312
5.1526
5.235275
5.3073
5.332975
5.47775
5.52175
5.603775
5.66275
5.683775
5.90135
5.965575
6.07075
6.07805
6.144725
6.180625
6.3186
6.448575
6.467775
6.542075
6.802525
6.920125
6.9533
7.034875
7.212925
7.61215
7.612375
7.6279
7.84265
7.905775
7.9241
7.92525
7.962625
8.084525
8.102425
8.24275
8.2632
8.406125
8.456725
8.4983
8.5049
8.531475
8.56735
8.694225
8.76625
8.805625
8.819375
8.883875
8.956325
8.97475
9.123675
9.13265
9.29975
9.3101
9.3239
9.5605
9.59785
9.75035
185
