0.00125
0.032025
0.1378
0.149475
0.17695
0.184175
0.1843
0.413975
0.47265
0.476
0.484325
0.489675
0.506975
0.5163
0.51655
0.562925
0.5672
0.575175
0.600725
0.627025
0.631425
0.637725
0.6405
0.649525
0.653925
0.679975
0.68085
0.708325
0.7111
0.7127
0.7324
0.747675
0.779925
0.783575
0.784225
0.785175
0.827175
0.8592
0.922725
0.92325
0.9257
0.95925
0.9966
1.007425
1.01485
1.017925
1.065375
1.096475
1.1067
1.130125
1.144475
1.17135
1.186325
1.22
1.260025
1.260325
1.300375
1.3089
1.327275
1.336275
1.34835
1.351575
1.3668
1.428
1.489575
1.49225
1.497975
1.538425
1.6474
1.682975
1.69885
1.792875
1.85795
1.8651
1.877525
1.971875
1.978525
2.024475
2.05515
2.156925
2.2395
2.246375
2.263825
2.287
2.2875
2.3014
2.4466
2.45885
2.522875
2.5769
2.606
2.614425
2.7138
2.74565
2.895
2.960775
3.0223
3.1707
3.19515
3.209275
3.24005
3.2417
3.29415
3.33705
3.367725
3.483475
3.628975
3.64115
3.655225
3.786875
3.8203
3.890925
3.9663
3.9725
3.979
4.030575
4.065475
4.086425
4.18945
4.197575
4.330625
4.40435
4.40955
4.432075
4.4529
4.550775
4.590875
4.64675
4.69335
4.70055
4.778125
4.836925
4.921675
4.9489
4.977225
5.035975
5.110775
5.1522
5.28745
5.30725
5.364325
5.38985
5.518275
5.584475
5.6372
5.671025
5.760725
5.785775
5.8275
6.02755
6.053025
6.070875
6.267275
6.280275
6.32835
6.33605
6.541675
6.5535
6.582275
6.660175
7.04095
7.051225
7.15335
7.205925
7.316675
7.4266
7.48455
7.52745
7.574425
7.610325
7.79115
7.838725
7.8604
7.886775
7.952125
7.9625
8.138175
8.381425
8.50275
8.556575
8.563775
8.65925
8.752325
8.7815
8.79275
8.843275
8.915025
8.930075
8.983275
9.1085
9.1148
9.156425
9.24025
9.45785
9.45835
9.507025
9.5257
9.5332
9.542
9.5852
9.964025
201
