0.0372
0.215175
0.264125
0.4005
0.404175
0.413675
0.418575
0.481675
0.481725
0.5075
0.509375
0.52485
0.5367
0.542275
0.55395
0.57485
0.5809
0.5919
0.6026
0.608475
0.610325
0.611225
0.626575
0.635175
0.6375
0.654025
0.6898
0.691425
0.69245
0.699925
0.707675
0.761375
0.802425
0.817675
0.865375
0.875325
0.884325
0.887125
0.891
0.901825
0.919575
0.9206
0.95905
0.965125
0.97985
0.989275
0.989475
0.997175
1.09955
1.111675
1.13515
1.1602
1.181325
1.1998
1.2055
1.23595
1.25275
1.298275
1.375775
1.413175
1.429525
1.43315
1.44185
1.450575
1.476025
1.486525
1.4915
1.5082
1.531875
1.535575
1.566725
1.6148
1.6776
1.681275
1.768975
2.10335
2.1821
2.272725
2.370425
2.431425
2.44095
2.45605
2.563175
2.577525
2.632175
2.701575
2.749675
2.782625
2.8021
2.8038
2.8039
2.81435
2.83395
2.83715
2.916275
2.93305
3.007975
3.1008
3.11755
3.12035
3.14995
3.192625
3.265075
3.27035
3.301675
3.326525
3.441925
3.44285
3.484225
3.48825
3.490075
3.52495
3.55465
3.604075
3.61275
3.737475
3.7804
3.800825
3.85735
3.935275
3.960675
3.98055
3.9932
4.0592
4.079825
4.252375
4.3398
4.344075
4.458075
4.460325
4.582825
4.6839
4.770125
4.780475
4.908425
4.9266
5.021225
5.055175
5.14265
5.204375
5.2056
5.207775
5.254925
5.272225
5.403375
5.563125
5.7463
5.79505
6.111675
6.169075
6.34045
6.3796
6.42485
6.4377
6.57975
6.586
6.806175
6.81555
6.817075
7.009025
7.046125
7.18875
7.194675
7.289575
7.39215
7.415225
7.450375
7.901675
7.9942
8.067075
8.101075
8.156125
8.188
8.195875
8.317325
8.38725
8.40865
8.409425
8.4447
8.53635
8.611775
8.808775
8.929225
9.107825
9.142225
9.24615
9.261025
9.282775
9.303575
9.38645
9.621375
9.673525
9.8416
9.894975
9.947875
9.9793
9.9955
197
