0.104975
0.213625
0.2778
0.317325
0.459675
0.48815
0.488525
0.49035
0.512175
0.515775
0.52475
0.526825
0.53235
0.5358
0.55795
0.558075
0.55935
0.561175
0.561325
0.56475
0.574275
0.583025
0.602975
0.603675
0.6096
0.612825
0.617075
0.632875
0.64525
0.669375
0.713025
0.743625
0.75025
0.7687
0.770375
0.798025
0.802525
0.808125
0.83165
0.854575
0.855625
0.903
0.904325
0.92805
0.9879
1.005575
1.033075
1.064825
1.097725
1.250975
1.252125
1.27625
1.277725
1.292375
1.3584
1.36775
1.3711
1.399575
1.449075
1.5372
1.650425
1.709475
1.75665
1.768575
1.785975
1.8396
1.84715
1.869475
1.900475
1.92545
1.926625
2.00055
2.02925
2.117325
2.160025
2.1999
2.201325
2.246975
2.2778
2.3405
2.38415
2.497025
2.52425
2.534175
2.5608
2.6077
2.61595
2.647325
2.744025
2.8241
2.932825
3.0051
3.009275
3.048825
3.071125
3.07325
3.136375
3.1808
3.198575
3.228875
3.23525
3.329275
3.38205
3.399075
3.4053
3.448975
3.47395
3.54245
3.82575
3.838275
3.840875
3.862525
3.880825
3.909275
3.940025
3.94825
3.97375
4.0006
4.04085
4.1387
4.146275
4.15395
4.257975
4.376525
4.44165
4.513425
4.5938
4.609975
4.64335
4.88585
4.895025
4.91945
4.921925
4.95585
5.2336
5.316825
5.35765
5.4281
5.432625
5.50185
5.621725
5.787925
5.813475
5.961025
5.96905
5.993125
6.070275
6.098475
6.44355
6.526625
6.598175
6.6237
6.883175
6.9156
6.943475
6.9774
7.096875
7.151225
7.2192
7.2999
7.326075
7.403975
7.429775
7.4364
7.510425
7.5349
7.64335
7.7463
7.90695
8.0339
8.04885
8.306825
8.364675
8.5036
8.529
8.546875
8.626025
8.666975
8.6892
8.80895
8.845725
8.9394
9.00745
9.068825
9.081425
9.193975
9.21885
9.2237
9.231125
9.528475
9.57825
9.992225
192
