0.0913
0.102425
0.12305
0.238
0.395875
0.4268
0.452
0.483375
0.491125
0.49295
0.49995
0.506125
0.5083
0.510275
0.51685
0.5177
0.518975
0.53965
0.5404
0.540675
0.54995
0.5543
0.555925
0.5673
0.568375
0.579425
0.59905
0.6011
0.6063
0.617675
0.632725
0.64595
0.660325
0.6725
0.681
0.68605
0.706525
0.7324
0.737
0.744475
0.7482
0.748875
0.7503
0.7975
0.824875
0.907225
0.9189
0.9447
0.949075
0.9524
0.954925
0.97425
0.979575
1.0158
1.016175
1.038125
1.041975
1.046225
1.047
1.05175
1.0536
1.05975
1.114825
1.14455
1.167075
1.186375
1.1898
1.221475
1.22535
1.25775
1.3001
1.35115
1.379175
1.4561
1.46065
1.468925
1.487925
1.5833
1.593875
1.634675
1.7317
1.734
1.73735
1.7384
1.757
1.7861
1.8246
1.83335
1.87035
1.89595
1.911925
1.92305
1.926175
1.95175
1.9752
2.0606
2.061425
2.122525
2.1444
2.1999
2.4404
2.578275
2.6093
2.6308
2.703675
2.726475
2.762025
2.762875
2.843075
2.887225
2.906475
2.91385
2.9205
3.05405
3.071725
3.154775
3.1746
3.306325
3.3759
3.538075
3.57975
3.641675
3.673425
3.716725
3.8272
3.832375
3.859075
3.89425
3.93125
3.93815
3.9602
3.972325
3.995025
4.015075
4.05545
4.131875
4.145825
4.2493
4.2523
4.439475
4.471575
4.4791
4.7239
4.738525
4.7532
4.834175
4.900575
4.945725
4.956925
4.991625
5.146075
5.165225
5.1868
5.20065
5.229825
5.33145
5.41795
5.420475
5.523975
5.525425
5.5721
5.601975
5.645175
5.790975
6.017475
6.121625
6.273475
6.32745
6.411525
6.531275
6.575
6.6454
6.811375
7.026975
7.156425
7.208
7.307325
7.486975
7.4949
7.505325
7.580725
7.599775
8.1791
8.24865
8.25815
8.2684
8.435875
8.52225
8.667825
8.674375
8.847275
9.133225
9.18225
9.1883
9.42965
9.446
9.4982
9.580925
9.679575
9.726625
9.75235
9.775625
9.78355
9.96685
204
