0.1412
0.21895
0.408975
0.412575
0.41555
0.4336
0.43375
0.462425
0.4722
0.472475
0.484125
0.4953
0.5114
0.514625
0.5262
0.53575
0.569125
0.590825
0.602775
0.60965
0.62265
0.6272
0.628575
0.667325
0.67425
0.6957
0.71285
0.71425
0.716775
0.748925
0.783975
0.78805
0.8127
0.813925
0.826125
0.9269
0.9304
0.937975
0.94375
1.0014
1.0027
1.019125
1.02375
1.040825
1.055275
1.05995
1.093775
1.11445
1.126625
1.15565
1.157425
1.16655
1.17745
1.185375
1.2213
1.225
1.226425
1.244025
1.2542
1.255575
1.2747
1.325125
1.339825
1.391975
1.403475
1.477075
1.504075
1.6183
1.64475
1.673675
1.72485
1.75375
1.759325
1.790325
1.8169
1.864675
1.878775
1.9234
1.954975
1.983375
2.00235
2.01895
2.0415
2.082825
2.127975
2.215975
2.229025
2.246475
2.273375
2.290725
2.307825
2.3156
2.4071
2.42425
2.429125
2.584825
2.614725
2.691175
2.753275
2.8517
2.888175
2.8957
2.9636
2.975075
2.995175
3.05395
3.12265
3.15055
3.16005
3.211025
3.23795
3.320825
3.3983
3.450375
3.467625
3.527175
3.637475
3.78835
3.846875
3.85195
3.86895
3.8724
3.9101
3.9407
4.015925
4.04135
4.04365
4.091
4.116975
4.20315
4.250625
4.300525
4.34605
4.36585
4.38105
4.43325
4.46165
4.663625
4.74055
4.932625
4.952975
4.99335
5.02285
5.053625
5.084025
5.508375
5.8528
5.882175
6.012925
6.043525
6.157875
6.30405
6.316575
6.323825
6.340675
6.433625
6.5174
6.5207
6.754625
6.87635
6.900625
6.905675
6.9916
7.07505
7.08275
7.288975
7.346025
7.4145
7.45485
7.467175
7.472275
7.514075
7.8073
7.971625
7.97455
8.0175
8.04615
8.1186
8.17925
8.366075
8.547225
8.57005
8.624675
8.80985
8.83825
8.91105
8.982125
9.0992
9.255325
9.3006
9.3406
9.42665
9.435125
9.51795
9.52125
9.531325
9.5522
9.5846
9.590725
9.611225
9.656675
9.80635
9.867225
203
