0.073825
0.078525
0.1148
0.225175
0.427675
0.4551
0.4942
0.500175
0.5704
0.650625
0.66045
0.709675
0.766875
0.80105
0.94195
0.95925
0.977575
1.01735
1.06725
1.10895
1.18255
1.192725
1.315275
1.3918
1.677625
1.727625
1.8386
2.0886
2.1936
2.201725
2.204825
2.322275
2.34985
2.3639
2.456325
2.518275
2.552925
2.656675
2.667625
2.72165
2.788725
2.95245
2.983475
3.272525
3.357525
3.64065
3.789525
3.9682
3.97495
3.98565
4.256025
4.29805
4.303975
4.4566
4.48635
4.61305
4.929725
5.042125
5.109625
5.1201
5.12705
5.1654
5.257625
5.33315
5.63775
5.671125
5.778725
5.84825
5.856575
5.992225
6.2805
6.344275
6.3547
6.535525
6.626975
6.63495
6.705925
6.70875
6.741975
6.949875
6.966425
7.01045
7.019475
7.180325
7.221925
7.322725
7.32915
7.38215
7.432975
7.584375
7.61355
7.623775
7.790725
8.137625
8.13935
8.20015
8.32775
8.4968
8.58695
8.67735
8.800575
8.988075
8.99745
9.07335
9.2897
9.572375
9.680125
9.7205
9.728175
9.736425
9.932375
9.941675
112
