0.075775
0.22815
0.392125
0.498375
0.50675
0.59655
0.621375
0.6873
0.801675
0.978475
1.0233
1.063475
1.101875
1.377975
1.414975
1.459175
1.4873
1.58405
1.737075
1.8168
1.8301
1.891025
1.901625
2.0639
2.1128
2.1317
2.358375
2.49735
2.51185
2.6742
2.710375
2.725325
2.775725
2.801075
2.814325
2.851225
2.8832
3.0006
3.3557
3.3595
3.37395
3.522225
3.5538
3.68525
3.811075
3.86815
3.9396
3.9705
3.983825
4.03935
4.10715
4.2017
4.40945
4.481075
4.56955
4.58145
4.658075
4.69945
4.99545
5.11335
5.178425
5.188425
5.321725
5.331125
5.3567
5.631825
5.765225
5.8395
5.931325
5.9506
5.98345
6.213875
6.259125
6.26745
6.440975
6.452775
6.45575
6.4654
6.47875
6.537025
6.6504
6.886275
7.003375
7.038325
7.058325
7.163825
7.267625
7.3753
7.44055
7.495
7.519275
7.564525
7.84625
7.86825
7.910625
8.022625
8.1207
8.271025
8.2754
8.305525
8.3667
8.405175
8.45505
8.494025
8.5646
8.70355
8.7514
8.7581
8.799525
8.88795
9.062025
9.097725
9.17815
9.349825
9.46025
9.552275
9.726625
9.780825
9.852925
9.92205
9.93805
121
