0.06505
0.270425
0.277375
0.299075
0.3655
0.4509
0.4579
0.62505
0.636475
0.663975
0.723325
0.83565
0.83655
0.893325
0.937275
0.9527
0.953625
1.023375
1.067975
1.126025
1.1494
1.2518
1.282975
1.30165
1.4292
1.577775
1.72115
1.8543
1.888625
1.90415
2.1006
2.196125
2.242075
2.2436
2.262725
2.394575
2.4015
2.521675
2.675975
2.684825
2.684925
2.72825
2.795525
2.8235
2.853875
2.8662
2.969825
2.992375
3.0065
3.25075
3.25785
3.264275
3.32995
3.38355
3.40945
3.486875
3.48835
3.538425
3.721
3.765
3.786725
3.822075
3.827625
3.85455
3.87065
4.246975
4.306575
4.419125
4.4394
4.664575
4.87495
4.878325
4.979675
5.161625
5.172575
5.188825
5.218625
5.220575
5.27215
5.7207
5.723575
5.8798
5.884325
5.94805
6.07935
6.118225
6.144975
6.23605
6.259025
6.301075
6.327425
6.35165
6.5103
6.582
6.77785
6.78605
6.825575
6.8297
6.8662
6.897925
7.134375
7.27655
7.3804
7.466075
7.567325
7.64485
7.777575
7.7793
7.823675
8.37045
8.408775
8.465725
8.7338
8.78895
8.91145
8.990925
9.054625
9.063825
9.174375
9.2608
9.282925
9.43295
9.520825
9.782125
9.85215
9.960925
9.9876
127
