0.09565
0.1164
0.129375
0.298475
0.3713
0.3942
0.4177
0.508325
0.5121
0.5813
0.593625
0.593975
0.80735
0.811125
0.847725
0.90235
0.97815
1.026375
1.02735
1.052475
1.060325
1.098925
1.11855
1.2006
1.2423
1.417575
1.42405
1.463025
1.687875
1.71205
1.776125
1.8309
1.836875
1.863975
2.1285
2.1914
2.2242
2.535175
2.56515
2.637925
2.7457
2.801575
2.838175
2.843
2.890625
2.99385
3.04925
3.3814
3.4746
3.668925
3.67805
3.81005
3.83115
3.994625
4.057275
4.171425
4.317375
4.399125
4.4969
4.506475
4.593125
4.695275
4.791725
4.918825
5.017275
5.112575
5.137725
5.2049
5.244
5.42765
5.682225
5.7133
5.714175
6.07035
6.07485
6.164
6.340725
6.362325
6.565175
6.7782
6.815375
7.12225
7.13855
7.165625
7.26925
7.297625
7.32155
7.322675
7.352825
7.4556
7.720675
7.76485
7.7955
7.8442
7.920725
8.092275
8.208075
8.4476
8.49055
8.4972
8.69335
8.76835
8.778725
8.8977
9.073475
9.09845
9.1185
9.200175
9.266925
9.445225
9.448025
9.50165
9.513225
9.628075
9.848
9.9279
116
