0.0254
0.11885
0.17815
0.343525
0.37155
0.4285
0.494625
0.496625
0.524375
0.579
0.6423
0.683925
0.691275
0.7532
0.758075
0.864925
0.928975
0.990575
0.996225
1.0486
1.1165
1.243175
1.3128
1.317075
1.345025
1.38155
1.509775
1.6105
1.613825
1.66465
1.715575
1.83305
1.965925
2.20285
2.24725
2.3386
2.442175
2.446025
2.4661
2.651825
2.659775
2.6772
2.689475
2.85085
3.079475
3.5153
3.642825
3.757825
3.93055
3.982775
4.1195
4.2065
4.2991
4.3808
4.586
4.60175
4.64645
4.684775
4.734375
4.7539
4.808475
4.951875
5.0922
5.24285
5.34785
5.407125
5.41195
5.461225
5.59125
5.5961
5.751925
5.75585
5.797075
5.944375
6.06135
6.0835
6.103175
6.1361
6.1893
6.2048
6.2108
6.4023
6.59645
6.9069
7.1131
7.21835
7.4408
7.44735
7.453175
7.623475
7.833275
7.98895
7.990075
8.102875
8.152525
8.261875
8.277675
8.306075
8.4542
8.6387
8.6558
8.705375
9.124475
9.219225
9.225425
9.246075
9.3476
9.52975
9.54035
9.609175
9.75705
9.85095
112
