0.1173
0.13125
0.146525
0.2744
0.32905
0.5163
0.52095
0.52915
0.641875
0.6878
0.7069
0.9949
1.001475
1.05285
1.053675
1.06725
1.267775
1.37965
1.447525
1.505175
1.5269
1.65045
1.662975
1.692725
1.745875
1.753375
1.918525
1.9813
2.1787
2.191625
2.20025
2.2306
2.238175
2.383075
2.4198
2.526675
2.572725
2.620375
2.66015
2.68325
2.735325
2.90005
3.007725
3.035475
3.05155
3.081775
3.39105
3.559175
3.61935
3.70645
3.857275
3.8873
3.912875
4.05625
4.13825
4.158925
4.33275
4.334375
4.3968
4.4469
4.48045
4.51715
4.546575
4.823575
4.86445
4.866225
4.89125
4.9375
5.035025
5.19505
5.214825
5.305325
5.442475
5.49985
5.687175
5.724075
5.93705
5.9447
5.95755
5.974
6.14345
6.173
6.238
6.3723
6.399375
6.4012
6.41045
6.444625
6.4729
6.627925
6.76555
6.81335
6.9762
7.320275
7.330325
7.346975
7.35705
7.456075
7.4965
7.592525
7.621125
7.650625
7.6691
7.812225
7.8798
7.93875
7.944625
7.97375
8.0691
8.272725
8.27765
8.293675
8.311
8.613375
8.676725
8.6931
8.75015
9.033425
9.077825
9.113075
9.2072
9.264725
9.46765
9.472875
9.476575
9.50015
9.648775
9.65725
9.685475
9.7002
9.707075
9.721375
9.73665
9.79855
9.812975
9.92515
136
