0.072525
0.0741
0.17315
0.2793
0.3709
0.37205
0.517775
0.6475
0.721
0.740425
0.7974
0.819
0.846325
0.91125
0.9412
0.981525
1.01825
1.103675
1.2094
1.40435
1.4914
1.5012
1.50405
1.51835
1.56445
1.681325
1.700175
1.70915
1.762075
1.796
1.8063
2.0333
2.0795
2.096275
2.13535
2.264425
2.343625
2.4171
2.421
2.473125
2.514025
2.575625
2.582075
2.595875
2.6648
2.6804
2.795775
2.826925
2.884225
2.89355
2.94805
3.001475
3.197325
3.20395
3.48145
3.560975
3.571225
3.571775
3.734
3.776075
3.802475
3.804625
3.82015
4.105
4.2301
4.262475
4.321975
4.33485
4.395725
4.711675
4.7594
4.829375
4.9527
5.0458
5.2063
5.22375
5.3595
5.5782
5.593225
5.761625
5.774225
5.779775
5.780575
6.040775
6.2983
6.36765
6.553225
6.573925
6.753475
7.186975
7.476625
7.515
7.523975
7.533225
7.57855
7.6082
7.646725
7.6652
7.788125
7.801325
7.8841
7.9546
7.968825
8.0356
8.08105
8.166
8.34895
8.392975
8.39505
8.466325
8.5858
8.619225
8.648075
8.7523
8.847225
8.85945
8.9057
8.956375
9.3004
9.462625
9.584225
9.71025
9.73115
9.833575
9.85055
125
