0.00225
0.0129
0.155325
0.378825
0.44695
0.500025
0.5087
0.538725
0.54645
0.62025
0.645875
0.76665
1.35875
1.370725
1.442375
1.49995
1.535775
1.56375
1.70485
1.73935
2.02135
2.024
2.110975
2.1958
2.2955
2.38205
2.42495
2.50485
2.553025
2.554
2.577425
2.6071
2.76175
2.798375
2.840425
3.080575
3.107975
3.16025
3.172725
3.28785
3.322625
3.3499
3.418975
3.4251
3.5654
3.57975
3.756625
3.890375
3.9515
4.038875
4.137925
4.14375
4.1547
4.373425
4.436875
4.501025
4.547975
4.692
4.811425
5.06845
5.189475
5.358925
5.77635
5.7804
5.912125
6.0946
6.0962
6.16185
6.249575
6.254225
6.279775
6.2858
6.308525
6.371725
6.413875
6.476525
6.68545
6.72175
6.82605
6.90705
6.953575
6.954
7.034175
7.179775
7.210275
7.5401
7.99745
8.1223
8.188025
8.20965
8.68065
8.724675
8.787825
9.019325
9.209525
9.320675
9.337625
9.3629
9.513525
9.540475
9.74655
9.826625
9.926725
9.9349
9.93895
9.956675
9.962025
107
