0.2157
0.245725
0.307375
0.3358
0.47945
0.485475
0.495775
0.49925
0.538225
0.54475
0.576625
0.6008
0.603425
0.633725
0.73595
0.7527
0.81205
0.900625
0.907225
0.9205
0.943575
1.05735
1.064175
1.1405
1.267175
1.268125
1.296425
1.391575
1.39935
1.4396
1.496825
1.5945
1.688575
1.706
1.741
1.842725
1.974475
2.26135
2.304875
2.389125
2.447225
2.502725
2.606
2.809075
2.8374
2.9203
2.971575
3.023375
3.052
3.4508
3.541475
3.559475
3.7128
3.713275
3.751075
3.9382
3.94125
4.287975
4.5168
4.901375
5.0074
5.0541
5.190525
5.37195
5.401975
5.5988
5.627275
5.698825
6.080825
6.411425
6.66355
6.814875
7.3569
7.36485
7.44015
7.572475
7.628525
7.630625
7.846875
7.86195
8.0032
8.0118
8.07935
8.0798
8.20605
8.235475
8.5558
8.61805
8.714625
8.84885
8.861
8.866075
8.910775
8.957925
8.969525
9.0449
9.20735
9.28115
9.541375
9.8166
100
