0.0767
0.15005
0.232575
0.4097
0.536225
0.58135
0.611875
0.66425
0.73495
0.7954
0.87985
0.917575
1.16145
1.260225
1.479275
1.6421
1.7121
1.81535
1.87375
1.9695
1.9723
1.979325
2.018975
2.045775
2.265925
2.285025
2.365875
2.51325
2.528325
2.6686
2.679275
2.765475
2.78835
2.795975
2.8683
2.8817
2.91595
2.92855
3.06265
3.083625
3.10235
3.13525
3.135775
3.23205
3.24145
3.3609
3.415775
3.64285
3.821875
3.99795
4.08445
4.253075
4.2715
4.332425
4.378825
4.43765
4.452725
4.488425
4.5468
4.574925
4.682
4.68825
4.697175
4.71995
4.87215
4.91625
5.05625
5.329625
5.372275
5.572
5.735575
5.73675
5.75665
5.77365
5.7876
5.8572
5.89925
6.296225
6.3862
6.430575
6.442325
6.464775
6.4942
6.75945
6.800225
6.89935
7.135225
7.1538
7.28035
7.281
7.330325
7.480025
7.58315
7.640725
8.021875
8.025875
8.1646
8.3637
8.3893
8.437975
8.51775
8.64235
8.651375
8.6676
8.86835
8.8872
8.8903
8.91395
8.92225
8.97285
9.230725
9.24225
9.299775
9.329575
9.4326
9.52195
9.568325
9.663175
9.665675
9.728425
120
