0.0307
0.0475
0.10195
0.23195
0.472225
0.49065
0.588425
0.654525
0.69235
0.72
0.7472
0.821825
0.896125
0.9808
0.99705
1.0893
1.0927
1.100075
1.13155
1.165125
1.165425
1.30205
1.330825
1.3469
1.36055
1.519075
1.576275
1.694125
1.707975
1.76645
1.803875
1.8543
1.868625
1.897225
1.9946
2.085925
2.238025
2.418825
2.429675
2.452425
2.4594
2.473525
2.507975
2.568425
2.6143
2.666575
2.667075
2.71295
2.7816
2.918025
3.054475
3.067875
3.1434
3.3992
3.530675
3.56905
3.722825
3.8011
4.04575
4.0945
4.1222
4.182075
4.327775
4.42385
4.499775
4.590125
4.626475
4.62975
4.71035
4.71665
4.75425
4.79775
4.920625
4.927525
4.94765
5.0129
5.065775
5.13265
5.2128
5.22245
5.389525
5.42415
5.66265
5.7579
5.770025
6.00475
6.035725
6.112225
6.1238
6.193725
6.20175
6.2517
6.442825
6.606575
6.6141
6.623275
6.669725
6.68265
7.0245
7.369775
7.4493
7.584675
7.5857
7.620225
7.620375
7.63755
7.73485
7.84085
7.917075
8.06075
8.190975
8.3209
8.4078
8.443275
8.4628
8.476275
8.4959
8.657125
8.825475
8.919575
9.06025
9.11215
9.16805
9.25375
9.372425
9.5107
9.84555
9.90175
9.97805
129
