0.009225
0.11135
0.142125
0.3118
0.4937
0.4945
0.495425
0.563825
0.62045
0.64675
0.69125
0.791125
1.011975
1.021675
1.159325
1.188925
1.200225
1.281
1.39785
1.502725
1.52455
1.583975
1.74675
1.78555
1.7877
1.946825
2.037425
2.133625
2.16535
2.16835
2.212825
2.229225
2.25205
2.279425
2.292175
2.325275
2.332625
2.34625
2.353025
2.49275
2.54985
2.580475
2.62785
2.653575
2.67755
2.7158
2.72705
2.74365
2.760275
2.793875
2.81655
2.839975
2.847175
2.85835
2.871575
2.8801
3.0792
3.0876
3.100025
3.15145
3.15455
3.22435
3.60595
3.64
3.869025
3.890825
4.30825
4.31135
4.323475
4.46485
4.613775
4.6782
4.7329
4.751425
4.794
4.900975
4.9302
4.986675
5.18505
5.328525
5.4189
5.496275
5.530875
5.72
5.987325
6.310675
6.371875
6.38735
6.90835
6.974325
6.98805
6.99365
7.07985
7.3182
7.34355
7.483025
7.51995
7.6411
7.687775
7.786375
7.91255
7.924175
8.1499
8.173425
8.1915
8.223425
8.288975
8.30875
8.32195
8.3777
8.395
8.425725
8.502775
8.565075
9.053975
9.0605
9.104825
9.1791
9.376375
9.515875
9.73165
9.74335
9.76945
9.773775
9.9402
125
