0.0343
0.040325
0.06775
0.1673
0.257325
0.45925
0.47085
0.522375
0.526375
0.62905
0.655625
0.671575
0.673
0.69015
0.7401
0.74505
0.856325
0.89495
0.93185
1.27935
1.282575
1.312575
1.3226
1.3698
1.40465
1.419175
1.622225
1.881325
1.895675
2.061325
2.112825
2.1889
2.369975
2.388175
2.57175
2.58415
2.5961
2.9479
3.005725
3.050525
3.1059
3.382975
3.542475
3.555475
3.762325
3.928075
3.973975
4.17215
4.2326
4.4406
4.825425
4.991225
5.04425
5.523725
5.60345
5.676775
5.7378
5.780875
5.8459
5.892275
6.0954
6.101225
6.20475
6.290575
6.32435
6.488775
6.57895
6.58435
6.752425
7.175625
7.184075
7.2119
7.41195
7.468925
7.541625
7.577275
7.674625
7.73785
7.739775
7.855375
8.12515
8.38925
8.488625
8.500775
8.532325
8.545575
8.589225
8.701025
8.871375
8.8969
8.93105
9.0823
9.122875
9.172175
9.181625
9.188325
9.19895
9.218325
9.37275
9.755925
100
