0.232225
0.5565
0.63945
0.644625
0.8454
0.882625
0.9289
0.96125
0.973175
1.0347
1.101025
1.216125
1.23685
1.24025
1.375975
1.39755
1.466825
1.483975
1.492875
1.50015
1.54165
1.76465
1.86755
1.909575
1.965375
2.001625
2.047325
2.24475
2.322325
2.3566
2.473925
2.5307
2.5635
2.8623
2.969275
3.0432
3.203225
3.213625
3.274425
3.50795
3.552025
3.5636
3.6033
3.889525
3.911925
3.95205
3.97825
4.037625
4.18545
4.2659
4.310825
4.3243
4.484
4.5344
4.895625
4.950825
4.9831
5.067875
5.1243
5.20205
5.249675
5.35785
5.549225
5.6409
5.66535
5.7465
5.753425
5.78925
5.789275
5.89635
6.00645
6.106475
6.504025
6.563525
6.576375
6.61975
6.65
6.800625
6.84585
6.8536
6.8733
6.881925
6.93165
7.006975
7.073375
7.234475
7.44725
7.48375
7.711375
7.779725
7.8895
7.951775
8.0421
8.098525
8.1252
8.171725
8.287125
8.431275
8.5257
8.601525
8.70275
8.733475
8.7446
9.02605
9.34265
9.373425
9.493775
107
