0.057375
0.118875
0.293775
0.311575
0.513425
0.551825
0.5621
0.583
0.5877
0.69525
0.841425
0.855
0.94075
0.941675
0.964125
1.063
1.10755
1.1508
1.19785
1.338375
1.354025
1.6374
1.82395
2.064575
2.10295
2.14995
2.19625
2.273725
2.3613
2.362625
2.4136
2.428
2.4434
2.496325
2.508
2.53095
2.7663
2.877575
2.9225
3.532725
3.62555
3.655875
3.9137
3.918075
4.004825
4.0326
4.0752
4.114825
4.243425
4.29045
4.3213
4.383825
4.52875
4.606175
4.79685
5.00695
5.18485
5.18955
5.205125
5.303475
5.33705
5.35585
5.360975
5.393025
5.40675
5.594825
5.597075
5.62985
5.6611
5.692125
5.86215
5.868925
5.9051
5.9258
5.96105
6.061075
6.17835
6.187525
6.34815
6.399275
6.733
6.748825
6.805925
6.97955
7.020425
7.284325
7.2972
7.3249
7.326375
7.44595
7.50245
7.51725
7.6544
7.733475
7.839625
7.931525
8.11575
8.21595
8.22085
8.287725
8.390075
8.6157
8.622075
8.684875
8.783025
8.82035
8.83215
9.2386
9.30575
9.5631
9.5813
9.608175
9.61655
9.688525
9.70535
9.70655
9.82495
117
