0.25855
0.376625
0.4529
0.843975
0.88205
0.944325
1.080375
1.122875
1.16645
1.1801
1.1989
1.515575
1.573575
1.588875
1.59795
1.615325
1.625625
1.765225
1.779525
2.15855
2.187725
2.1996
2.272725
2.373025
2.377
2.39065
2.393125
2.424625
2.439975
2.757775
2.7933
2.88275
2.914725
3.0286
3.043975
3.074025
3.10805
3.1243
3.155
3.2363
3.394275
3.4142
3.5247
3.59025
3.711675
3.7502
3.8098
3.9168
3.961575
4.033475
4.042075
4.058475
4.180175
4.1831
4.208575
4.394075
4.418725
4.427875
4.4757
4.497625
4.5611
4.660825
4.746375
5.018675
5.07065
5.257175
5.323475
5.36455
5.547175
5.954925
6.017325
6.087675
6.102625
6.279225
6.4617
6.564075
6.620275
6.756025
6.834375
6.9164
7.023125
7.043675
7.059
7.117625
7.239875
7.418575
7.4752
7.5314
7.70605
7.7099
7.713475
7.71485
7.92845
7.94505
7.967775
8.091125
8.093625
8.251475
8.285175
8.409175
8.477175
8.537625
8.5716
8.614725
8.64035
8.684925
8.735625
9.0324
9.085475
9.136175
9.169525
9.502025
9.504
9.6305
9.7804
9.90545
9.969125
117
