0.008325
0.2428
0.3033
0.3514
0.4694
0.565175
0.575775
0.6289
0.685675
0.729525
0.7319
0.8176
0.8747
0.876975
0.9312
1.068325
1.25765
1.4473
1.584725
1.6363
1.834175
1.99025
2.0764
2.230275
2.279025
2.35925
2.479625
2.4963
2.580125
2.700025
2.8633
2.92645
2.942325
3.272975
3.3251
3.338
3.3665
3.480025
3.52825
3.55365
3.5601
3.56495
3.703125
3.748275
3.854
3.86865
3.88275
3.890725
3.9442
4.0303
4.082525
4.1445
4.278225
4.285175
4.3474
4.417975
4.592425
4.625075
4.727275
4.75305
4.848075
4.92955
4.975925
5.333875
5.46405
5.5204
5.652225
5.667775
5.674775
6.21135
6.347875
6.4325
6.474625
6.6905
6.8494
6.861425
6.93015
6.95895
6.999625
7.023725
7.025575
7.041325
7.197475
7.211975
7.32335
7.334925
7.3761
7.39
7.465325
7.47495
7.628575
7.785225
7.81375
7.8383
7.976675
7.98715
8.03865
8.04275
8.093025
8.129325
8.20035
8.2904
8.302075
8.4263
8.44105
8.84835
8.878775
8.95415
9.2416
9.354225
9.449725
9.570875
9.5761
9.588875
9.613125
9.65345
9.66115
9.670225
9.90605
9.914725
120
