0.108325
0.14015
0.16975
0.197975
0.341775
0.40755
0.4471
0.4501
0.48905
0.576725
0.579225
0.5866
0.639875
0.681625
0.68505
0.69615
0.704625
0.75135
0.7709
0.80675
0.908275
0.995925
0.996
1.037325
1.1103
1.115725
1.2042
1.294275
1.322275
1.342
1.385925
1.632025
1.806725
1.8283
1.83945
1.845575
1.864625
1.89885
1.95875
1.967125
1.970925
2.047375
2.1048
2.19645
2.5303
2.56725
2.6036
2.612875
2.677575
2.7719
2.947975
3.040675
3.199275
3.2064
3.393475
3.409975
3.49745
3.504975
3.543975
3.569525
3.631525
3.7014
4.048175
4.0907
4.11725
4.1753
4.299975
4.3603
4.3652
4.44665
4.5798
4.616575
4.650925
4.9142
5.015525
5.01645
5.0178
5.15075
5.277575
5.3052
5.31995
5.4479
5.4653
5.7838
5.79645
5.857225
5.8689
5.871025
6.1022
6.2208
6.273325
6.300425
6.301725
6.45355
6.62615
6.64065
6.834575
7.004975
7.09865
7.11
7.14475
7.32005
7.32975
7.4389
7.48765
7.55125
7.589675
7.62315
7.72545
8.083825
8.264175
8.3329
8.54795
9.012575
9.0959
9.151475
9.20605
9.2786
9.283525
9.502525
9.6345
9.774825
9.943625
123
