0.0084
0.01575
0.13135
0.281575
0.3698
0.5556
0.560675
0.571475
0.57525
0.59745
0.640175
0.696675
0.753825
0.826225
0.862725
0.999625
1.087725
1.09685
1.14645
1.49145
1.609575
1.623775
1.6379
1.673775
1.7336
1.783975
1.840225
2.0165
2.0194
2.0419
2.068225
2.165825
2.18685
2.228275
2.2301
2.2334
2.29395
2.4769
2.487775
2.52035
2.7579
2.8954
2.94605
3.03445
3.0379
3.152275
3.246275
3.320825
3.462775
3.499875
3.52075
3.6316
3.7624
3.826625
4.043075
4.07785
4.106525
4.243075
4.26375
4.284425
4.467325
4.5219
4.552225
4.6521
4.8111
4.860625
4.92655
5.19355
5.1985
5.20555
5.21415
5.241025
5.34995
5.35355
5.36475
5.3967
5.42885
5.52445
5.575375
5.6598
5.670975
5.7313
5.803275
5.806625
6.019
6.167875
6.43565
6.887275
6.922375
6.958075
7.16615
7.195575
7.24475
7.25565
7.286525
7.3013
7.31035
7.366375
7.464425
7.503625
7.530025
7.649175
7.685775
7.7153
7.720925
7.795975
7.853975
7.868075
8.12975
8.1927
8.204475
8.227725
8.244875
8.337675
8.4945
8.5234
8.676675
8.775275
8.840575
9.0982
9.146375
9.25375
9.3214
9.36315
9.485075
9.690125
9.742025
9.764525
9.767975
9.880725
9.9216
9.959225
132
