0.008525
0.07265
0.072975
0.1455
0.155075
0.1962
0.338225
0.405275
0.5129
0.549775
0.5539
0.601825
0.668225
0.691275
0.713675
0.7262
0.784325
0.811425
0.86665
0.8741
0.908225
0.9166
0.94865
0.97015
1.063175
1.171025
1.18855
1.55045
1.5567
1.7335
1.766425
1.921375
2.0134
2.03955
2.091475
2.10265
2.229575
2.3027
2.304075
2.3624
2.4193
2.449475
2.5044
2.553925
2.555325
2.5759
2.76405
2.81295
3.04715
3.3809
3.61065
3.627525
3.7478
3.784825
3.8304
3.87755
4.084675
4.1231
4.162175
4.19405
4.221075
4.2684
4.2909
4.502225
4.53015
4.5491
4.65205
4.78335
4.8308
4.83175
4.85775
4.905275
4.970275
5.01685
5.024175
5.049725
5.0786
5.150975
5.488675
5.490525
5.543275
5.7628
5.8044
6.228225
6.266875
6.57305
6.6015
6.8314
6.95865
7.034475
7.049175
7.185925
7.1896
7.214975
7.27605
7.492525
7.500525
7.606025
7.7615
7.780925
7.79775
7.819775
7.90465
8.08035
8.140725
8.141225
8.20625
8.43635
8.489775
8.507225
8.5147
8.82405
8.830525
8.915525
9.20715
9.270425
9.2755
9.43615
9.532375
9.55475
9.588
9.5895
9.6484
9.717425
9.829475
9.86345
9.9813
127
