0.016575
0.190275
0.2143
0.24955
0.393225
0.44905
0.494175
0.521025
0.5797
0.72055
0.79345
0.84275
0.883675
1.0696
1.124975
1.1315
1.148425
1.20365
1.3588
1.442425
1.498775
1.568975
1.606025
1.661
1.7764
1.9073
1.912275
2.0231
2.031375
2.0418
2.2725
2.471775
2.62395
2.667175
2.68375
2.724625
2.7788
2.85635
2.860325
2.9372
2.99695
3.0232
3.064775
3.142225
3.204075
3.210575
3.2454
3.25665
3.2774
3.299375
3.322725
3.327725
3.357625
3.378175
3.391925
3.407625
3.55845
3.6363
4.0472
4.05285
4.07485
4.1385
4.22375
4.27275
4.292975
4.55725
4.60815
4.669175
4.68665
5.1996
5.216425
5.22525
5.318925
5.357575
5.40145
5.40415
5.561775
5.619975
5.62925
5.739625
5.74845
5.84495
5.85145
6.081675
6.099075
6.110875
6.1584
6.213525
6.381925
6.40495
6.508975
6.55875
6.617275
6.6755
6.7065
6.7299
6.809525
6.8537
6.8564
6.90805
7.0084
7.063175
7.08895
7.2157
7.28175
7.5029
7.55805
7.5885
7.6325
7.73635
7.91645
8.062375
8.13635
8.181525
8.369375
8.7497
8.9735
8.999075
9.096375
9.48355
9.5595
9.572225
9.6699
9.7028
9.844175
9.8552
9.863275
127
