0.00275
0.1153
0.190425
0.2375
0.238925
0.26
0.389925
0.61425
0.640325
0.657375
0.71825
0.841225
0.866725
0.9187
1.008725
1.09645
1.109425
1.134625
1.14465
1.15645
1.238425
1.261225
1.36735
1.408625
1.513225
1.74835
1.7994
1.9865
1.998225
2.0249
2.0664
2.121475
2.227225
2.3446
2.39925
2.421125
2.52775
2.57935
2.7109
2.80405
2.886075
2.922425
3.002325
3.02245
3.031275
3.09765
3.3804
3.5947
3.60895
3.677425
3.89195
3.900375
3.95505
4.0613
4.063975
4.223725
4.28055
4.360325
4.41895
4.423775
4.685425
4.8331
4.92155
4.93115
4.937825
4.940625
5.454375
5.508575
5.618875
5.756725
5.813125
5.8665
5.9359
6.02095
6.0706
6.161525
6.246925
6.30005
6.32765
6.39935
6.417275
6.48895
6.50175
6.50405
6.524025
6.975425
6.98005
7.07765
7.487425
7.583275
7.847225
7.967775
7.992725
8.12325
8.142975
8.190875
8.2453
8.47925
8.490275
8.538325
8.721375
8.934975
8.938925
9.03125
9.074775
9.104325
9.11475
9.26145
9.346525
9.368625
9.437875
9.569675
9.5864
9.5905
9.608775
9.6266
9.698175
9.7134
9.92975
119
