0.06585
0.148575
0.185725
0.286675
0.315975
0.354725
0.388125
0.50005
0.53495
0.6202
0.68225
0.846925
0.93735
0.971025
1.0832
1.174
1.192275
1.1951
1.200925
1.26615
1.268675
1.398375
1.43965
1.49605
1.539825
1.61455
1.67595
1.8209
2.001225
2.280025
2.317375
2.499075
2.6393
2.70535
2.746175
2.74685
3.0224
3.0258
3.035525
3.1345
3.145175
3.1803
3.198575
3.408825
3.61965
3.7122
4.15045
4.281125
4.291425
4.417675
4.471175
4.547425
4.549775
4.58805
4.6687
4.848225
4.903725
4.9242
5.00695
5.1167
5.144575
5.3519
5.439225
5.468125
5.504775
5.741825
5.80315
5.813425
6.03875
6.104625
6.261275
6.34195
6.44165
6.6714
6.757775
6.8696
7.110675
7.245275
7.291125
7.3314
7.48735
7.889675
8.232775
8.322925
8.3622
8.367225
8.3808
8.568525
8.646525
8.890875
9.1782
9.34575
9.3483
9.643025
9.768825
9.854125
9.86765
97
