0.273925
0.354375
0.39855
0.481075
0.507575
0.509225
0.52855
0.62015
0.640875
0.691
0.7748
0.8017
0.809575
0.82635
0.8414
0.917725
0.99835
1.109475
1.26095
1.326025
1.3561
1.40895
1.483225
1.513625
1.554325
1.6212
1.671075
1.71895
1.772125
1.907875
1.9783
2.03005
2.116325
2.1742
2.32005
2.3933
2.4945
2.548025
2.6638
2.79675
2.84255
3.27275
3.404925
3.5264
3.53205
3.578775
3.932775
3.94415
4.168225
4.210575
4.211675
4.31755
4.36815
4.38195
4.54735
4.603175
4.66685
4.756875
4.878675
4.954775
5.06095
5.237225
5.457275
5.56085
5.68205
5.847075
5.851725
5.940775
5.94965
6.02785
6.0694
6.19335
6.468975
6.526875
6.61405
6.656525
6.68385
6.8161
6.9972
7.0288
7.0425
7.076225
7.13585
7.457025
7.4854
7.523225
7.7465
7.78675
7.8693
7.962325
8.052875
8.27995
8.40505
8.5611
8.821725
8.9452
9.016325
9.016375
9.240575
9.29455
9.3136
9.334775
9.351775
9.618625
9.63995
9.646875
9.6848
9.740725
9.8563
9.990875
9.994925
111
