0.048675
0.158125
0.18015
0.20585
0.2262
0.2727
0.43285
0.503025
0.513925
0.597975
0.62815
0.72485
0.72515
0.803125
0.87705
1.0641
1.1897
1.2201
1.253975
1.299525
1.321675
1.358625
1.52345
1.5475
1.5988
1.62795
1.80945
1.83975
1.8403
1.890125
2.1843
2.18675
2.2564
2.398675
2.724875
2.732475
2.78645
2.796275
2.8519
2.921125
2.93935
2.970725
3.073225
3.13085
3.571575
3.72475
3.73525
3.871675
3.90215
4.0427
4.04555
4.111475
4.270675
4.3211
4.3591
4.371525
4.59085
4.65915
4.824225
5.01405
5.014175
5.0167
5.069475
5.113
5.1696
5.278125
5.489125
5.504575
5.896
5.90705
5.99285
6.012025
6.0669
6.259575
6.317125
6.4129
6.656125
6.83015
6.83185
7.01
7.01025
7.0361
7.156025
7.1877
7.599
7.77165
8.115875
8.337925
8.358275
8.39385
8.434975
8.47435
8.576425
8.684325
8.713175
8.73075
8.794425
8.8063
8.811025
8.85175
9.10775
9.213375
9.269
9.370625
9.38225
9.40115
9.522075
9.731575
9.84315
9.84405
9.873325
9.897475
9.97265
113
