0.159625
0.1905
0.20445
0.206725
0.28675
0.310475
0.368125
0.419025
0.46035
0.4802
0.518075
0.519125
0.63405
0.667275
0.674075
0.6744
0.694225
0.704375
0.748425
0.749975
0.789175
0.88775
1.0023
1.0442
1.071125
1.104775
1.1196
1.4453
1.45805
1.48505
1.515475
1.54645
1.548125
1.58465
1.8189
1.96785
1.982625
2.023825
2.057725
2.1035
2.14125
2.1936
2.21445
2.35695
2.39525
2.5218
2.835075
3.023875
3.116325
3.6102
3.622225
3.664175
3.708675
3.765775
3.770575
4.020475
4.112625
4.1663
4.18905
4.256875
4.361525
4.51395
4.5244
4.606775
4.650825
4.657875
4.6756
4.6957
4.929175
5.05355
5.28455
5.30295
5.431725
5.5646
5.626075
5.66355
5.7417
6.0322
6.317375
6.38955
6.449575
6.566975
6.57005
6.725725
6.90505
7.066425
7.068325
7.138825
7.19225
7.260325
7.559375
7.59795
7.626625
7.850025
7.908525
8.10895
8.14415
8.358175
8.371025
8.3819
8.445625
8.44605
8.6108
8.61115
8.69245
8.921025
9.032775
9.063525
9.204625
9.28445
9.326275
9.413925
9.6808
9.753375
9.95665
115
