0.1319
0.2195
0.242825
0.25785
0.362975
0.47905
0.5187
0.5426
0.648375
0.717825
0.80915
0.921875
0.96975
0.978725
0.993375
1.0789
1.244075
1.35335
1.368125
1.39275
1.50705
1.556875
1.604125
2.0497
2.151
2.199725
2.2381
2.262775
2.451325
2.667175
2.6786
2.768475
2.984475
2.9899
3.013175
3.1486
3.1802
3.306825
3.45675
3.4733
3.6344
3.70385
3.730775
3.793625
3.926375
3.993925
4.030525
4.076725
4.248075
4.4622
4.61835
4.657425
4.7493
4.755275
5.00795
5.209575
5.340275
5.386475
5.438375
5.44275
5.56955
5.608675
5.627275
5.632475
5.724375
5.739325
5.796825
5.805025
5.85685
5.871
5.906875
5.9581
6.158075
6.30835
6.313
6.485925
6.581375
6.8791
6.903725
6.9295
6.95965
7.243225
7.3057
7.308575
7.3622
7.3964
7.58965
7.775725
7.820475
7.833725
7.96315
7.9752
7.995425
8.0797
8.090925
8.133
8.364525
8.3827
8.41865
8.45725
8.46785
8.57955
8.707325
8.7953
8.85525
8.878025
9.1532
9.245825
9.295725
9.428725
9.45435
9.5149
9.518525
9.7547
9.80385
9.892475
9.925175
9.9597
118
