0.005375
0.0449
0.30835
0.330975
0.40335
0.504225
0.521775
0.5347
0.547225
0.59195
0.6092
0.612125
0.72215
0.730175
0.79455
0.864725
0.86475
0.887875
0.9256
0.95715
0.9914
1.00665
1.0417
1.043475
1.05975
1.231925
1.3097
1.33545
1.45635
1.6418
1.74395
1.791325
1.806375
1.857675
1.9875
2.06815
2.0858
2.16
2.2261
2.40055
2.4393
2.451125
2.551975
2.556725
2.6248
2.686125
2.863925
2.976025
2.998
3.02305
3.086875
3.089225
3.107775
3.12805
3.149925
3.15455
3.29755
3.32875
3.4426
3.515875
3.607275
3.74295
3.7671
3.854925
4.009425
4.056975
4.185675
4.185825
4.260525
4.2674
4.446725
4.447325
4.777225
5.052
5.07505
5.32295
5.33695
5.34655
5.433025
5.442975
5.61725
5.6187
5.743725
5.809075
5.817975
5.831725
6.066675
6.169225
6.20075
6.345375
6.41495
6.565675
6.5794
6.879425
6.989175
7.38535
7.397
7.4617
7.53915
7.64265
7.668175
7.69225
8.0181
8.144425
8.1453
8.15755
8.17375
8.1739
8.20525
8.221775
8.3594
8.35945
8.5122
8.558275
8.715825
8.76985
9.177025
9.252375
9.3292
9.37055
9.413975
9.507975
9.530775
9.630675
9.675125
9.988225
126
