0.0615
0.159125
0.202825
0.26655
0.412675
0.456575
0.663325
0.6671
0.70165
0.719475
0.755
0.761775
0.77765
0.869175
0.965875
1.006225
1.0677
1.1718
1.251
1.403025
1.404475
1.44055
1.462575
1.51175
1.615175
1.661625
1.7415
1.8353
1.927175
2.031175
2.04065
2.2664
2.2737
2.380125
2.535925
2.625425
2.66155
2.7904
2.844875
2.850125
2.95435
2.986575
3.008925
3.068125
3.22005
3.2353
3.281575
3.282575
3.320275
3.3216
3.417325
3.421
3.505825
3.9048
4.2858
4.33385
4.427925
4.450725
4.46435
4.597
4.6683
4.7041
4.905925
5.08825
5.128425
5.202575
5.248525
5.288975
5.321225
5.377025
5.384625
5.457675
5.62925
5.67015
5.849875
6.016775
6.15625
6.2165
6.25435
6.283
6.3667
6.393725
6.470475
6.49025
6.6434
6.6592
6.91195
7.080225
7.0895
7.14655
7.355525
7.496725
7.505225
7.53055
7.615075
7.742875
7.815275
7.946425
8.1927
8.215525
8.4694
8.48785
8.5221
8.567175
8.6917
8.870875
8.904575
9.0218
9.091675
9.1702
9.20665
9.292125
9.39895
9.79955
114
