0.039375
0.191025
0.2626
0.495475
0.496025
0.503175
0.5659
0.582975
0.60235
0.627875
0.630425
0.63805
0.657
0.784825
0.833125
0.858125
1.030725
1.09885
1.118525
1.1301
1.147575
1.19385
1.210425
1.3029
1.633725
1.663525
1.663775
1.69105
1.708025
1.7359
1.852275
1.899425
1.98245
2.109875
2.2534
2.358775
2.3832
2.560725
2.565425
2.619375
2.667275
2.6881
2.87925
2.907625
2.9441
3.007425
3.4322
3.6342
3.868975
3.95075
3.996375
4.1651
4.16755
4.25485
4.26105
4.292975
4.4268
4.53775
4.7527
4.7784
5.16665
5.185175
5.717325
5.890925
5.977225
6.0987
6.14615
6.243225
6.3138
6.382575
6.4056
6.4319
6.4711
6.56525
6.80965
6.848125
7.0927
7.224775
7.266725
7.292325
7.4065
7.4531
7.4831
7.50195
7.519525
7.69015
7.710825
7.720675
7.887625
8.098325
8.15015
8.189875
8.19235
8.61775
8.6519
8.6751
8.72475
8.846475
8.893475
8.924625
9.049375
9.0577
9.070275
9.132725
9.2201
9.308875
9.3187
9.388875
9.577875
9.7258
9.78005
9.9318
9.993325
113
