0.145875
0.203725
0.220375
0.242925
0.29625
0.44275
0.47035
0.5861
0.642325
0.6658
0.826925
0.843675
0.8462
1.002775
1.07245
1.1117
1.2402
1.279275
1.367275
1.4068
1.44215
1.570675
1.62615
1.73965
1.82965
1.83095
1.927075
1.98665
2.091025
2.093375
2.1111
2.169875
2.3915
2.76465
2.822075
2.8305
2.8487
2.856
2.860975
2.861975
2.900025
2.98695
3.017875
3.105325
3.24185
3.46565
3.5591
3.68205
3.993525
4.2681
4.3212
4.427875
4.445025
4.45385
4.484125
4.51645
4.595075
4.651825
4.700775
4.723475
4.756325
4.966375
5.020675
5.0276
5.040825
5.054225
5.163475
5.179625
5.301775
5.43645
5.81925
5.84825
5.8926
5.912325
5.997
6.09635
6.1547
6.460225
6.460275
6.507475
6.5823
6.59315
6.61045
6.6604
6.946125
6.969025
7.062875
7.06375
7.1486
7.37685
7.3848
7.605025
7.622
7.755675
7.815825
7.816175
7.947325
7.987925
8.003525
8.091425
8.3319
8.358475
8.43185
8.447975
8.48925
8.7146
9.03145
9.061725
9.068725
9.077275
9.0779
9.204575
9.2816
9.365625
9.377425
9.495375
9.5607
9.5896
9.8101
9.887775
120
