0.060925
0.369425
0.4626
0.48215
0.626325
0.659525
0.6999
0.779575
0.806375
0.88875
0.907775
1.084575
1.1182
1.1595
1.179875
1.314925
1.348175
1.36335
1.371225
1.4515
1.606925
1.626925
1.738425
1.81345
1.83475
1.857725
2.071975
2.615625
2.638775
2.649875
2.721
2.8369
2.844125
2.887975
2.9693
3.02855
3.113025
3.11785
3.15905
3.346575
3.4597
3.603525
3.672425
3.692725
3.843775
4.009975
4.17485
4.2289
4.4158
4.418175
4.423675
4.519725
4.620775
4.638375
4.73335
4.80165
4.82705
4.960475
5.024125
5.036775
5.0991
5.1835
5.2791
5.32925
5.450125
5.4509
5.47255
5.481525
5.54265
5.604475
5.871875
6.0939
6.250625
6.258625
6.453975
6.505325
6.572625
6.642525
6.85135
6.888325
7.00575
7.020975
7.2139
7.588975
7.6158
7.6658
7.759175
7.871925
8.033075
8.16925
8.3809
8.4899
8.610325
8.6774
8.69105
8.814025
8.837
9.215025
9.229175
9.248325
9.25745
9.343075
9.41955
9.6727
9.760525
9.928975
9.93855
9.950525
9.991
109
