0.158275
0.2241
0.260175
0.26415
0.29
0.471725
0.504425
0.58015
0.60335
0.704075
0.727625
0.734475
0.753175
0.91635
0.985675
1.136725
1.154475
1.202375
1.303325
1.30705
1.320625
1.35885
1.35965
1.372875
1.46675
1.816
1.83075
1.854725
1.937125
2.0342
2.149125
2.19815
2.231325
2.30095
2.383825
2.405475
2.591475
2.73295
3.055075
3.193525
3.27935
3.34525
3.5687
3.61795
3.66225
3.683925
3.704775
3.824625
3.83735
3.969925
4.004425
4.082325
4.0979
4.193825
4.19755
4.310875
4.372525
4.38555
4.464225
4.52585
4.55445
4.80905
4.927725
4.991075
4.996775
5.03035
5.0313
5.1128
5.1185
5.123775
5.150975
5.413125
5.48515
5.54295
5.629375
6.0075
6.042825
6.10085
6.174775
6.508975
6.5645
6.604775
6.7274
6.774275
6.806375
6.87655
6.905575
6.9381
6.9939
7.0752
7.085025
7.4791
7.536775
7.59025
7.792425
7.9305
7.9857
8.000025
8.255625
8.335675
8.560575
8.5883
8.60245
8.605525
8.65
8.801075
8.97875
9.071825
9.3368
9.520625
9.53215
9.63975
9.7071
9.73865
9.80385
9.862275
116
