0.344875
0.41855
0.5651
0.61375
0.655075
0.675225
0.6944
0.7399
0.806275
0.8558
0.924075
0.95395
0.959275
1.059825
1.11035
1.28035
1.2858
1.3647
1.52165
1.615725
1.798775
1.8981
1.94155
2.016375
2.06105
2.2958
2.474925
2.683975
2.708425
2.71405
2.742675
3.004075
3.023
3.06415
3.075975
3.10485
3.109725
3.18605
3.291675
3.33125
3.367675
3.477825
3.5121
3.670925
3.7727
3.79205
3.95465
4.075225
4.1452
4.196625
4.245175
4.326475
4.359625
4.4524
4.5515
4.578375
4.707175
5.295
5.35115
5.543975
5.671475
5.69355
5.821725
5.835175
5.842575
5.884225
5.96815
5.9736
6.101875
6.41085
6.614075
6.706125
6.719175
6.85355
6.9948
7.207725
7.363325
7.378975
7.4324
7.601525
7.857775
8.0068
8.01335
8.06935
8.16465
8.174125
8.26905
8.466175
8.512425
8.54655
8.6589
8.890725
8.9163
9.194675
9.27115
9.304325
9.32055
9.40755
9.555375
9.563025
9.60305
9.715325
102
