0.22045
0.295375
0.3318
0.336675
0.49095
0.522125
0.5533
0.5845
0.5937
0.605725
0.6203
0.705025
0.77515
0.784975
0.786325
0.7948
0.798675
0.803275
0.890575
1.179525
1.233825
1.41965
1.541375
1.562675
1.730725
1.755425
1.763925
1.916625
1.918575
1.961625
1.962675
2.1405
2.166225
2.383975
2.52775
2.5955
2.60025
2.744075
2.770025
2.842125
2.9392
3.0748
3.10595
3.185375
3.24765
3.570775
3.607125
3.625525
3.784375
3.8228
3.841625
3.8566
3.892875
4.35665
4.360475
4.469925
4.7272
4.740675
4.7811
4.833
4.8677
5.008
5.029175
5.07735
5.093425
5.176825
5.259525
5.316325
5.350925
5.393775
5.468375
5.6552
5.659075
5.709125
5.79505
5.8305
5.9812
6.20215
6.255675
6.341275
6.351425
6.377525
6.475
6.5517
6.766425
6.950325
7.010825
7.4766
7.60425
7.658425
7.69525
7.885475
7.91445
7.925225
8.053475
8.081975
8.1175
8.539225
8.562375
8.61075
8.696325
8.79335
8.79385
8.8251
8.89635
8.934775
9.190225
9.299625
9.410175
9.4998
9.6994
9.7461
9.778325
9.8968
9.90445
9.946875
116
