0.006725
0.11845
0.204175
0.218975
0.2295
0.41365
0.439525
0.535225
0.5706
0.574675
0.6513
0.679325
0.74885
0.7766
0.957625
1.0597
1.06865
1.0879
1.12555
1.2344
1.288825
1.432225
1.7239
1.754475
1.777525
1.806925
1.858075
2.056475
2.12515
2.166975
2.208275
2.3105
2.31465
2.362425
2.375925
2.380725
2.434475
2.49015
2.55005
2.558375
2.567875
2.69535
2.78185
2.93665
2.98745
3.040125
3.0565
3.1302
3.2159
3.423625
3.451725
3.504425
3.574075
3.58745
3.647675
3.889675
4.007675
4.009325
4.07135
4.076425
4.111125
4.154475
4.255
4.278525
4.33375
4.388275
4.4835
4.52695
4.526975
4.66755
4.949925
5.01275
5.0494
5.119125
5.3257
5.35665
5.395075
5.40995
5.41975
5.58275
5.720475
5.7508
5.934475
6.055825
6.120125
6.14755
6.191825
6.217975
6.2301
6.2774
6.6933
6.764425
6.793
6.8242
6.85555
6.88815
6.9744
6.98665
7.00955
7.210975
7.286375
7.291075
7.371325
7.379125
7.4322
7.511275
7.6628
7.669175
7.68995
7.746275
7.803425
7.85065
8.084025
8.176725
8.27705
8.432175
8.557925
8.823425
8.853175
8.98025
9.050925
9.1795
9.203975
9.22445
9.26495
9.319525
9.385275
9.417775
9.431525
9.462175
9.528775
9.725925
9.7807
9.8023
9.898525
9.957475
136
