0.000325
0.00255
0.039
0.1916
0.2945
0.300825
0.4487
0.538
0.59605
0.61625
0.6413
0.667325
0.691425
0.69885
0.7334
0.754025
0.815475
0.8835
1.03375
1.085775
1.109325
1.11855
1.168575
1.254075
1.26775
1.296625
1.43855
1.599675
1.890975
2.0269
2.070375
2.0729
2.2107
2.29975
2.32005
2.4647
2.53055
2.616975
2.6514
2.70865
2.7306
2.732925
2.74485
2.7481
2.8226
2.842325
3.02505
3.03035
3.060325
3.10515
3.22125
3.31845
3.85545
3.98815
4.045525
4.37975
4.4797
4.5133
4.53725
4.57665
4.6396
4.70675
4.778525
4.85265
5.16485
5.187925
5.426975
5.5497
5.58485
5.691775
5.78035
5.804875
5.86615
5.985625
6.0526
6.140875
6.234925
6.449675
6.59615
6.67085
6.685975
6.69215
6.761325
6.7953
6.892875
6.992225
7.101625
7.196225
7.2015
7.234225
7.823
7.88905
7.961975
8.065225
8.19065
8.2128
8.314475
8.38105
8.57755
8.590175
8.617275
8.801725
8.874225
9.0515
9.1848
9.400975
9.422525
9.54715
9.614975
9.859275
9.91415
9.95465
9.9912
113
