0.023975
0.051075
0.085225
0.18695
0.210825
0.5285
0.626225
0.686325
0.686475
0.6873
0.715375
0.7414
0.7433
0.7494
0.8819
0.9745
1.002
1.015725
1.093
1.209725
1.393375
1.505375
1.76385
2.25185
2.4806
2.59605
2.60085
2.7848
2.872275
2.897475
3.04965
3.124475
3.15005
3.17865
3.186575
3.299375
3.63615
3.6651
3.784775
3.790575
3.9163
4.05755
4.066575
4.3413
4.452925
4.5276
4.651475
4.65695
4.709675
4.84395
4.974025
5.114825
5.2732
5.439875
5.4996
5.667525
5.740925
5.870575
6.090675
6.111975
6.530325
6.574625
6.668625
6.679775
7.0343
7.071425
7.125625
7.197625
7.3262
7.586575
7.745025
7.795925
7.9164
7.9682
8.078325
8.10105
8.32305
8.59615
8.668875
8.733025
8.818675
8.870625
8.885825
9.121675
9.2103
9.285575
9.375575
9.55215
9.69535
9.75375
9.8851
9.970425
92
