0.0104
0.02825
0.302325
0.47265
0.49045
0.680775
0.984125
1.040975
1.060975
1.20675
1.297525
1.3879
1.439325
1.521325
1.5897
1.677425
1.691675
1.7305
1.771625
2.07505
2.09495
2.131525
2.22125
2.290975
2.337075
2.525975
2.71865
2.730175
2.74915
2.777725
2.877075
2.933575
2.964525
3.0118
3.19685
3.312575
3.53545
3.5749
3.6345
3.747225
3.889225
3.9778
4.11895
4.13835
4.475375
4.482775
4.513825
4.533025
4.556675
4.580725
4.699375
4.766425
4.7961
5.182125
5.2057
5.3125
5.336
5.4156
5.480975
5.519475
5.55785
5.7073
5.7271
5.7584
5.86285
5.8886
6.00015
6.1171
6.135675
6.15855
6.299925
6.310175
6.464475
6.507325
6.68655
6.92075
7.17715
7.22825
7.258425
7.461725
7.53105
7.679825
7.85525
7.924
7.983875
8.035625
8.1075
8.271225
8.27875
8.40125
8.477375
8.52415
8.526575
8.57685
8.598
8.68515
8.87365
8.877
8.889625
8.896075
8.949075
9.294225
9.309725
9.48445
9.503425
9.6369
9.676475
9.90895
9.935025
9.9469
9.949725
111
