0.02085
0.0479
0.070925
0.087125
0.2859
0.376
0.619025
0.6498
0.71175
0.7582
0.774425
0.805
0.814725
0.89345
0.972725
1.0224
1.146325
1.197725
1.49045
1.614875
1.88125
1.94235
1.978975
1.9791
2.00655
2.3052
2.419375
2.62355
2.803725
3.107975
3.172525
3.19115
3.32955
3.347475
3.420725
3.54395
3.614925
3.703375
3.877225
4.099375
4.133525
4.38495
4.414725
4.431275
4.4435
4.4916
4.5266
4.649825
4.741225
4.75895
4.785375
4.866175
4.89145
5.1253
5.1353
5.322175
5.409525
5.616675
5.649175
5.653325
5.7512
5.91265
6.08615
6.101075
6.12575
6.14025
6.27605
6.606625
6.82555
6.8983
6.93775
7.053025
7.370175
7.576
7.737275
7.897625
8.2677
8.295775
8.3713
8.44775
8.493675
8.658
8.664625
8.70025
8.723525
8.73865
8.968225
8.9921
9.0047
9.045075
9.183825
9.2566
9.3016
9.35685
9.727175
9.777575
9.928175
97
