0.0845
0.0937
0.111675
0.427
0.46445
0.7746
0.954325
1.055275
1.153725
1.155425
1.171925
1.20785
1.34705
1.589925
1.6347
1.650075
1.69535
1.733575
1.7373
1.7457
1.77195
1.9414
1.946225
1.964775
2.20985
2.31255
2.5687
2.67765
2.734075
2.858875
2.96635
2.975775
3.00625
3.12325
3.249325
3.322
3.4595
3.486575
3.53395
3.820875
3.916475
3.951075
3.988775
4.069025
4.1316
4.2857
4.291175
4.304425
4.5282
4.54255
4.61885
4.653875
4.95235
5.30535
5.42905
5.442975
5.531175
5.679225
5.848675
6.155725
6.221525
6.569875
6.685825
6.941225
7.001675
7.05045
7.0534
7.117025
7.17885
7.2312
7.444975
7.568075
7.59165
7.596325
7.6787
7.751325
7.910325
8.00535
8.28265
8.28715
8.3038
8.32775
8.448125
8.4719
8.529775
8.5477
8.62145
8.693925
8.715225
8.790325
8.944225
9.0401
9.203525
9.22845
9.41525
9.868825
9.9623
97
