0.146175
0.19745
0.2667
0.28825
0.47895
0.514
0.69595
0.816375
1.336725
1.35045
1.39465
1.482675
1.6009
1.6207
1.638125
1.7832
2.05975
2.238675
2.250875
2.429325
2.537575
2.61895
2.6217
2.683925
2.757625
2.79775
2.84885
2.8521
2.8898
2.902525
2.956075
2.968975
3.09925
3.194525
3.444325
3.552775
3.716475
3.784275
3.83495
3.8355
3.923975
3.943525
3.957825
3.970475
4.045025
4.0517
4.07255
4.43855
4.449475
4.5675
4.713425
4.845275
4.8889
4.910175
5.0064
5.1164
5.12465
5.1933
5.274475
5.315725
5.316125
5.32995
5.35955
5.368325
5.633025
5.6446
5.678175
5.85935
5.959375
6.1035
6.200325
6.431075
6.5191
6.71945
6.74285
6.763825
6.86745
6.887775
7.177025
7.20375
7.365275
7.491975
7.6336
7.655025
7.71445
7.748325
7.92175
7.9402
7.948325
7.9917
8.106325
8.1218
8.3464
8.5567
8.637875
8.848575
8.906775
8.9976
9.015275
9.148825
9.157675
9.26185
9.2914
9.390225
9.51895
9.563725
9.5655
9.586975
9.6689
9.9384
110
