0.250175
0.5026
0.57625
0.6435
0.646
0.79565
0.932325
0.939875
0.96
1.158675
1.247275
1.693975
1.7107
1.74375
1.81395
1.848975
1.95595
1.996375
2.159025
2.41515
2.94875
2.9488
3.09515
3.1173
3.207625
3.248175
3.317925
3.3357
3.355575
3.452025
3.50335
3.71435
3.744725
3.85015
3.8936
3.9065
4.05365
4.119825
4.17095
4.1787
4.19505
4.351075
4.4265
4.429125
4.534875
4.7304
4.846475
4.87745
4.8964
5.022775
5.0539
5.06295
5.1661
5.25155
5.480025
5.827625
5.8999
6.110125
6.11745
6.2135
6.428525
6.6133
6.969275
6.99725
7.036825
7.07605
7.0762
7.180475
7.242925
7.261675
7.279775
7.4447
7.49505
7.631325
7.700275
7.840125
7.8542
7.934375
8.3814
8.3849
8.4143
8.45045
8.46355
8.6643
8.70685
8.83475
9.07285
9.25
9.32925
9.364625
9.40795
9.451075
9.470825
9.48325
9.564125
9.6098
9.644275
9.82185
98
