0.2771
0.300075
0.3854
0.463375
0.492225
0.5357
0.758025
0.801075
0.830225
0.959975
1.003425
1.158775
1.414925
1.5107
1.52365
1.57995
1.7016
1.856925
2.053
2.126725
2.1344
2.183525
2.403025
2.41135
2.73315
2.834025
3.1005
3.27035
3.321625
3.337225
3.505225
3.53735
3.549
3.58285
3.813325
3.90335
4.1033
4.31475
4.3542
4.502275
4.505175
4.855575
4.88595
4.90915
5.05375
5.11305
5.262475
5.4341
5.440525
5.512575
5.606
5.698975
5.764675
5.828525
5.877325
5.978625
6.0198
6.067825
6.180575
6.2539
6.289675
6.95285
6.98765
7.103175
7.127775
7.22005
7.2203
7.24235
7.45985
7.482825
7.494725
7.54735
7.670325
7.70645
7.78795
7.878975
7.951
8.288475
8.43085
8.659375
8.8521
8.941325
9.02315
9.077175
9.187825
9.4893
9.773325
9.83905
9.8793
9.938225
9.954425
91
