0.062475
0.14645
0.160775
0.1904
0.24225
0.3725
0.606775
0.65145
0.68345
0.994725
1.28645
1.49645
1.507675
1.52575
1.527925
1.683625
1.87595
1.896025
1.92675
1.939075
1.946275
1.9711
1.991075
2.1905
2.279375
2.30365
2.653325
2.7003
2.7418
2.91945
3.112275
3.1689
3.217775
3.574
3.81735
3.9566
4.0003
4.0173
4.049875
4.1113
4.22465
4.2987
4.513325
4.51995
4.7219
4.8147
4.897225
4.976325
5.095575
5.1097
5.24585
5.320975
5.329975
5.3421
5.497575
5.6515
5.69415
5.797525
5.845225
5.942425
6.050375
6.097125
6.432375
6.4633
6.4998
6.50755
6.8904
6.897475
6.967575
7.21765
7.23645
7.431675
7.4557
7.499925
7.655
7.666425
7.761875
7.896125
7.984775
8.02715
8.053475
8.062425
8.31295
8.47485
8.510725
8.538125
8.598725
8.847625
8.981775
9.106325
9.122825
9.2725
9.289825
9.38685
9.696675
9.7443
9.79205
9.869975
9.945
9.957325
100
