0.037625
0.16765
0.3144
0.4937
0.51295
0.651225
0.766725
0.963075
0.986
1.04465
1.0752
1.15765
1.163325
1.2477
1.2567
1.282875
1.322525
1.35335
1.389775
1.412475
1.715175
1.752525
1.76755
1.771425
1.831975
1.83865
1.86885
1.918875
2.25455
2.4328
2.559875
2.60885
2.661625
2.66855
2.708025
2.80085
3.044325
3.0827
3.1244
3.219
3.239175
3.242875
3.273325
3.281925
3.410275
3.41925
3.516725
3.575875
3.6757
3.8231
3.8419
3.970025
3.9841
4.044425
4.3272
4.386075
4.448175
4.691675
4.717375
4.771825
4.79365
4.80065
4.8494
4.9811
5.05405
5.10195
5.1083
5.20795
5.3595
5.556775
5.599125
5.6257
5.72795
5.810875
5.83355
5.890625
6.61065
6.7538
6.778725
6.797375
7.059525
7.18925
7.195325
7.284
7.330075
7.463425
7.661275
7.78305
7.896025
7.899025
8.109875
8.131975
8.13825
8.150575
8.24205
8.677425
8.7403
8.75485
8.76095
8.812375
8.93085
9.035375
9.04985
9.3235
9.38005
9.4343
9.495575
9.604275
9.758175
9.88635
9.97705
111
