0.003475
0.00915
0.147825
0.1685
0.1722
0.466425
0.54905
1.2834
1.341625
1.430675
1.451475
1.452575
1.4979
1.578475
1.893575
1.970775
2.17475
2.29535
2.342475
2.418925
2.574375
2.637525
2.659375
2.6986
2.7273
2.9334
2.959475
3.1294
3.2088
3.2104
3.240975
3.5699
3.720075
3.742
3.773975
3.793975
4.0564
4.228675
4.294475
4.4526
4.543475
4.57375
4.6041
4.693375
5.065
5.075925
5.370525
5.408325
5.418
5.65135
5.720425
5.74395
5.8334
6.06745
6.106125
6.1552
6.2329
6.41555
6.44455
6.511375
6.618525
6.687975
6.794475
6.927325
6.945125
7.006275
7.0982
7.12585
7.1316
7.495875
7.532725
7.5634
7.699725
7.70015
7.712075
7.7525
7.991475
8.0928
8.093775
8.101
8.112875
8.1973
8.3566
8.475475
8.853275
8.88435
8.888275
9.246175
9.386825
9.438025
9.50265
9.86335
9.903825
9.990275
94
