0.0363
0.1688
0.39005
0.48045
0.488425
0.6299
0.64205
0.727675
0.72835
0.790225
0.810975
1.133275
1.25555
1.3381
1.341975
1.412975
1.7944
1.9161
1.963
1.9926
2.002825
2.18065
2.220475
2.456225
2.500775
2.5063
2.61225
2.801425
2.83
2.90205
2.9962
3.119775
3.418325
3.438025
3.620375
3.8103
4.250475
4.318975
4.384575
4.39335
4.4271
4.555625
4.586975
4.601075
4.718125
4.82885
4.841625
4.85445
4.9421
4.954275
5.175925
5.2472
5.2956
5.338875
5.524725
5.5254
5.56225
5.762375
5.895375
6.116025
6.28145
6.3738
6.4241
6.49635
6.51905
6.580625
6.66885
6.751275
6.837775
6.906425
6.9095
7.090525
7.137225
7.153475
7.255725
7.3292
7.4323
7.464075
7.783175
8.15645
8.4124
8.4776
9.137575
9.147925
9.256975
9.387525
9.4269
9.436975
9.52765
9.554825
9.7738
9.8404
92
