0.020575
0.0742
0.094075
0.247375
0.266225
0.322775
0.59815
0.6062
0.701575
0.820925
0.889325
1.07625
1.20255
1.2204
1.23765
1.320075
1.38995
1.47935
1.5278
1.5453
1.796375
1.885875
1.938675
2.166475
2.2113
2.27815
2.374
2.4786
2.68795
2.77475
2.915925
2.928225
3.0393
3.1379
3.150775
3.207375
3.390425
3.4588
3.45995
3.61925
3.642525
3.68275
4.074325
4.262
4.346375
4.435675
4.5108
4.74345
4.808575
4.9169
4.97295
5.279725
5.38935
5.482575
5.56765
5.5752
5.646325
5.79315
6.0376
6.09355
6.2055
6.2818
6.305925
6.32325
6.451775
6.63415
6.71215
7.1351
7.1604
7.28395
7.402975
7.417925
7.46415
7.600575
7.774625
7.8118
7.992075
8.057325
8.07015
8.09875
8.604425
8.714625
8.7999
8.961625
9.051225
9.105425
9.11855
9.214525
9.2475
9.606925
9.650075
9.66765
9.696325
9.7217
9.733325
9.998575
96
