0.1356
0.2621
0.265325
0.3434
0.37115
0.4642
0.605425
0.66505
0.678725
0.689125
0.7084
0.820125
1.11175
1.149425
1.16735
1.282425
1.412325
1.577975
1.768275
1.875625
1.914725
1.93645
2.4025
2.43355
2.454675
2.573375
2.836575
2.952675
3.084275
3.10765
3.172625
3.33715
3.4291
3.6516
3.8307
3.846025
3.968125
4.001225
4.20445
4.383475
4.9516
5.008425
5.031975
5.058725
5.173725
5.174275
5.1755
5.234375
5.343925
5.39295
5.447175
5.52605
5.5802
5.58545
5.645475
5.67445
5.690275
5.7282
5.745075
6.05
6.1514
6.25165
6.358625
6.561375
6.5823
6.721575
6.750725
6.802775
6.899575
6.969275
7.000275
7.145725
7.208675
7.27705
7.372525
7.633325
7.7181
7.90585
8.056525
8.1276
8.12895
8.1662
8.1928
8.2245
8.248025
8.28255
8.424675
8.461075
8.53595
8.56945
9.049225
9.0673
9.093925
9.224375
9.384625
9.44195
9.4989
9.545125
9.681525
9.7439
9.758075
9.9384
9.959875
9.984325
104
