0.0312
0.167975
0.19795
0.32385
0.410375
0.414175
0.42675
0.557375
0.6673
0.69875
0.8265
0.9268
0.955975
0.977225
1.0966
1.122325
1.2405
1.313875
1.335175
1.3932
1.411
1.478025
1.490475
1.5237
1.56685
1.692725
1.815375
2.067225
2.0955
2.10425
2.14845
2.371575
2.456775
2.94605
3.029925
3.073275
3.643325
3.841925
4.033925
4.038175
4.042075
4.103425
4.3778
4.39405
4.58935
4.606475
4.62955
4.87875
5.016075
5.14175
5.1459
5.161825
5.211425
5.2649
5.351625
5.4415
5.6381
5.728425
5.7481
5.834925
5.9278
5.98225
6.00615
6.211025
6.342175
6.4543
6.507125
6.546375
6.5562
6.676
6.7197
6.76295
6.778825
6.78685
6.840475
7.0492
7.226425
7.27095
7.61265
7.634325
7.669625
7.75855
7.77665
7.921925
8.10655
8.142075
8.302425
8.311325
8.34045
8.380525
8.48775
8.601575
8.8166
8.94955
9.0201
9.1168
9.41645
9.4759
9.625225
9.65625
9.8768
101
