0.020875
0.397825
0.61845
0.69585
0.7809
0.8173
0.8215
0.863325
1.04795
1.050275
1.1253
1.25995
1.33395
1.42065
1.690975
1.73545
1.8834
1.994075
1.994575
2.08895
2.155575
2.157625
2.181725
2.35775
2.466925
2.484525
2.5216
2.5936
2.7786
2.797175
2.855825
3.075
3.112975
3.122175
3.146775
3.268375
3.3379
3.3474
3.386375
3.515475
3.543425
3.570525
3.664725
3.6811
3.85405
3.8566
3.922025
4.0545
4.10805
4.124975
4.172925
4.193275
4.6383
4.822225
4.925175
4.926425
4.97495
5.01985
5.065275
5.1411
5.163475
5.181325
5.438875
5.51315
5.516525
5.663175
5.69245
5.73705
5.79475
5.834225
5.866725
5.91745
5.924025
5.985
6.023925
6.070375
6.2044
6.255425
6.268875
6.352675
6.3693
6.543325
6.5763
6.7736
6.945475
7.038175
7.193425
7.2335
7.277475
7.2946
7.5728
7.579675
7.679825
7.812125
7.894425
7.927225
8.16985
8.29115
8.396675
8.43835
8.612625
8.64395
8.943775
8.996375
9.051
9.07235
9.13895
9.17385
9.23425
9.330525
9.333825
9.346625
9.387175
9.466375
9.6456
9.68225
9.693275
9.799975
9.91435
119
