0.1756
0.25305
0.255175
0.41065
0.424925
0.48505
0.698625
0.726475
0.79645
0.803525
1.0255
1.308225
1.346525
1.51505
1.523075
1.5231
1.546875
1.6138
1.82745
1.870475
2.115825
2.2175
2.22795
2.317375
2.32045
2.361875
2.38065
2.381525
2.470125
2.53185
2.7889
2.8199
2.843575
3.163875
3.384825
3.4396
3.698525
3.733425
3.81045
4.3643
4.40445
4.469775
4.528275
4.541475
4.608575
4.77295
4.8164
4.98525
5.053725
5.1069
5.192625
5.19895
5.212375
5.22055
5.284575
5.3628
5.40365
5.731525
5.897725
5.989575
6.11015
6.23745
6.259075
6.344625
6.399175
6.4685
6.5263
6.57175
6.613525
6.864975
6.87495
6.96325
7.05545
7.0786
7.18675
7.19485
7.220825
7.2229
7.271225
7.337175
7.3878
7.48625
7.5563
7.582675
7.683075
7.77745
7.797575
7.94145
7.942975
7.9498
7.98515
8.02325
8.026625
8.09655
8.1083
8.34145
8.402875
8.42245
8.5481
8.599325
8.800575
8.824525
8.834
8.88455
8.9209
8.94305
8.9955
9.13555
9.35715
9.38365
9.4335
9.51315
9.559425
9.640825
9.651725
9.696325
9.777625
9.910875
118
