0.0979
0.134
0.247225
0.577875
0.636975
0.694825
0.702525
0.75155
0.755175
0.797725
0.817775
0.8315
0.88915
0.978875
1.01535
1.0958
1.193825
1.5723
1.7145
1.727525
1.7628
1.808975
1.84655
1.9025
1.949925
2.2018
2.252275
2.260975
2.616525
2.618875
2.789975
2.814925
2.82205
2.995825
3.07505
3.206575
3.285825
3.3972
3.4289
3.4486
3.806075
3.960075
4.23885
4.289175
4.471775
4.585525
4.62585
4.70485
4.749975
4.786725
4.812375
4.918925
4.982225
5.04345
5.064425
5.1882
5.514075
5.529375
5.53455
5.643925
5.6569
5.6717
5.676375
5.6782
6.02445
6.14255
6.2442
6.296075
6.3917
6.9441
6.97055
6.99845
7.05095
7.26755
7.348425
7.37995
7.50215
7.6416
7.76865
7.77735
7.823225
7.84995
7.948875
8.185775
8.299625
8.40395
8.46155
8.48465
8.53195
8.698475
8.792925
8.8094
8.87125
8.89825
8.945725
8.95645
8.960875
9.142575
9.169625
9.175175
9.214925
9.2673
9.487525
9.50405
9.58765
9.735275
9.86865
9.964575
9.97315
109
