0.23565
0.237125
0.246125
0.3599
0.41285
0.43925
0.498875
0.502725
0.550125
0.66375
0.683925
0.6926
0.703825
0.7976
0.8159
1.227925
1.2792
1.324375
1.407075
1.4987
1.829025
1.8829
2.039525
2.043
2.1006
2.244975
2.251825
2.2841
2.594525
3.003425
3.037925
3.149775
3.176175
3.281
3.3666
3.3834
3.5986
3.718675
3.923175
4.18485
4.325625
4.32965
4.3331
4.486025
4.503075
4.505425
4.57915
4.859025
4.992
5.099625
5.10015
5.2979
5.362175
5.364375
5.50265
5.5143
5.648125
5.695625
5.768825
5.78415
5.812075
5.968975
6.179375
6.249575
6.25255
6.372625
6.378925
6.54025
6.54535
6.60205
6.7558
6.92995
6.97525
7.00255
7.13885
7.139175
7.249425
7.29975
7.318275
7.3638
7.543375
7.586025
7.633125
7.68605
7.7041
7.902425
8.000875
8.020225
8.31365
8.35965
8.4509
8.5332
8.555625
8.65735
8.688625
8.717325
8.771625
8.83655
8.90225
9.016425
9.0433
9.13225
9.137575
9.38975
9.499325
9.517275
9.60365
9.667325
9.7544
109
