0.195075
0.3722
0.79
0.837
0.84895
0.88555
0.911125
0.95265
0.992475
1.043975
1.046675
1.11965
1.207625
1.36285
1.396375
1.851825
1.8921
2.0279
2.30565
2.47045
2.48065
2.624525
2.6708
2.679325
2.807525
2.990425
2.99365
3.0526
3.13865
3.14845
3.271525
3.314775
3.3192
3.34745
3.44855
3.4792
3.794725
3.828975
3.9356
4.519125
4.59615
4.748075
4.9454
5.2534
5.4325
5.52265
5.568175
5.90295
6.0443
6.09155
6.21565
6.468025
6.51425
6.7368
6.85175
7.128225
7.2377
7.251725
7.3954
7.464425
7.526075
7.54365
7.6244
7.70405
7.727175
7.864775
7.9162
8.060225
8.0987
8.10245
8.173875
8.18595
8.31695
8.3333
8.466675
8.679175
8.8304
8.90805
9.00335
9.094325
9.213575
9.25045
9.371175
9.41955
9.50515
9.566075
9.57745
9.6054
9.673325
9.7084
9.725525
9.76705
9.870075
9.87065
9.87845
9.917725
9.9253
97
