0.065775
0.23475
0.3682
0.4224
0.50135
0.51385
0.612175
0.627875
0.827975
0.89255
0.92575
1.062675
1.255975
1.394275
1.667875
1.77555
1.819525
1.826225
1.906325
1.960275
2.09205
2.12935
2.153825
2.260075
2.2713
2.3436
2.56355
2.585625
2.61805
2.618325
2.821675
2.8242
2.9119
3.0404
3.067325
3.188275
3.190625
3.348325
3.4347
3.654375
3.70595
3.71935
3.828075
3.85745
4.0689
4.2368
4.260475
4.4671
4.504625
4.588275
4.617075
4.758
4.89635
4.954825
5.069875
5.188425
5.23115
5.289625
5.454325
5.68745
5.779775
5.80815
5.984425
5.9899
6.01075
6.1471
6.181325
6.213475
6.235325
6.265425
6.3281
6.346975
6.44065
6.52165
6.626025
6.949375
6.984275
7.08085
7.1853
7.6466
7.76665
7.84465
8.01435
8.020175
8.148575
8.244875
8.3073
8.362075
8.381875
8.466375
8.508125
8.52355
9.116525
9.3171
9.4479
9.4924
9.5964
9.601075
9.842375
9.90545
100
