0.0156
0.13265
0.28945
0.37885
0.38835
0.4599
0.521125
0.57635
0.603075
0.617325
0.631175
0.793325
1.007275
1.0798
1.094725
1.095075
1.126675
1.3269
1.33115
1.585525
1.667375
1.74085
1.815575
1.949225
2.160275
2.168675
2.183175
2.394625
2.449875
2.618475
3.117375
3.169175
3.638875
3.64345
3.764275
3.8249
3.835275
3.8416
3.848425
3.906275
3.9669
4.2144
4.39625
4.64635
4.6623
4.71415
4.7772
5.091025
5.13735
5.170525
5.19145
5.284225
5.2981
5.46355
5.49455
5.51315
5.56015
5.6713
5.709025
5.78885
5.9938
6.01795
6.01875
6.1514
6.1924
6.317675
6.418375
6.714125
6.864875
7.01525
7.11015
7.20915
7.210775
7.23015
7.402975
7.413175
7.445275
7.454075
7.4687
7.4782
7.647925
7.66315
7.713025
7.92645
7.9703
7.9987
8.273625
8.31705
8.39875
8.406475
8.455325
8.597825
8.80245
9.0474
9.2311
9.61715
9.741825
9.753975
9.7755
9.820925
9.84335
9.91515
102
