0.010175
0.047975
0.367925
0.39625
0.409175
0.68185
0.7326
0.7972
0.867375
1.129075
1.206425
1.2416
1.610625
2.18365
2.28985
2.427475
2.5025
2.5399
2.781525
3.08295
3.194875
3.28465
3.3518
3.439925
3.5028
3.550925
3.65735
3.752175
3.799775
3.9112
3.938325
3.94905
4.1576
4.229325
4.2876
4.3532
4.4667
4.4884
4.779775
5.001025
5.086775
5.333175
5.456325
5.521
5.609625
5.669875
5.811125
5.950525
5.969625
6.141775
6.2413
6.545225
6.64495
6.82685
6.976675
7.124525
7.190775
7.201975
7.3019
7.436775
7.5555
7.562025
7.590875
7.6146
7.631275
7.65715
7.7332
7.81885
8.017025
8.03435
8.07335
8.094925
8.098975
8.1025
8.161675
8.285375
8.365325
8.411075
8.4934
8.6291
8.887675
9.0306
9.057225
9.1371
9.19295
9.263825
9.2853
9.4276
9.46895
9.48825
9.557525
9.580875
9.58765
9.82715
9.8937
9.980525
96
