0.007975
0.103
0.3027
0.368175
0.37135
0.4587
0.5313
0.5599
0.603525
0.682825
0.717975
0.82815
0.944275
0.99565
1.099475
1.1056
1.129475
1.1849
1.341575
1.3455
1.523725
1.568325
1.944125
1.9509
2.235175
2.43265
2.532425
2.714175
2.9216
2.996825
3.014375
3.174125
3.220475
3.276275
3.300775
3.318525
3.747175
4.0235
4.02815
4.04315
4.1054
4.2576
4.274675
4.35675
4.429325
4.518625
4.556675
4.631125
5.118925
5.1899
5.332825
5.362375
5.40715
5.60545
5.775425
5.8978
6.31905
6.4553
6.54455
7.151075
7.1939
7.233325
7.318875
7.434025
7.4618
7.47835
7.657575
7.824275
7.832875
7.869975
8.46175
8.561125
8.8095
8.8519
8.94145
9.055125
9.21805
9.4394
9.450825
9.64625
9.723175
9.897275
82
