0.0312
0.069525
0.139025
0.1538
0.1961
0.368075
0.57085
0.685725
0.74715
0.820325
0.893375
0.92625
0.977625
1.1
1.38725
1.3881
1.466825
1.693925
1.72395
1.7396
1.7863
1.830025
1.86145
2.13035
2.132575
2.463825
2.617975
3.077825
3.1419
3.143475
3.203125
3.430725
3.459475
3.503025
3.744875
3.78345
3.87615
4.129475
4.35365
4.392975
4.745675
4.80565
5.00755
5.055725
5.092475
5.225675
5.265325
5.28455
5.449475
5.563075
5.640225
6.181875
6.243425
6.34695
6.40205
6.454175
6.5
6.523525
6.53545
6.630375
6.64065
6.683
6.7043
6.711975
6.7556
7.04345
7.1454
7.218075
7.25955
7.310775
7.3171
7.3892
7.399425
7.407575
7.50555
7.58805
7.6998
7.719475
7.739625
7.7674
7.92385
8.387325
8.3883
8.4124
8.5578
8.6158
8.637475
8.666275
8.78565
8.8536
8.9242
8.96685
9.00165
9.00785
9.09065
9.16805
9.245825
9.347025
9.41335
9.5209
9.52925
9.635525
9.6459
9.675225
9.702625
9.98245
106
