0.40435
0.448775
0.510175
0.55285
0.6504
0.8226
0.849675
0.99055
1.1445
1.36095
1.461375
1.521675
1.541275
2.124175
2.3741
2.42075
2.42655
2.6899
2.70575
2.743325
2.8987
2.9154
2.953275
3.007775
3.145125
3.427775
3.52185
3.5764
3.600075
3.801325
3.8202
4.062575
4.183
4.4409
4.4627
4.557575
4.815225
5.080275
5.143
5.282375
5.3286
5.8778
5.881825
6.135425
6.21125
6.374825
6.482875
6.6079
6.670525
6.746925
6.822275
7.078425
7.151975
7.2068
7.246575
7.61195
7.69005
7.845225
7.886025
7.935775
8.074
8.074925
8.2117
8.357
8.474775
8.86665
8.92025
8.9676
9.075175
9.076575
9.0949
9.0997
9.161
9.2223
9.408125
9.63785
9.80425
9.88185
78
