0.041
0.09765
0.23025
0.241925
0.3041
0.328125
0.483425
0.55415
0.607275
0.616425
0.86925
0.93175
1.0002
1.103175
1.314825
1.3808
1.45395
1.4879
1.4906
1.600725
1.687725
1.78255
1.914075
1.940425
2.004525
2.014175
2.144975
2.153625
2.18675
2.230925
2.2516
2.259475
2.27625
2.510075
2.655325
2.6873
2.963275
3.0016
3.10625
3.158125
3.258975
3.422025
3.574175
3.700725
3.75245
3.8148
3.867575
4.13725
4.253375
4.308225
4.319825
4.399675
4.723975
4.736275
4.824575
4.9001
4.9767
5.046525
5.2716
5.614775
5.649225
5.725675
5.758925
5.962325
6.068475
6.0831
6.2216
6.383625
6.412125
6.5273
6.595175
6.71475
6.781225
7.043675
7.142075
7.22005
7.23335
7.262275
7.2826
7.374925
7.516975
7.710375
7.737725
7.828225
8.02665
8.21645
8.438975
8.613975
8.652925
8.6666
8.869825
8.91765
8.919025
8.95965
9.088875
9.26995
9.33815
9.385725
9.4426
9.4983
9.5556
9.674825
9.726875
9.7288
104
