6.01429384569
6.03035868552
6.15458019139
6.17646689438
6.21648995965
6.30124155273
6.31685243237
6.37671957469
6.41898610757
6.44174065948
6.71533098209
6.84950201755
6.8602443924
8.07072809794
8.15019877679
8.41619152771
8.76561415556
8.84091021261
8.8599478547
8.93589703115
9.27457100694
9.70234796082
9.98118354973
10.0454898014
10.175104937
10.4074901433
10.8798637199
11.1014099687
11.2552458075
11.7126184617
11.7386586851
12.1126575215
12.655243463
12.909280233
13.5026397547
13.828865001
14.269107527
14.3645556629
14.778053653
39
