6.02559155607
6.0361793992
6.05280839419
6.07276845278
6.10655805774
6.13720307809
6.14981697546
6.2163537425
6.23079067306
6.25731136277
6.29601578887
6.32509882331
6.36662493109
6.4636632783
6.49568123223
6.53624867108
6.57771341276
6.67769105331
6.72813599236
6.73687026932
6.76321186316
6.8964169046
6.95040334886
6.95493203338
7.06552885742
7.15100261684
7.21326977407
7.22021536592
7.2471676026
7.30977258357
8.48814657869
8.63495621433
9.05163675034
9.31258523673
9.35918040076
9.7078484885
9.73665409894
10.141237859
12.439396677
12.7978717647
13.1416170465
13.3034359435
13.9986571985
16.2720667982
44
