6.01915230072
6.03801033782
6.04952078687
6.0540977819
6.06807942631
6.10631950744
6.13022695245
6.14320615377
6.16219528612
6.16925061747
6.20096277471
6.32075489214
6.41311222137
6.44885427038
6.52501059365
6.59901003711
6.69810978527
6.72798505041
6.80742987802
6.85073678286
6.9492111941
6.95508479451
7.15331133222
7.2111986005
7.26966229218
7.2780827038
7.37137363962
7.41675718111
7.43148817262
7.46422857427
7.61380789664
7.6329667601
7.73060437426
7.79739492888
7.94680091756
8.01840019974
8.14133063989
8.26103903216
8.3713398723
8.4149814338
8.49206457446
8.59789447024
8.65028994121
8.92307604737
9.04412567225
9.17038687068
9.30277748271
9.48365062735
10.1286650298
10.4061155901
10.823343526
11.0625423034
11.4508516084
11.5981661388
11.6222060828
12.3280736352
12.7655993329
12.7947631649
13.2380205617
13.83544916
14.4957825677
15.0318029603
62
