6.00151950549
6.02033913904
6.08042398428
6.15208500691
6.18799353782
6.22860618162
6.24510730424
6.279878956
6.32406227226
7.084610653
7.10841710157
7.14291716943
7.24195453764
7.28883386657
7.41030995235
7.50473575793
7.59824568538
7.73405429784
7.80991452967
7.99639427412
8.43872783535
8.61945044646
8.75234739253
8.89905774701
9.02422041783
10.6468636934
10.749218463
11.0021545568
11.2733798526
11.458667229
11.7377745638
11.7804541297
12.5562151219
12.6980909652
14.4966925922
15.7297081624
36
