6.00856950848
6.04407027524
6.06424468845
6.07284449594
6.09497913668
6.11228973072
6.20741365182
6.21645288219
6.27224215545
6.32885705085
6.39134677284
6.42387453101
6.43295452554
6.47567280749
6.68027877829
6.75208991171
6.79622031548
6.87171847587
6.91397170788
6.95761688487
7.04137004736
7.22061530714
7.269496604
7.42368732724
7.55259240036
7.56059322727
7.61234835687
7.73866346432
7.8106213374
7.85131478745
7.9693981512
8.05829411576
8.09282883858
8.12177197243
8.3925921522
9.65008095849
9.81389624782
9.94425657006
10.1062172346
10.4074117712
10.6508148188
10.7506891259
12.2852013291
12.5621971833
12.6689952098
13.0879568618
14.6708839564
47
