6.03677945201
6.05119205145
6.05594834548
6.05752477731
6.06572876347
6.08147540067
6.09024794083
6.11512358634
6.1382316149
6.16036208375
6.22096307175
6.32939502687
6.35630843276
6.37072422976
6.40629326632
6.54258052356
6.59052184521
6.61207181181
6.65799614181
6.80208968605
6.92955679996
7.05632644304
7.10190371442
7.12403677271
7.24790398887
7.30531147942
7.56112571262
7.63768349985
7.75332714119
7.93473376358
8.07951266524
8.18995528098
8.24125253636
8.4239257991
8.64706881115
8.70622933769
9.00605211527
9.10812047138
9.31704344378
9.4366560081
9.63376854135
10.0452648399
10.3887131127
11.1456409
11.2416959893
11.9352208481
11.9578327847
12.3111995427
12.6177313115
12.7905812479
13.209468215
13.6186718515
14.2230354173
14.2932890243
15.5096248212
55
