6.0221596487
6.04623539396
6.0552913923
6.09385365691
6.13131651763
6.14228861508
6.17780965909
6.1990485769
6.22742393254
6.25379847612
6.26056972446
6.29052642123
6.29711462454
6.32276864292
6.33871433853
6.38683155532
6.41603358381
6.44455420678
6.46927930916
6.51558773559
6.54808547374
6.61839495243
6.64488159524
6.69046079252
6.73273864896
6.85350777556
6.90724315597
6.94764956927
6.99275913124
7.10890376206
7.15286427565
7.19256397868
7.29993646987
7.34829427533
7.49251255752
7.68963408437
7.75237766644
7.77827279214
7.8236797805
7.84420464563
7.97491507356
8.11559841391
8.30947284367
8.54778767919
8.66351218655
8.73450677385
9.37298230205
9.70567484176
9.82341137583
10.0820472184
10.1989993535
10.6636323071
12.0760726369
12.7262401741
13.1426328244
13.6995970524
14.5733322682
57
