6.01182272737
6.0210463181
6.05284729627
6.05664354348
6.08962538068
6.1355555869
6.14345814807
6.20056568439
6.24197224815
6.25576150466
6.30386945748
6.30860931733
6.36302073458
6.37957500059
6.40419281614
6.46108995276
6.50010589389
6.53895765223
6.60125642626
6.67113976131
6.79521102777
6.86137958034
6.86573565086
6.89825948622
6.9407886424
6.97967886162
7.10874078411
7.20329441847
7.40731575546
7.67132294691
7.70699010075
7.9816592356
8.11520977544
8.40081732999
8.48803544995
8.65334924324
8.85322336105
9.04680582362
9.07729697959
9.26182584959
9.46182567052
9.55394483479
9.62336449641
9.6873904458
11.3982787665
11.5141392387
11.6754913459
12.1819628638
12.2665007092
12.4019445187
13.6102087805
13.7688604942
14.9086319421
53
