6.00935093415
6.03921195379
6.06302747952
6.07889256398
6.11243098088
6.1437732484
6.16878957191
6.27594661026
6.29900791155
6.30670617856
7.0333452905
7.04924357828
7.08291818115
7.18813866026
7.23038073028
7.33841811931
7.39993457481
7.4960006278
7.55613987134
7.56325708158
7.81439123006
8.0112770657
8.06797603513
8.13150278078
8.39220269057
8.48436938007
8.57497558258
8.80619436786
9.03573473415
9.27842850383
9.38462549597
9.53585551589
9.77399862755
9.84950388991
9.93194929035
12.2492852643
12.3397947682
12.7830749703
13.052054028
14.2511228651
14.5236946399
41
