6.01524737895
6.04631033849
6.0753814247
6.10618005451
6.11781177075
6.12803612403
6.14013103561
6.16585810972
6.2000684888
6.23665133006
6.24722663098
6.29857212061
6.3122254452
6.32899602814
6.35061540831
6.3859246047
6.41922179726
6.56387804016
6.76364001548
6.76903926592
6.82123894898
6.96945137757
7.08503945141
7.16453025831
7.22043896638
7.23556473673
7.2812893293
7.38255293469
8.22848764053
8.37650165687
8.41381127322
9.12586551508
9.29433625538
9.37643379644
9.56105483387
9.79402261285
10.0495620441
10.3294122547
10.3712749889
10.4923994609
13.8588920793
14.7843717887
42
