6.0092393866
6.02999825229
6.03200575701
6.03497372574
6.05829584733
6.22312593314
6.22975686246
6.29096812356
6.31695695971
6.33307523196
6.36246438702
6.40628139537
6.43316861811
6.45452542363
6.50968422931
6.52912892552
6.55157736412
6.56393631027
6.6194832947
6.66043476539
6.67283768189
6.68547822097
6.71340151761
6.76661346877
6.79324705797
6.84379233713
6.93700730633
6.98426552477
7.01791848328
7.14614047442
7.26779778917
7.35146958407
7.49273299098
7.5890878989
8.14089965933
8.23138187661
8.44520258266
8.49733342482
8.60127912245
8.63103502977
8.77966836702
8.99626337556
9.405664964
9.67036003219
9.84938286174
10.2817051363
10.359681682
10.3780375955
10.5856013303
10.873403923
11.3126567442
11.530134937
11.7893342005
12.1016027407
13.159835953
13.784204832
14.1668068572
16.383186244
58
