6.00699323593
6.02467953346
6.04942482111
6.07004604966
6.09756424047
6.11166890217
6.13833863074
6.16018108431
6.23720957254
6.28043601618
6.30062551552
6.47351792843
6.51916220954
6.54493035436
6.59416286071
6.61657156282
6.63291632867
6.68574352592
6.85155724438
6.94462854852
6.99692403171
7.02281954537
7.11180972245
7.15569738883
7.22456468615
7.31239078334
7.34155116836
7.54860864749
7.81273900171
8.05438037017
8.17730710443
8.42284413228
8.59149319489
8.6547218847
9.87239013687
10.2852143845
10.4360515676
10.6750859302
10.8716549495
11.153032868
12.2972354137
12.8340388765
13.1783431132
13.723700724
14.041726023
14.4969654347
16.4712939728
47
