6.03847803043
6.04212043779
6.06402821536
6.08499274038
6.0962557779
6.10950410512
6.11421977173
6.15836654543
6.17542143874
6.25893315132
6.37254030773
6.37602489959
6.39205159003
6.46048695224
6.82552927623
6.85803850874
6.86711846088
6.92766031223
7.0078440785
7.04278124725
7.11529162758
7.39693968032
7.61274389808
7.75752442519
7.88162157491
7.92850990017
8.05509925258
8.18179995012
8.31589467853
8.3978497526
9.81258597807
10.0847904361
10.8645965566
11.0124120153
11.4075318328
12.0072565085
12.6794677924
13.1415026883
13.2289761088
13.3042940914
13.5194506718
13.5808353345
14.286782074
15.8173811938
44
