6.02457444021
6.0541216912
6.06408646043
6.0829751912
6.1144748047
6.16621624365
6.1720300145
6.18664789871
6.20304256854
6.21198836727
6.23852967109
6.27250392292
6.28983746768
6.31982824528
6.36907869331
6.39047088053
6.39947329759
6.41819470801
6.45268617806
6.45671427801
6.47881264228
6.48994816946
6.60281022908
6.67731627217
6.84120840315
6.91262204762
6.96523719815
7.06033350477
7.16684911975
7.28181086559
7.31095701065
7.38834370412
8.52842121153
10.4964979677
10.7332790711
10.9626816565
13.1508015116
13.3575310734
13.7263724515
13.8326834358
14.3361237461
15.099563555
42
