6.00820121825
6.07876670136
6.0906305268
6.13771681226
6.17756588013
6.19764156583
6.22905170031
6.27015529759
6.31287878791
6.31758328037
6.33868662391
6.35090077203
6.39319368441
6.4436198603
6.48644773016
6.51745473845
6.69542637974
6.75206178539
6.79416950483
6.82975710973
6.87567734049
6.97330237881
7.04085714898
7.08175520228
7.17354437728
7.21034556663
7.35101534691
7.47801702602
7.77850358562
7.86585025185
7.99697626668
8.0741567844
8.1336977707
8.20846054326
8.40605599266
8.49525433497
8.79223547137
8.97648632764
9.18880787219
9.20961655074
9.4757927708
9.78435462073
9.91119921498
10.0004528173
10.0733694737
10.8812010091
11.5183937341
12.00290507
12.3534993736
12.462701925
12.951198783
13.3669197773
13.8460128442
13.9099037185
14.3921932791
15.2497645487
56
