6.07082552682
6.09674048062
6.12268360829
6.13994797431
6.18744393251
6.21674114685
6.25122431874
6.30575177755
6.33217617803
6.34066761499
6.38128466288
6.38721966398
6.42185078665
6.47994575842
6.48731023121
6.4908821227
6.51087236089
6.51697696208
6.58294139033
6.61382644806
6.71043276325
6.75555463138
6.76158365026
6.91276513771
7.23352625899
7.37082075242
7.50888413053
7.57420051874
7.78343803557
8.29245034119
8.39625151003
9.66886415925
9.92362037666
10.0318410143
10.2987149742
11.9746217337
12.0865769738
12.4338411329
12.6329681873
14.1349510773
14.6297693968
41
