6.02803632628
6.03417199134
6.05749600967
6.059880845
6.079650025
6.13800290474
6.15432686128
6.17318736909
6.18677227405
6.1895090041
6.20649446255
6.22666384144
6.31871576194
6.38246196045
6.38686090731
6.39947442481
6.4941330273
6.52015215008
6.562161867
6.61421919417
6.69580862905
6.75199558954
6.78241995781
6.85659789543
6.88070888784
6.90433339938
6.93567247712
6.99068658635
7.02505622495
7.0919855759
7.12834555476
7.13927845861
7.21288781932
7.22206438719
7.69308107109
7.80178449352
8.09666595137
8.15899405137
9.40276296192
9.51219375774
9.87624820364
9.96906584858
10.0739420544
10.1584937904
10.6428350618
13.8699854715
16.4663394815
47
