6.04339161974
6.05086966317
6.07345666174
6.09462489219
6.10919842354
6.23452708033
6.25589637386
6.2936639296
6.32236759159
6.3404580025
6.36987811459
6.40515351044
6.42533346368
6.4991794233
6.64842631537
6.68610630997
6.69146168325
6.72203683802
6.72920283475
6.73327479244
6.82021553216
6.87172367298
7.05147501145
7.17192544166
7.21730194589
7.420090541
7.46459937533
7.75594300788
7.818941587
7.83284768976
7.91869101349
8.152856521
8.18966107088
8.24467381531
8.27768392637
8.53978326343
8.75606493728
9.11627345281
9.26999340987
9.37513735446
9.61806560141
10.2025404232
10.634710131
10.766585219
10.9572139972
11.10952094
11.2965557973
11.3752162786
11.4117760665
20.0525096023
50
