6.21617517716
6.22864904445
6.25947240113
6.27777726792
6.31106213347
6.35173982299
6.37699788275
6.41266102625
6.58156757869
6.61143669399
6.68647899542
6.70143673144
6.80409087978
6.93628286579
7.06402833784
7.06872314453
7.13013440903
7.17755751103
7.30992325539
7.51878806146
7.62996755675
7.77927899377
7.94262345663
8.07491495139
8.2205517288
8.2717524702
8.30582072937
8.32725503738
8.39933257008
8.4945525885
8.72304698714
9.0619881425
9.31244797685
9.40747525144
9.89962529304
10.142218919
11.2725593323
11.3972932558
11.7521129199
11.8983939725
12.1435879869
12.3562192513
13.1076093217
13.3143670376
13.7032516489
16.3812892353
46
