6.01279640877
6.03536313469
6.17694244259
6.20193706869
6.24068302815
6.2600936005
6.27690679927
6.30154175077
6.40634259212
6.46270244356
6.51390017253
6.58137556232
6.62376394092
6.71904614153
6.78337560654
6.86563290919
6.89914565831
6.90402710022
6.99814021981
7.31689043178
7.51694752276
7.6332310367
7.80514110922
7.8665519294
8.47010023348
8.65585917431
8.70218444643
8.79870296497
8.93414354693
9.02715506321
9.3004699123
9.34540374961
9.39487745494
9.54550785714
9.70940898492
9.83197293584
9.8795087276
9.90611291983
11.0596524659
11.1619087797
11.520030564
11.5474046438
11.570806889
11.9380037609
12.6488849921
12.8767912039
13.298636689
13.6343373636
60.4507313845
49
