6.01635952097
6.05019593677
6.08871819755
6.1156152564
6.14344251419
6.15151715953
6.33098980001
6.34875036102
6.38783011924
6.41594576421
6.47790840588
6.50020848091
6.6688461479
6.7169962981
6.74794528815
6.76834148881
6.81580184066
7.02869085244
7.08008978069
7.13859902695
7.24235798611
7.33383669281
7.39585281787
7.49425949028
7.53113502327
7.76670183376
7.97507767325
8.03553543403
8.20185038818
8.35883014223
8.58649911417
8.70129706593
8.77524237614
8.98503506943
9.25709406714
9.27742003105
9.48637924102
9.5167977269
9.53189124302
9.78238690061
9.95427132753
11.2938199437
11.3200927818
11.3647262182
11.6388837506
12.2350465824
12.5868960726
13.2590149165
13.5877782314
13.6348909929
14.2940500315
14.6228251335
52
