6.02269849549
6.22658620191
6.26016277455
6.27310574028
6.32800020275
6.38011369147
6.4474222458
6.46074167312
6.47145130233
6.51194121497
6.56839788796
6.87373824268
6.94814324327
7.18712440738
7.222838161
7.31376732861
7.34082092009
7.51239487209
7.63322582949
7.75475180907
7.89942152955
8.00082575049
8.11587261566
8.19763657979
8.39584787518
8.56899334916
8.74060751586
8.85071471016
8.96294192837
9.28552293558
9.33298460415
9.62604478272
9.83223105094
9.85726196513
9.88677754381
9.99472111268
10.2227310369
10.3941727637
10.6459182313
10.856057579
11.5855455677
12.2854823126
12.7597538741
13.1760990356
13.2400395355
13.672444145
15.5632274417
47
