6.01223037899
6.01390098601
6.03058227021
6.0563322091
6.07826426494
6.31772385703
6.3386029449
6.34692918787
6.37260126313
6.5316910438
6.55548967831
6.59114906359
6.66044004572
6.68858026999
6.69753830677
6.75170822757
6.79246555385
6.85701561206
6.97408991534
7.04443178617
7.21406595462
7.36330470069
7.43047707336
7.83713304326
7.92334528831
8.08561737069
8.25045549034
8.41611543818
8.48123724592
8.60709978138
8.64334654166
8.83565612436
8.91526303403
9.10582090334
10.5488126335
10.6576598209
11.0355079762
11.3877703019
11.7117261718
11.8164898647
12.1619658647
12.6707249917
12.9479474753
13.3198208759
14.3309971705
14.9418264611
46
