6.03373296193
6.06071755774
6.06528969298
6.07648462008
6.09488723941
6.13268868946
6.20650928796
6.24284897741
6.25829589206
6.2950793476
6.29865005304
6.38623997927
6.39105660228
6.42097025055
7.06495600673
7.10112573466
7.21785998245
7.26618983801
7.72813238863
7.84177141107
8.02946003097
8.17684020681
8.31251123295
8.40928799687
8.48517837964
8.63329228487
8.65818598479
8.86360960987
8.95777852981
8.98163768846
9.21343719322
9.23242534523
9.36750165448
9.52320466535
9.55483874854
9.75223072934
9.98978687769
10.448311369
10.4850712614
10.7677916663
11.0438109812
11.2175151136
11.2659713301
11.2961229302
11.8165981242
11.9355931681
14.5820523844
47
