6.00776887527
6.03992072949
6.07148694006
6.09936948951
6.11352310584
6.13099069012
6.16075615774
6.24782166826
6.27391842655
6.3341529521
6.35087163768
6.80248781082
6.87376011065
6.88954003763
6.93405847487
6.94025473987
7.05106927987
7.17094612488
7.17860220682
7.18852045597
7.21556990419
7.34867428124
7.44017113294
7.54032870811
7.64450904149
7.89065333825
8.01076694646
8.13352595131
8.24810215856
8.4223424303
8.57362758339
8.594832609
8.72270367262
9.04351730752
9.21890589321
9.45683254872
9.64475394884
9.79253838759
9.87658053966
10.9000034686
11.2155190064
11.2419281538
12.6927487664
13.0803822378
14.433528547
14.6953719379
46
