6.02551578514
6.12582655841
6.16897826026
6.21618993111
6.22545760923
6.27229705027
6.32037703896
6.33545568226
6.34494240405
6.42794974127
6.43349134203
6.45228018944
6.5675188856
6.57959041841
6.69751547173
6.83887571087
6.87937832524
6.89806967388
7.45186976481
7.49125987296
7.61249799828
7.78687811882
7.93441206103
8.03723802079
8.21114693555
8.38110380128
8.39317097179
8.57958460731
8.86558158666
9.03186366994
9.36465862004
9.48135847963
9.51161261101
9.71002978775
9.76206264
9.84035522219
10.3359800015
10.5781869824
10.8087840872
11.0123086718
11.4232274527
11.6317813767
11.8750516865
12.0377740956
12.4423222862
12.5862759271
13.0298410252
13.2492550654
13.5173802566
13.7724924078
14.02141407
14.3637604406
52.3482514129
53
