6.01080334404
6.02715143765
6.04893393653
6.07111986609
6.10037187389
6.11481828458
6.14444694209
6.17103551878
6.20402563114
6.21708557921
6.22109990165
6.23941415163
6.284878317
6.32537968829
6.37341521597
6.37923593739
6.42515890887
6.43452526293
6.46318863415
6.50646093082
6.52970990966
6.54418411991
6.5802636548
6.69694813433
6.76601734188
6.854155784
6.93266080254
6.98338425267
7.03213354256
7.33675345369
7.39090648568
7.46858284904
7.51616758175
7.59858405252
8.41772580509
8.43683646822
8.59820981327
8.81728104532
8.95414893697
9.21603637398
10.3983962768
10.5167084267
10.7502677256
11.1385160299
11.2264591516
13.1447687803
13.6354900514
13.7490151118
14.3399476516
15.0337816636
50
