6.09236966573
6.10660897464
6.13371038034
6.57020629063
6.66373425064
6.74901757147
6.79130812251
6.94988121954
6.9715129398
6.9974040896
7.14310091102
7.15340894303
7.20493889849
7.26204269876
7.28159095362
7.43467246036
7.49285410266
7.61352583391
7.81103288036
7.89490435028
8.02605850505
8.14111101837
8.19612379392
8.23690119821
8.43670900157
8.52483473642
9.08554116658
9.3798921267
9.39282022901
9.45453941484
9.56622570143
9.84965401078
10.0758080344
10.860914857
10.9992334653
11.4453326549
46.9420722588
37
