6.02034236055
6.02826610785
6.05296730688
6.06741303288
6.24186511806
6.38173847099
6.42753169339
6.47374033204
6.530784845
6.57177802174
6.58785059044
6.60745507076
6.63204362048
6.66996371324
6.67436716778
6.74681796519
6.77236304274
6.82126819456
6.84333134922
6.85042033941
6.92047835396
6.9609148506
6.99487629473
7.30657323076
7.41244327478
7.51457982095
7.52491483241
9.02039729049
9.15568724846
9.25007509993
9.4127054405
9.64400092582
9.81370433316
11.4741186899
12.5717087103
18.2518569708
36
