6.03729218292
6.10386263799
6.11745227353
6.1640181552
6.18003518274
6.19969855759
6.25284083047
6.28517031318
6.30265314084
6.31634816939
6.33101366181
6.35125536468
6.46144084626
6.50237371484
6.53962027816
6.55543627999
6.60880951916
6.66861126202
6.71024619047
6.75709557484
6.80380705398
6.89709052966
6.96565347384
7.06445954027
7.20265199941
7.33866937176
7.49709052369
7.51320282871
7.52750542692
7.64390297179
7.70959495427
7.77140909237
7.82301596617
7.95845700222
8.10991461126
8.15128203947
8.24433696053
8.33647551489
8.4814104644
8.94209405774
9.19892437222
9.38075527955
9.79026935058
10.0849649642
10.4503543037
10.5341806933
11.1079968123
11.1345064276
13.2545298164
13.7062035409
13.7510082492
13.8595235438
14.5200711316
53
