6.01488820879
6.02102398308
6.04565869364
6.0757984931
6.10764958514
6.11372604935
6.16066558023
6.18132513664
6.21450769813
6.25948395096
6.28703096337
6.3967580342
6.41066204292
6.43641267198
6.53010359485
6.57384248024
6.6130639285
7.05434622476
7.12719449283
7.25510869337
7.37776399175
7.46150207067
7.54143744204
7.63052291403
7.7040148911
7.81838321035
8.04820766639
8.06730247693
8.82300882776
9.50644942976
9.53190116486
9.75213738654
10.2624765014
10.444284917
10.5089510179
11.6599075794
11.8859397748
12.5929081829
13.3729604193
13.9109462781
17.3596192948
41
