6.03205346788
6.05067033828
6.06689455444
6.10610699935
6.1231133392
6.14640410355
6.16795282679
6.23434610997
6.88276317468
6.9435477959
7.01390976903
7.07264153441
7.07804570902
7.66769492838
7.79257632494
8.02036622763
8.06896322835
8.12775370109
8.18191633567
8.35440631468
8.36808119906
8.46781970036
8.70142204209
8.74147617838
8.92279268587
9.12612235538
9.19302349346
9.43063950085
10.2601865357
10.4648095434
10.7451637325
10.9415360393
11.3771100893
11.8570093801
12.1354294016
12.5820662351
12.6934595851
13.5779039002
13.9585826072
14.5064861723
40
