6.02512622362
6.03599473272
6.05333340867
6.34497237792
6.39198975214
6.41073986578
6.45017554787
6.47138554307
6.4969721088
6.586065545
6.65446643476
6.71252751019
6.80805886479
6.8326983396
6.92300070244
6.9900711488
7.09877305732
7.17017417701
7.1922802725
7.33770974298
7.4831274594
10.0448979262
10.1443225886
10.1643436591
10.2305640411
10.4830072416
10.6553328745
10.8623365247
11.8430486643
11.9557055111
12.2317349746
12.3735622722
12.8243076471
13.4252471878
13.4587201795
14.3478358798
14.8607291226
37
