6.02371070035
6.04167054534
6.07403598893
6.08373346343
6.10067777527
6.74901208112
6.77982072594
6.81458471696
6.90025659963
6.90741492586
7.05978943413
7.1113140393
7.29746743997
7.41156092207
7.51287645211
7.5550739205
7.74157452933
7.8375556797
7.85515070443
7.9073016902
7.99107132963
8.04511443847
8.11403287895
8.12295849709
8.19497092931
8.25794650846
8.39898793771
8.41282182992
8.60047620591
8.692081085
8.71165242036
8.96294660657
9.02435096103
9.15772346618
9.1964469175
9.32960281988
9.42525332808
9.88528539612
10.2093542627
10.2572623019
10.7396586559
10.7815868131
11.3931850474
11.7979255949
12.1225463352
12.7181542468
13.1554079154
13.495374737
14.2106665596
14.873315424
50
