6.06601015682
6.09294764654
6.0984132491
6.1948027517
6.19689129082
6.21529088868
6.25719154907
6.60814712448
6.65005845938
6.70255478103
6.74575049587
6.77622974486
6.87436381351
6.91368384684
6.95104008709
7.00015705034
7.17400702524
7.20258861807
7.3092579161
7.42961376353
7.4401116618
7.53465754395
7.55291758736
7.62817772857
7.75187022522
7.7996191797
8.60845339304
8.73190938941
8.82883110445
8.95801422939
9.14894319855
9.39522853554
9.45753859457
9.63646160239
9.73542233416
10.0531761483
10.2123004208
10.6563607053
11.0115970197
11.1864115522
11.4553912983
11.8297056804
11.9914514792
12.5810352761
12.8294525329
13.3894753054
13.6415358406
14.0700379673
14.8909776142
49
