6.01579085177
6.03060056835
6.03828768285
6.08394461306
6.12335537227
6.14853737285
6.18382139535
6.20292728484
6.21935342537
6.23545095586
6.2497515126
6.27500745096
6.30704536532
6.51877320043
6.59255685326
6.62623879558
6.6872110485
6.7269171846
6.74562320361
6.96192124948
6.97003821244
7.01443116562
7.05607237929
7.133229716
7.16818493536
7.322687263
7.37517175386
7.55726200812
7.61026676853
7.65867595029
7.68619136684
7.77534802887
7.85138137072
7.9898596575
8.05453046475
8.13010208982
8.30562807724
8.39823327174
8.40868300753
8.50156873761
8.51405757989
8.71631754248
8.83089868874
9.15433899178
9.22353821425
9.56739570763
9.69399181567
9.84781447938
10.0329084275
10.2319549785
10.9278955592
11.3191598043
11.5166280383
11.8957942
12.146008606
12.1920282223
12.4408473871
12.5016835322
12.7099788891
15.590175041
60
