6.07383533051
6.10373059177
6.10961507707
6.13644353643
6.14738137206
6.16986120093
6.19054455708
6.23196257539
6.24680130251
6.26767711587
6.28733009622
6.32894717899
6.35849445995
6.39983790897
6.48069416253
6.51192405722
6.58613805188
6.62868303003
6.64796519576
6.75800407837
6.79867677606
6.83054286063
6.89391110579
6.92766202291
7.07171013251
7.14985619219
7.25720581641
7.41658709412
7.50343848539
7.54145143097
7.82928559481
8.43591103768
8.61944256555
8.8654117252
9.0131855447
9.13282042883
9.38174832524
11.5985387891
85.6049253266
39
