6.01344354908
6.1047950804
6.15406847603
6.17143796444
6.17641730025
6.22496366064
6.25149731864
6.28674898924
6.33683402257
6.34214171565
6.39350529174
6.40371636508
6.42083723347
6.45202852494
6.4904676487
6.50687152467
6.57445222139
6.78906890601
6.90512526735
6.95110936203
6.96058175754
7.01333565841
7.05427910681
7.12834588084
7.17344660129
7.30248943063
7.46779485199
7.51911915681
7.63428772286
7.93510478884
8.22417282648
8.43924723673
8.47972754657
8.75034479835
8.79400448712
8.88460828368
9.0036127258
9.05643709774
9.20405179795
9.37626076458
9.81378424836
9.82953595933
10.15703615
10.3909786628
10.6408836056
11.0586422844
11.1893213077
11.6924213564
12.0238422921
13.7095777901
13.9437166606
14.1776945574
14.6945880584
53
