6.02358535904
6.0318882181
6.0548904878
6.06957235675
6.07127480656
6.10886985038
6.19642595697
6.21647927419
6.24984086779
6.26506076832
6.26735006011
6.30486855477
6.30731066576
6.31044554259
6.33399666507
6.36106931628
6.41147463747
6.43293447822
6.46769131179
6.49364610165
6.51183724155
6.5890147819
6.6810911981
6.69671018738
6.76051840775
6.8793488368
6.99389805503
7.01211853262
7.04557945786
7.07489681919
7.12957507702
7.20115376531
7.22122010299
7.31784713872
7.83790678342
7.92181056001
7.99247284938
8.01016180191
8.1258820227
8.23807908469
10.1412820152
10.3828021781
10.5754480854
10.7558965308
10.8181268066
11.1816758693
11.4668298097
11.9071989831
12.1767998889
12.6013941131
12.8396420086
13.2005676421
13.3503423007
13.4485360787
14.0197823879
14.6195499586
56
