6.02391053275
6.08608665638
6.20123675391
6.23545040664
6.26701372903
6.29247324507
6.36108103128
6.40007280139
6.42631303135
6.49323491009
6.63287727186
6.65075164684
6.83870935054
6.84359047598
6.9199210993
6.99876819719
7.05902869942
7.16301326226
7.20382257463
7.26073174446
7.3553276539
7.38073236028
7.39296554684
7.44811810242
7.55264919475
7.59008117263
7.87077689286
8.47475027155
8.54469383044
8.86957346869
9.18893314538
9.57279651339
9.84484915663
9.98431701748
10.3098913168
10.6880244438
10.878087831
11.0265938867
11.660896969
11.7589177495
12.0869814154
12.4136138756
12.4501517585
12.7871260267
13.4281985809
14.2956197873
15.0608744774
47
