6.02239088477
6.05299437196
6.08546026681
6.10171670257
6.10916093456
6.12227323391
6.15579704037
6.19251010978
6.19470206689
6.2284644035
6.27205495618
6.30200868692
6.35738923855
6.40249575361
6.43097185591
6.4366359225
6.48642500875
6.50486719193
6.55464519988
6.56959403297
6.97381123342
7.19123801516
7.29676948507
7.40589250029
7.44084779948
7.83045426108
8.17095226021
8.24423596933
8.40032410117
8.70966559735
8.79706620984
8.96484098976
9.17696039937
9.22463852496
11.1789185658
11.3179597187
11.8157639321
11.9950243441
12.1262308471
12.1977936107
12.5139912635
12.8186681879
13.6742721965
14.0470433192
14.3066340243
15.4392462169
46
