6.00258203249
6.04689621609
6.09183060111
6.09518755353
6.11707856809
6.13759458781
6.16379484596
6.17903053033
6.18684041911
6.20730089961
6.25933271615
6.27314937066
6.31934779655
6.3647966053
6.39496534641
6.43298084938
6.48522082569
6.51781902005
6.544363918
6.63999076827
6.65243772106
6.74274832897
6.98550654799
7.06428235597
7.11935537892
7.1477150251
7.20182767164
7.30374862708
8.69766977012
8.90839939231
9.31190000892
9.43752496174
9.70272673951
9.86142476045
9.99017921341
10.038933483
10.0604858539
10.1629280199
10.3126860445
10.8182084455
10.8418116471
10.9125125242
10.9399224048
11.3562937856
11.896273691
12.0908637509
12.2222721484
12.4318602267
12.8342649541
12.9090888371
13.6155503295
14.2905470345
15.3918456614
53
