6.03407530959
6.06473270786
6.07389072874
6.11199626254
6.14235506742
6.17803416317
6.21986774626
6.24504620239
6.28648586209
6.29446720167
6.35778460363
6.41868429138
6.4756930911
6.489737345
6.53266404059
6.54835349313
6.58522283327
6.62280808024
6.65932999751
6.79447478428
7.00565307834
7.0385487421
7.08340817624
7.16843977159
7.18641194308
7.30309117828
7.40003198198
7.4647953954
7.5841730141
7.65406230936
7.87869860792
7.93453595733
8.05444821691
8.06974394694
8.1783697102
8.88814533297
8.90555913298
9.04371388316
11.0067344893
11.8172644182
12.1465912475
12.7257585147
13.6941388431
14.3356257187
14.8086057184
45
