6.03687993553
6.18350252384
6.18967042195
6.20525544111
6.23462368158
6.38206230195
6.4399450844
6.48117741612
6.48997140786
6.51616086136
6.52380109191
6.54352528601
6.6704988377
6.7368201702
6.83408432571
6.88652934932
7.13002368501
7.53046775288
7.61096710821
7.95092307869
8.11826936258
8.41044863653
8.63828239388
8.80101130021
8.93847763076
9.4429275628
9.5410119473
9.57268693693
9.74134616491
9.8934786435
10.029386343
10.2043018164
10.5262887885
10.7169316159
11.1375145375
11.2862563909
11.3508613763
11.9447096426
12.1109952245
12.4729154477
13.4150609217
14.0205254143
15.1869163155
43
