6.03042978921
6.03584138305
6.04622526612
6.06169607704
6.08694539365
6.101133709
6.13051647511
6.18879315441
6.24445007531
6.26178529678
6.27535564533
6.33200365101
6.37123956225
6.39754057313
6.40481990003
6.49354495166
6.57718820609
6.61130670787
6.6446656095
6.64847366004
6.69680907769
6.73188232294
6.79980757792
6.87785451584
6.91712912315
6.97833489145
7.03780213757
7.04310858492
7.17641188628
7.21494419507
7.41832458144
7.4511094133
7.57249903947
7.6370885212
7.78164088827
8.08360699036
8.20069720677
8.33335645439
8.38112507497
8.49150090717
8.56653946104
8.73741100045
9.12867005051
9.31813584268
9.57768463171
9.90354324095
10.0689903248
10.3010236226
10.4651051271
11.7663301936
13.1748940585
13.4673812801
13.948409644
14.8989244716
54
