6.04826364071
6.05517305714
6.18374094548
6.20235189139
6.22408938038
6.25538773983
6.27061984476
6.2800215046
6.32594782619
6.33869153632
6.34595594803
6.37952240159
6.41300671725
6.46719223844
6.48878207455
6.50142403253
6.52865758294
6.56384993493
6.60750605437
6.65035808471
6.6756093064
6.740806312
6.80333806923
6.81279115058
6.8662611853
6.87087511005
7.18997214171
7.26741288935
7.45990477557
7.47346903613
7.54760907901
7.66951047295
7.90172878904
7.91804870846
8.08384713344
8.16505600969
8.31214432008
8.42211594014
8.52069183219
8.61337546064
8.66361798043
8.69272770683
8.83072815874
8.90422473558
9.02213551751
9.3150359333
9.32743660034
9.48524432446
9.72704850941
9.76059006034
9.79046283838
9.97391461803
10.117751729
10.6658051138
10.8469503541
11.1424039704
11.4363202368
12.1287387358
12.3438061289
12.6351024175
12.6896303688
14.1112861212
15.1170399894
63
