6.038976979
6.06339088893
6.09156888393
6.1315087352
6.14654693964
6.17425102297
6.20827683484
6.23089125634
6.24774258729
6.29032879979
6.34159640218
6.37301724885
6.39708067301
6.41436648679
6.44373293208
6.50181526788
6.5303796659
6.55448484877
6.59739250616
6.66505452646
6.71426672767
6.76107755321
6.80152900069
6.96992537672
7.01069401489
7.16603745441
7.31252947393
7.553798345
7.64613872261
7.73759311118
7.74512012967
7.79029855347
7.98641980096
8.15444673945
8.2100852023
8.41763836676
8.54608638547
8.75174909212
8.86614650896
8.99529059685
9.28208987947
9.40587007641
9.52622650765
9.69831099048
9.83262317987
9.938414104
10.1621575187
10.2468294348
10.4199542614
10.547227575
10.6805146993
10.8494880876
10.9427369191
11.1586494209
11.1926692525
11.4496761113
11.8491511759
12.3569755532
12.7071381803
13.1343483733
13.3464112076
13.8428122413
15.0369830324
63
