6.09071925489
6.1226413342
6.12826158918
6.13559107358
6.14489443929
6.18603955329
6.21188257585
6.24790854921
6.2734844465
6.28335885386
6.32919841974
6.36918458801
6.37253985554
6.41002603042
6.61297085944
6.66675021197
6.70326902864
6.74013562532
6.75236356156
6.81969682575
7.27244124777
7.31391214535
7.85183309009
7.98677054922
8.1650792606
8.27721003751
8.45118275835
8.57151207018
9.28047536291
9.44668161155
9.65862120646
9.96217630115
10.0274845704
10.1630057758
10.2772325556
10.4119705151
10.4275863502
10.85239471
10.9472242916
11.3159731538
11.7234332165
12.0515630314
12.1271249439
12.2698701801
12.3880061732
12.8770624878
13.2059099314
13.718274384
14.3167952229
14.8026100052
50
