6.03573161518
6.08624756941
6.10735161754
6.24604561436
6.2554993797
6.57191842625
6.63190840759
6.68836301804
6.73896250817
6.78004237667
6.78628818543
6.9104677172
6.92606343495
7.00959393999
7.10722539987
7.15136780563
7.29249500859
7.39937954072
7.55982153821
7.64410872871
7.69718967513
7.81646953614
7.90632138422
8.01783954772
8.35397840783
8.46424699859
8.58414935088
8.84778468299
8.87756719691
9.04828603052
9.25091168557
9.61610134424
9.87202565449
9.97946957829
10.0951206591
10.4209679472
10.5542559783
10.6173841002
10.8394007301
10.8896964304
11.3507597272
11.6244116373
11.9676616233
12.2947566816
12.3646188159
12.8750622203
55.3022395445
47
