6.07226538944
6.08310348052
6.11497124282
6.11856130513
6.15386746313
6.56377690782
6.6125030358
6.62551608336
6.67434703151
6.71391565951
6.76521558069
6.81903659435
6.8783663523
6.92248667263
7.01087868252
7.01753775053
7.06208316004
7.09365406672
7.15347241281
7.32702351145
8.66388530239
8.84134858285
9.11190567174
9.51397629129
9.58119203163
9.688416388
9.91386064618
9.93519236384
9.99232062444
10.22279018
10.6857358773
11.0421057931
11.236594424
11.3818419426
11.6165879139
11.7457222621
12.2468916766
12.7810955133
13.1316009492
14.2961760482
14.6243842789
41
