6.00897248328
6.05923586261
6.09294364486
6.1073496214
6.13101150497
6.1327379351
6.14391751127
6.15244582178
6.27227682059
6.2808932041
6.32969950739
6.33954857881
6.40384202368
6.43393306255
6.48988469711
6.52059431438
6.61244832057
6.77438724983
6.77923361308
6.82547507539
6.89461881357
6.98985747759
7.02969902365
7.12069791161
7.13244096159
7.23108396083
7.24151879655
7.2851041621
7.41174716457
7.55434268287
7.62120715958
7.63548289085
7.64643832495
7.68617073533
7.83190151211
7.91134467678
7.93834519664
8.05311719566
8.25258873063
8.48093467584
8.69024345368
8.78483818206
8.79531106153
9.07974659689
9.2149171281
9.28524797321
10.5285851927
10.6711833084
10.8014406182
11.01504198
11.1031916326
11.5905924647
11.8052252095
12.1984884078
12.3707776731
13.0202531848
13.3960933741
14.0001592378
14.267686246
14.4294753281
15.5681700073
61
