6.01859840605
6.03555295217
6.07370592751
6.07905948661
6.13684206189
6.1799859075
6.19803572512
6.22064481032
6.25704208028
6.28856487428
6.36742566175
6.38151151251
6.44357784402
6.50649066424
6.5428858995
6.58457656642
6.63979009863
6.74280722584
6.76684083294
6.83289574377
6.93916327935
6.94658587287
7.00105029655
7.07753355725
7.17000150286
7.29386081775
7.30494904584
7.44740112017
7.5241572317
7.6778416612
7.82887463501
7.93455155273
7.99270727423
8.01235120537
8.13481151868
8.36773765069
8.44053401481
8.53648249757
8.60074098797
8.79940853559
9.79653789163
10.0393486506
10.4329140934
10.8161137523
11.2499239488
11.2993884371
11.6233281071
16.7181305957
48
