6.01652025618
6.02442482045
6.07494657934
6.09976095931
6.1527529064
6.16263423871
6.18515832721
6.20425046197
6.25828589788
6.27830781031
6.31395933651
6.34806448947
6.42491097896
6.44744511194
6.46447261584
6.46989296111
7.10264966619
7.29329715673
7.33266597132
7.39187317487
7.46514319879
7.59792968991
7.60515308898
7.80557000804
8.00755389772
8.17328714257
8.30223176979
8.43001110862
8.5331347704
8.75218110618
8.90883770402
9.02167748068
9.17821294453
9.20276839874
9.27223447283
9.41679208796
9.99509431988
10.1606537311
10.2625729353
10.3633366153
10.5973333708
10.7851942586
10.8626177412
11.0034605026
11.5646499447
11.9844098322
12.2312118463
12.6511472838
12.7561833384
12.9084780829
13.6616830376
14.3643094211
15.841136472
53
