6.00876746421
6.035381536
6.06403461432
6.07883124073
6.11761333637
6.16322661859
6.17510368722
6.18204076296
6.19173946445
6.21694173119
6.25505623631
6.3417218822
6.43073760671
6.48555938969
6.510348853
6.56406248995
6.62225132337
6.65503283619
6.72565887767
6.76342787292
6.83651927856
6.88492480752
6.9452608268
6.98141047014
7.00034104758
7.55310331962
7.71947517807
8.09356258332
8.28042931892
8.4804217496
8.59742264927
8.65825247089
8.91839760999
9.06214435278
9.08244632787
9.28489070282
9.29991883864
9.98892893879
10.3801204157
10.4290932894
10.5927969648
11.4093134448
24.2240746847
43
