6.01241836075
6.02947530502
6.03268614253
6.0747138621
6.10720882486
6.14068762644
6.15170697648
6.1619115024
6.19017329689
6.28609320363
6.32848628164
6.37259618458
6.37792801478
6.39931640205
6.41519177723
6.46167970118
6.56489698563
6.59425605869
6.59755086403
6.60830141497
6.62339118959
6.69034976942
6.9048114577
6.91098353448
6.9834890963
7.00135232276
7.05017668364
7.14265217234
7.25025316409
7.31443500961
7.40362068639
7.44411989603
7.71579803615
8.01638395525
8.09520594915
8.20816512084
8.35536958612
8.70241350814
8.84049206564
8.92193603797
9.23895303886
9.34241732535
9.52449806348
10.1618690713
10.5413285639
10.8417493518
15.4804420747
47
