6.00543091669
6.04162553158
6.06595376785
6.10964686116
6.11900616302
6.12498749489
6.14392993194
6.17343934774
6.19043406753
6.20100166489
6.23690718931
6.26139972774
6.26379236152
6.29426703662
6.32523292072
6.33240335446
6.45226885337
6.48444478173
6.55643523611
6.63075557033
6.65868515472
6.69250023399
6.73527270859
6.74057112655
6.83705256296
6.92050018417
6.94492102851
6.97591690377
7.11426777806
7.23942235455
7.36415907529
7.45472299328
7.4915919829
7.55134964765
7.66437299703
7.69559387872
7.8294113395
8.64368587722
8.71630848906
9.05398960387
9.14118884645
9.21298063442
9.41880955191
9.50418049592
9.75443782113
9.81743099002
9.94806366597
9.98157711838
10.2141474252
11.8694943811
12.3176449468
12.9086197998
13.1660249614
14.0152569142
15.8440150004
55
