6.04118914795
6.0617980734
6.08642809077
6.18856468403
6.22198778528
6.2389975088
6.27482513988
6.28763713178
6.29741930764
6.35070872616
6.37943753927
6.4897249284
6.56723099659
6.57575178133
6.63315972869
6.65030016281
6.69584486117
6.73177728868
6.80405216833
7.13611153396
7.19895437994
8.39184383258
8.55781401974
8.69467047454
8.85776315709
8.97740411275
9.04402718686
9.32331612628
9.57065416
9.80924773967
10.035289641
10.1519909486
10.3602650254
13.3182092598
13.9213749629
14.6601252404
36
