6.04036568749
6.08861942743
6.12291869741
6.12717148006
6.13227537555
6.17342903983
6.18992495773
6.24911635548
6.27845331211
6.29767149436
6.39515926287
6.46033194825
6.52184910706
6.53964269862
6.5641580941
6.68460409249
6.76848062721
6.84742684412
6.90541776451
6.9419458368
6.98405498802
6.99605488365
7.10152319306
7.20182447333
7.25294057936
7.33420407806
7.36671112811
7.4676021166
7.56430110557
7.68876047544
7.88455048212
8.02452462757
8.326110217
8.37408608068
8.63684435875
8.84025438908
9.13810001173
9.33778326073
9.74485902919
9.98183280589
13.5354295386
13.7838862704
14.5045027477
43
