6.03354707522
6.1309538972
6.24071275939
6.28230913643
6.28917110277
6.30058787693
6.40185686023
6.43332591144
6.48842668468
6.49239044637
6.52508267313
6.56429569463
6.57240996723
6.62317713166
6.63462352803
6.75513896162
6.76156091914
6.78449931287
7.04656793476
7.05248206343
7.19953757995
7.22533465587
7.30155738003
7.38582230739
7.6348422201
7.65731691522
7.71762404179
7.77898590318
7.85084586583
7.97326163101
8.00233463975
8.39333294409
8.62623329767
8.65807418971
8.76219951862
9.18789452285
9.52808199011
9.87818471479
10.0753304823
10.2253854957
10.5008822071
10.7719213114
10.9195769792
11.3803746786
11.6304354074
14.1673001247
14.707892964
47
