6.02123546828
6.03067067328
6.29550880603
6.30003345896
6.3450613613
6.41323055186
6.42873942511
6.44373156497
6.47798351895
6.4942625729
6.59003387214
6.62535599675
6.73543350655
6.77977943314
6.79518471667
6.8066662395
6.98899690742
7.039468329
7.12688653232
7.41238000982
7.52853576366
7.64430811273
7.78900945056
7.94090030138
7.95140477318
8.07942152428
8.15596080181
8.21941769589
8.36357597432
8.47097710306
8.60433690956
8.84302879316
8.91167794588
9.20025174061
9.34964379241
9.4932853428
9.63637707747
9.82551190261
10.2664860472
10.5398059479
10.8045141258
10.9445498057
11.0890368042
15.4674609691
44
