6.03555602376
6.0737040473
6.10266466016
6.18596108277
6.28258935574
6.34685566172
6.38554082445
6.3898904191
6.41932636257
6.47208417319
6.47540926833
6.48293259015
6.55744973247
6.6343656228
6.70230805915
6.74318657456
6.79916260585
6.828134288
6.95777859392
7.03612334939
7.10716126114
7.35333078008
7.51114565005
7.58938338532
7.64305867214
8.15475877294
8.23727058625
8.39542637607
8.55379320298
8.61491252043
8.70576215738
9.00606165665
9.09088726075
9.32649961295
9.39416484377
9.70893352367
10.0445311664
10.1451230994
10.2010437248
10.3897064899
10.6424550305
10.8998465555
11.1520152428
11.9441730976
12.3039298225
13.1832940749
13.5585983894
14.0648078785
14.8407155572
49
