0.037175
0.146075
0.201575
0.26765
0.3362
0.41675
0.42005
0.4694
0.4818
0.51505
0.5244
0.530275
0.548075
0.553925
0.5628
0.57085
0.629
0.674325
0.72605
0.7389
0.7482
0.762175
0.768275
0.786575
0.802275
0.823525
0.8918
0.89415
0.950475
1.03525
1.052175
1.087375
1.123575
1.218725
1.220075
1.22705
1.23425
1.2391
1.2453
1.261375
1.282875
1.306475
1.5804
1.7138
1.7836
1.8623
1.89735
1.939025
1.99325
2.053425
2.14255
2.1514
2.252775
2.27705
2.32345
2.3827
2.39635
2.45255
2.660875
2.678475
2.7585
2.796875
2.82405
2.995075
3.0159
3.02265
3.05605
3.3045
3.348875
3.4054
3.46475
3.48085
3.590025
3.59285
3.660525
3.667525
3.83355
3.9589
4.004125
4.0217
4.172325
4.177925
4.2139
4.2155
4.3127
4.36645
4.418675
4.4518
4.468475
4.516
4.66205
4.7435
4.762675
4.768875
4.8583
4.87675
4.90995
4.92635
4.973025
5.00545
5.1812
5.231225
5.395275
5.3981
5.49515
5.635
5.657225
5.7345
5.769925
6.0048
6.0271
6.255625
6.5421
6.578025
6.59145
6.63375
6.646175
6.692375
6.8334
6.86605
7.156175
7.19645
7.196525
7.2005
7.2232
7.22455
7.248
7.480775
7.48155
7.5368
7.906425
8.015925
8.025675
8.059225
8.2202
8.309825
8.417575
8.4232
8.444725
8.549375
8.756
8.938925
8.9774
9.00985
9.329425
9.338475
9.359625
9.404275
9.58385
9.71115
9.86695
9.9658
152
