0.070025
0.10555
0.182125
0.186275
0.288825
0.42805
0.45905
0.4769
0.515575
0.518825
0.53
0.53465
0.543125
0.587
0.5977
0.661175
0.68215
0.699175
0.7394
0.75875
0.759775
0.7607
0.788275
0.837275
0.8737
0.975375
0.978175
1.01215
1.06655
1.067175
1.086325
1.143375
1.193475
1.223575
1.251125
1.3859
1.622275
1.7036
1.711525
1.728175
1.753775
1.863675
2.014675
2.240675
2.25515
2.3166
2.3762
2.5828
2.694125
2.738875
2.780425
2.81815
2.825675
2.827575
2.856925
2.947325
3.1235
3.248725
3.292775
3.35935
3.37035
3.674075
3.7044
3.77955
3.8276
4.0261
4.071
4.143275
4.14345
4.27715
4.391025
4.485725
4.556375
4.591375
4.633425
4.63925
4.651925
4.7548
4.8803
5.086475
5.33895
5.350425
5.383075
5.4496
5.501
5.58555
5.60125
5.68595
5.707425
5.7375
5.8755
5.98225
6.0102
6.094725
6.111575
6.16075
6.210325
6.22195
6.33205
6.4832
6.5421
6.568525
6.58685
6.955
6.980575
7.14185
7.1964
7.289025
7.3032
7.34205
7.343775
7.383275
7.51125
7.709725
7.75545
7.759625
7.778875
7.9235
7.934075
7.962725
8.107775
8.13045
8.141775
8.1741
8.248025
8.379775
8.393925
8.42605
8.67565
8.73225
8.735775
8.91745
9.110775
9.17825
9.195125
9.22785
9.409775
9.7628
9.780875
9.84065
9.897275
9.939175
142
