0.12075
0.187125
0.31055
0.432275
0.5084
0.51895
0.5555
0.5564
0.5651
0.597375
0.61725
0.6211
0.6217
0.6352
0.68555
0.70905
0.733175
0.7891
0.7992
0.802275
0.80565
0.838625
0.918525
0.924375
1.0465
1.0913
1.10895
1.16675
1.194725
1.208675
1.215375
1.2727
1.309725
1.31525
1.3173
1.328775
1.366425
1.382
1.40485
1.42025
1.42475
1.494975
1.51805
1.548175
1.5565
1.5782
1.595125
1.60015
1.635125
1.668
1.6808
1.76315
1.806625
1.8441
1.932375
1.93625
1.976625
2.016075
2.218375
2.251775
2.342125
2.35515
2.386825
2.392125
2.41085
2.472475
2.482075
2.5716
2.696475
2.737975
2.78915
2.857175
3.063725
3.076175
3.139225
3.2488
3.2793
3.28935
3.301825
3.30315
3.397725
3.474325
3.515025
3.536725
3.6232
3.639725
3.906875
3.923125
4.0339
4.0688
4.22565
4.32355
4.3708
4.3716
4.418325
4.4426
4.51695
4.551475
4.61365
4.67665
4.68875
4.8296
4.975675
5.05305
5.16665
5.22535
5.2677
5.38255
5.41855
5.574075
5.6366
5.64465
5.71805
5.774725
5.83045
6.013325
6.042675
6.06055
6.0866
6.1492
6.233
6.405825
6.4712
6.523875
6.9626
7.06465
7.077325
7.271375
7.29465
7.387025
7.42195
7.427175
7.616675
7.80005
7.8379
7.940975
8.0324
8.0462
8.108875
8.159275
8.227675
8.3257
8.345675
8.507525
8.55155
8.6099
8.64675
8.755075
8.77385
8.787575
8.8291
8.862225
8.8794
9.029925
9.107425
9.1153
9.1836
9.306575
9.489675
9.6599
9.69
9.761675
9.84485
9.88035
164
