0.07835
0.1271
0.2458
0.4127
0.419025
0.433775
0.4542
0.462075
0.4635
0.473075
0.484125
0.50485
0.50915
0.54535
0.559125
0.603775
0.6055
0.611525
0.6187
0.6237
0.6342
0.63885
0.64925
0.679375
0.6889
0.6978
0.72455
0.7518
0.790975
0.855425
0.870275
0.9683
0.9752
0.989
1.004225
1.05565
1.058325
1.065625
1.080175
1.0924
1.103525
1.217925
1.26865
1.2728
1.27645
1.282875
1.32285
1.3308
1.339225
1.381825
1.38265
1.44635
1.447175
1.4778
1.539175
1.689025
1.734275
1.739025
1.8963
1.991325
1.992475
2.22045
2.300525
2.3108
2.312875
2.372575
2.394725
2.43875
2.636525
2.653625
2.7655
2.787875
2.843575
2.915375
3.00365
3.039225
3.0848
3.25665
3.27915
3.3025
3.5452
3.61185
3.619725
3.633275
3.7127
3.7144
3.7285
3.7877
3.809125
3.843825
3.868975
3.8735
3.9514
3.953575
3.966425
4.003925
4.0313
4.05585
4.122375
4.2336
4.25205
4.284725
4.4958
4.532725
4.90395
4.957375
4.9969
5.039975
5.1011
5.107025
5.1174
5.2321
5.338675
5.394975
5.48505
5.531425
5.56925
5.5901
5.65995
5.8297
5.87125
6.0083
6.031275
6.1171
6.203425
6.24815
6.2701
6.2965
6.3324
6.57925
6.962175
6.9863
7.205125
7.209675
7.23145
7.302575
7.3113
7.313075
7.359225
7.36915
7.553325
7.637225
7.770375
8.046125
8.385975
8.42475
8.446125
8.534825
8.58455
8.664575
8.669875
8.711975
8.806675
8.92725
9.0444
9.123775
9.231675
9.28495
9.30095
9.386525
9.452
9.468325
9.546875
9.711325
9.7552
9.811675
9.81995
9.846525
9.976725
169
