0.047225
0.113125
0.182975
0.349225
0.46045
0.471075
0.48935
0.51445
0.515575
0.5206
0.53545
0.615625
0.653175
0.66065
0.703275
0.71045
0.727075
0.759975
0.772425
0.773575
0.78435
0.7974
0.802875
0.810325
0.83945
0.85125
0.8555
0.85825
0.961525
0.96605
1.136675
1.188125
1.205
1.238125
1.24785
1.3413
1.342575
1.539475
1.553125
1.632475
1.720525
2.1354
2.2203
2.2273
2.262225
2.279625
2.3452
2.376125
2.3871
2.42655
2.54815
2.63735
2.79835
2.813175
2.9391
3.33155
3.4964
3.788525
3.859625
3.960075
4.065125
4.09715
4.156375
4.235525
4.606675
4.6232
4.798125
4.8161
4.826375
5.074075
5.1384
5.2031
5.27395
5.293875
5.3207
5.48065
5.64545
5.705075
5.740875
5.7439
5.862925
5.942675
6.0174
6.07105
6.17075
6.215725
6.2212
6.2833
6.35225
6.395425
6.397275
6.519075
6.62315
6.736175
6.80135
6.83325
6.924575
6.9479
7.0172
7.051675
7.065225
7.067125
7.25275
7.443225
7.55875
7.677975
7.848075
7.89965
7.9666
7.993325
8.12425
8.188875
8.2476
8.248275
8.269375
8.414875
8.4534
8.626575
8.78925
8.86055
8.909925
8.9216
8.944575
9.168225
9.37655
9.4911
9.714875
9.9726
9.977075
129
