0.1359
0.198475
0.212775
0.3007
0.41545
0.4935
0.4962
0.580975
0.6057
0.645
0.661825
0.6674
0.718125
0.780775
0.804375
0.880975
0.919925
0.925475
0.9624
0.9688
1.067125
1.07605
1.07725
1.08585
1.089525
1.115025
1.133075
1.1807
1.23755
1.240725
1.25205
1.27945
1.283325
1.424475
1.424575
1.44345
1.60345
1.652125
1.745125
1.815925
1.843425
1.852625
1.87515
2.0003
2.03575
2.25135
2.286375
2.38615
2.391975
2.44445
2.513875
2.64225
2.746275
2.84245
2.868975
2.885625
2.899575
2.944175
2.963225
3.096775
3.1661
3.248125
3.2952
3.329025
3.36155
3.407225
3.47345
3.5943
3.602575
3.71885
3.736375
3.946025
3.9496
3.9637
4.0537
4.0613
4.165225
4.23
4.2777
4.30965
4.409175
4.4755
4.79205
4.807025
4.882025
4.9136
4.9191
5.074675
5.103675
5.1143
5.193425
5.221
5.246625
5.252075
5.407225
5.464525
5.4873
5.6245
5.625025
5.6823
5.82565
5.88895
6.022175
6.047075
6.0698
6.169925
6.467675
6.480875
6.494775
6.554725
6.5901
6.6405
6.6521
6.7535
6.832
6.834325
6.871575
6.976725
7.159775
7.195125
7.7108
7.7975
7.928925
7.94385
8.029425
8.082325
8.137175
8.19035
8.35745
8.3795
8.407075
8.630425
8.63775
8.698975
8.704675
9.05385
9.108725
9.4109
9.414775
9.56615
9.5896
9.664325
9.665675
9.761625
9.810375
9.886075
9.936025
147
