0.15115
0.16035
0.1968
0.259925
0.32375
0.38725
0.504875
0.516
0.5185
0.523975
0.54865
0.5611
0.57595
0.588775
0.608375
0.622575
0.629525
0.6704
0.678575
0.70095
0.72875
0.763675
0.7748
0.83215
0.86645
0.905975
0.994775
1.082675
1.0926
1.142625
1.1761
1.1868
1.210025
1.218825
1.247925
1.2912
1.32935
1.42045
1.43655
1.4861
1.514475
1.5906
1.676075
1.71705
1.726075
1.7491
1.811325
1.8784
1.997625
2.223775
2.288025
2.331325
2.37805
2.47725
2.54305
2.615525
2.63955
2.69935
2.724225
2.806
2.911725
3.014075
3.0822
3.143525
3.169325
3.19855
3.2177
3.225375
3.2769
3.332575
3.357975
3.488375
3.511875
3.531025
3.82015
3.8944
3.897525
3.9214
3.963475
3.99035
4.008075
4.05735
4.08945
4.09405
4.107125
4.223625
4.2967
4.2988
4.30825
4.4104
4.41855
4.456575
4.459175
4.474575
4.486025
4.493775
4.50115
4.52175
4.58235
4.8228
4.849825
4.852925
4.879875
4.890925
4.928875
5.014775
5.0751
5.083225
5.201075
5.304525
5.37065
5.5485
5.562225
5.603025
5.615975
5.6755
5.7185
5.817675
6.009125
6.28995
6.381275
6.421875
6.44905
6.492775
6.786275
6.79375
6.802525
6.829525
6.966675
7.0101
7.15445
7.1661
7.194525
7.238475
7.306775
7.35255
7.44325
7.559925
7.645175
7.6664
7.6841
7.779075
7.80035
7.81265
7.823625
7.9182
8.014875
8.179175
8.200275
8.204625
8.21775
8.249075
8.46965
8.47505
8.49965
8.60085
8.718
8.718675
8.76445
8.77135
8.936275
8.998025
8.998375
9.069075
9.21335
9.23705
9.3844
9.39065
9.427225
9.43755
9.47125
9.55645
9.668625
9.693275
9.71155
9.765675
9.815575
177
