0.273475
0.357225
0.4563
0.45855
0.477275
0.4848
0.498
0.5493
0.5506
0.555125
0.555175
0.58165
0.599725
0.6219
0.62805
0.636025
0.651675
0.749375
0.774475
0.829675
0.831925
0.93505
0.978375
1.13075
1.21625
1.23525
1.245525
1.405025
1.46245
1.46975
1.564575
1.584775
1.599075
1.619625
1.70415
1.73135
1.896625
1.939625
1.94935
2.021275
2.09045
2.395
2.480375
2.5733
2.5751
2.58305
2.61685
2.661125
2.674175
2.693925
2.812025
2.825975
2.84705
2.9514
3.07785
3.1248
3.19385
3.210175
3.23475
3.270975
3.453875
3.4608
3.484075
3.5273
3.58545
3.702525
3.7809
3.819575
3.8294
3.856325
3.94395
3.962725
3.986775
4.022
4.0447
4.0857
4.106475
4.11595
4.133425
4.1539
4.185175
4.234175
4.2989
4.306875
4.40385
4.62095
4.65485
4.665875
4.7059
4.762825
4.851925
4.893725
4.95505
5.041775
5.05575
5.070875
5.1682
5.20525
5.33645
5.34225
5.400175
5.46245
5.52215
5.624775
5.767975
5.844575
5.8753
5.976725
6.097525
6.1701
6.1729
6.281225
6.340125
6.3843
6.474225
6.740475
6.87515
6.941525
6.9662
7.300775
7.392375
7.63755
7.955925
7.98005
8.158175
8.2654
8.354675
8.414925
8.4286
8.47865
8.8115
8.986475
9.355725
9.443525
9.515725
9.5807
9.74095
137
