0.05095
0.157175
0.453975
0.50195
0.51825
0.528175
0.543275
0.5502
0.570125
0.595175
0.598475
0.65675
0.679975
0.71595
0.72955
0.7587
0.80615
0.8581
0.86035
0.87705
0.887125
0.94585
0.9734
0.99355
0.999175
1.046275
1.049525
1.069425
1.1187
1.133075
1.1599
1.177025
1.236775
1.2539
1.2575
1.311975
1.321375
1.45235
1.453025
1.4791
1.538675
1.5409
1.62985
1.639575
1.65095
1.669925
1.7101
1.71205
1.7533
1.931475
1.956375
2.042525
2.133125
2.263925
2.399225
2.535275
2.56235
2.622125
2.64495
2.681375
2.76155
2.8165
2.874625
3.116375
3.456125
3.464025
3.626525
3.73385
3.91435
3.92555
3.9355
4.0692
4.1036
4.1439
4.179525
4.2363
4.27475
4.35695
4.41815
4.484575
4.535525
4.607475
4.6166
4.65535
4.8558
4.869325
4.950775
5.201125
5.202475
5.40305
5.5298
5.65435
5.9332
6.044025
6.08985
6.100175
6.12425
6.36525
6.458225
6.48595
6.5198
6.585725
6.821125
7.019625
7.1282
7.13065
7.4378
7.47335
7.510275
7.617225
7.6613
7.6953
7.765075
7.84695
7.872575
7.943675
8.0311
8.1221
8.2019
8.25575
8.45995
8.601775
8.607975
8.6613
8.68715
8.723475
8.753475
8.80755
8.972875
9.017675
9.194725
9.3284
9.6077
9.641725
9.6419
9.7503
9.7709
9.847825
9.88365
9.963075
140
