0.002025
0.143825
0.48365
0.487575
0.500525
0.506475
0.5258
0.5302
0.5438
0.5655
0.58555
0.688725
0.730775
0.79155
0.814475
0.817125
0.838075
0.844475
0.934225
0.97015
0.97985
0.992525
1.033725
1.226525
1.243175
1.258975
1.26985
1.30665
1.34075
1.425225
1.462075
1.55595
1.686575
1.735475
1.7581
1.8157
1.961575
2.016275
2.06555
2.1436
2.152325
2.1643
2.169675
2.1737
2.21145
2.2737
2.3156
2.35535
2.374675
2.459125
2.513575
2.568475
2.57175
2.6909
2.715675
2.72065
2.822925
2.8786
2.96815
3.004975
3.009575
3.155225
3.256675
3.43075
3.571875
3.573275
3.639775
3.650025
3.810125
3.86165
3.8968
3.9508
4.053075
4.11975
4.15705
4.4591
4.4718
4.473275
4.4825
4.72955
4.8017
4.80215
4.930775
4.93205
4.955425
4.958725
4.990575
5.084175
5.111175
5.139775
5.1921
5.2697
5.3321
5.380875
5.4269
5.595625
5.650325
5.728025
5.779675
5.9201
5.9662
6.0275
6.067325
6.117525
6.328425
6.34125
6.514975
6.655975
6.689275
6.837825
6.85425
6.88045
7.016475
7.225325
7.2839
7.323275
7.414825
7.4713
7.484875
7.5914
7.689
7.794375
7.820225
7.8871
7.912375
8.0589
8.128725
8.337575
8.360125
8.373525
8.444575
8.46505
8.659125
8.81575
8.982225
9.21195
9.7102
9.744575
9.819825
139
