0.06045
0.112825
0.26345
0.27005
0.432075
0.468075
0.468925
0.4911
0.517125
0.539375
0.57805
0.5874
0.6065
0.612925
0.68405
0.6859
0.775
0.788375
0.79785
0.818375
0.8277
0.83045
0.834425
0.89185
0.906525
0.959725
0.98535
1.0231
1.02755
1.0666
1.116075
1.1197
1.199125
1.208225
1.265425
1.272225
1.27775
1.2839
1.287825
1.35135
1.38675
1.458925
1.460925
1.4699
1.578775
1.616375
1.646925
1.6992
1.703325
1.794525
1.85665
1.87985
1.89385
1.89665
1.94625
1.984075
2.028975
2.050925
2.11195
2.1364
2.16375
2.27225
2.3832
2.5022
2.581425
2.75405
2.9187
2.93525
2.99165
3.03235
3.0626
3.08785
3.10555
3.2064
3.2936
3.3681
3.369725
3.39495
3.411825
3.422075
3.43615
3.586725
3.6231
3.689525
3.825825
3.877475
4.0247
4.0509
4.059375
4.095875
4.19235
4.19245
4.229625
4.308525
4.319025
4.4899
4.496775
4.505775
4.693475
4.729825
4.769125
4.815025
4.8217
4.8706
4.954475
4.977675
5.0064
5.09675
5.2441
5.30735
5.388075
5.470375
5.581675
5.67265
5.738675
5.7663
5.79105
5.80105
5.846425
5.853625
6.02795
6.0331
6.360575
6.496925
6.500425
6.544525
6.5639
6.57075
6.596125
6.683675
6.6867
6.700025
6.84555
6.859175
6.89545
7.042975
7.0567
7.0767
7.083775
7.4746
7.52855
7.534325
7.571675
7.665
7.69905
7.83315
7.872875
7.977325
8.2184
8.35585
8.602
8.679475
8.764375
8.8792
8.910175
9.0404
9.07935
9.126075
9.2724
9.27985
9.3952
9.430425
9.43375
9.45115
9.653925
9.6726
9.742325
9.873525
168
