0.062125
0.066875
0.146475
0.2425
0.2511
0.2742
0.28595
0.374475
0.43475
0.438575
0.461575
0.4959
0.50125
0.503875
0.5289
0.63615
0.64285
0.6575
0.67025
0.672225
0.674425
0.707975
0.776675
0.78945
0.796125
0.84935
0.8585
0.870025
0.916225
1.006125
1.295875
1.329275
1.348975
1.3646
1.391575
1.449475
1.51325
1.547175
1.5508
1.5686
1.584375
1.607125
1.608075
1.685375
1.710925
1.883675
1.89525
2.03995
2.048
2.4248
2.565775
2.66735
2.829625
2.8487
2.89655
2.956725
3.03345
3.05205
3.0909
3.178125
3.23015
3.31655
3.3399
3.404275
3.45475
3.552625
3.7839
3.918425
3.981925
4.085
4.2193
4.2568
4.291625
4.3264
4.32925
4.3662
4.4476
4.5725
4.607925
4.826625
4.849075
4.913775
4.9238
4.983125
5.124375
5.1582
5.26335
5.267625
5.289575
5.3945
5.45435
5.50425
5.712125
5.935475
5.969275
6.152675
6.310175
6.62845
6.65465
6.6864
6.777525
6.789525
6.803875
6.82165
6.863825
6.891075
6.9462
6.979125
6.992575
7.021675
7.063625
7.065775
7.0665
7.218825
7.2336
7.477975
7.615
7.651975
7.6827
7.693425
7.820525
7.836875
7.9375
7.978725
8.03175
8.1562
8.16045
8.290875
8.29935
8.30505
8.331975
8.346
8.390225
8.426075
8.562675
8.612575
8.739875
8.75825
8.8655
8.9173
9.159325
9.37865
9.405475
9.414425
9.4554
9.473825
9.492425
9.68575
9.733075
9.761825
9.82005
9.867225
152
