0.16145
0.175225
0.312825
0.459225
0.479775
0.49105
0.50475
0.513075
0.51515
0.5202
0.520375
0.54875
0.553675
0.5599
0.59405
0.59605
0.623625
0.708825
0.71435
0.769075
0.8252
0.934875
0.961575
0.99475
1.0566
1.103325
1.116525
1.162725
1.221475
1.271775
1.28275
1.33875
1.375175
1.396475
1.61925
1.70865
1.856675
1.921875
1.958
1.997725
2.00365
2.044275
2.129675
2.131925
2.1418
2.1623
2.210425
2.267825
2.414275
2.41495
2.452575
2.48065
2.5043
2.528375
2.579425
2.587
2.618175
2.6802
2.69545
2.7616
3.07645
3.097575
3.3043
3.377275
3.419775
3.424725
3.432375
3.465275
3.535325
3.5355
3.538425
3.559475
3.67595
3.9302
4.0639
4.0857
4.291025
4.36255
4.414675
4.5085
4.52365
4.565925
4.569925
4.698625
4.706925
4.80495
4.8064
4.98585
5.05915
5.146775
5.1671
5.2798
5.308025
5.313375
5.32645
5.411925
5.66735
5.939475
6.03455
6.0501
6.308675
6.53815
6.6142
6.66905
6.6816
6.86005
6.89285
6.916975
6.939575
6.975625
7.1233
7.265725
7.345575
7.389675
7.400025
7.491125
7.50215
7.552
7.5526
7.55345
8.13125
8.1695
8.2132
8.272625
8.288025
8.54425
8.648175
8.7441
8.776325
8.833825
9.09675
9.110325
9.125475
9.22525
9.364175
9.3695
9.727275
9.74805
9.758475
9.91605
140
