0.104275
0.2667
0.287225
0.3595
0.456025
0.462125
0.481125
0.49715
0.5227
0.581125
0.5923
0.61005
0.6494
0.711725
0.7513
0.780725
0.803975
0.815775
0.83835
0.840675
0.858925
0.875225
0.984325
1.02895
1.086975
1.1505
1.187275
1.217525
1.2325
1.252
1.26675
1.307275
1.335625
1.358975
1.448225
1.46075
1.5595
1.559975
1.69975
1.71075
1.814025
1.84725
1.858025
2.094625
2.148225
2.206675
2.2379
2.540775
2.603725
2.62055
2.6425
2.6609
2.802175
2.812
3.00155
3.025975
3.118175
3.201925
3.206825
3.5716
3.601375
3.7274
3.75665
3.7768
3.81205
4.0237
4.027925
4.0637
4.1007
4.110575
4.1259
4.14635
4.211075
4.4234
4.6233
4.655225
4.6589
4.6803
4.744425
4.766275
4.800325
4.808275
4.995475
5.0228
5.226425
5.238275
5.424825
5.44115
5.4688
5.480875
5.5154
5.597675
5.615225
5.6436
5.709325
5.856975
5.860775
5.9492
6.0887
6.16065
6.18515
6.200025
6.2629
6.3253
6.32565
6.83495
6.94145
6.975125
7.048225
7.08265
7.135325
7.221625
7.5114
7.63685
7.6854
7.7183
7.7659
7.805625
7.922925
7.933975
8.0531
8.380725
8.505425
8.984725
9.0107
9.02905
9.129425
9.158475
9.2183
9.3877
9.4584
9.57255
9.61655
9.65925
9.861275
9.865175
9.905825
137
