0.0858
0.12295
0.1456
0.17075
0.181625
0.3964
0.44615
0.4633
0.52485
0.530725
0.546425
0.56095
0.579925
0.598775
0.670525
0.67595
0.68795
0.732275
0.7539
0.756175
0.768725
0.794175
0.8001
0.829125
0.849025
0.923225
0.9404
0.9432
1.000825
1.005175
1.007125
1.010875
1.024125
1.02915
1.033625
1.03385
1.04175
1.08645
1.1162
1.273325
1.3095
1.35795
1.368775
1.542075
1.554325
1.595125
1.616625
1.6432
1.646675
1.681325
1.703825
1.7298
1.745375
1.82995
1.854775
1.986325
2.069025
2.251425
2.326375
2.3467
2.35025
2.406225
2.63615
2.66775
2.678875
2.6861
2.739975
2.8362
2.94675
3.13185
3.170275
3.2115
3.2298
3.244475
3.266025
3.370925
3.6119
3.640775
3.817625
3.913425
3.9176
4.10205
4.14775
4.16705
4.202775
4.213425
4.312075
4.31785
4.3382
4.365175
4.49265
4.523675
4.729925
4.78065
4.900825
5.0073
5.023375
5.0884
5.123525
5.126375
5.14305
5.266875
5.31265
5.38575
5.434775
5.485225
5.5384
5.56325
5.5879
5.651825
5.664625
5.785675
5.8197
5.960875
5.9931
6.0181
6.04565
6.1474
6.293175
6.304775
6.3718
6.37695
6.38745
6.394975
6.457075
6.50015
6.584925
6.640725
6.812875
6.837625
6.86385
6.9181
7.039125
7.174625
7.23665
7.526475
7.5802
7.762775
7.83565
8.01315
8.0834
8.2255
8.234425
8.2493
8.255875
8.29255
8.389725
8.45315
8.7724
8.84385
8.8655
9.000725
9.0675
9.106775
9.1986
9.324
9.40415
9.470325
9.53735
9.588375
9.731825
161
