0.112625
0.1341
0.20275
0.49685
0.539375
0.5459
0.5951
0.598825
0.610975
0.625425
0.686225
0.721875
0.765725
0.80575
0.831575
0.84045
0.845275
0.883775
0.890375
0.891975
0.93395
0.971025
1.111075
1.119675
1.14385
1.160725
1.196825
1.36635
1.375
1.387275
1.411
1.487425
1.50755
1.595225
1.60075
1.626175
1.6301
1.665425
1.705775
1.732625
1.82805
1.912275
1.94575
1.976825
2.007525
2.0605
2.061325
2.085275
2.22495
2.29035
2.3009
2.3256
2.466275
2.48995
2.578975
2.58645
2.756875
2.855575
2.88825
2.986675
3.080225
3.137675
3.144375
3.325625
3.4929
3.50865
3.593175
3.60845
3.680825
3.755825
3.89865
3.96645
4.044975
4.073025
4.142325
4.269475
4.36215
4.411675
4.468175
4.477475
4.5624
4.6081
4.61095
4.712175
4.889425
4.95295
4.970675
5.0176
5.02
5.043425
5.0657
5.131025
5.13255
5.213025
5.292275
5.4542
5.520325
5.520975
5.680725
5.707225
5.7277
5.805875
5.8361
5.88615
5.88665
5.9812
5.996875
6.055875
6.1619
6.17565
6.2339
6.3518
6.461825
6.474475
6.53275
6.556125
6.660325
6.685525
6.69285
6.7514
6.75485
6.772575
6.890675
6.937075
7.062275
7.124475
7.133425
7.470075
7.652375
7.715
7.74275
7.82425
8.247
8.269325
8.295025
8.330125
8.45315
8.4754
8.54365
8.576775
8.767175
8.898025
8.968275
8.97835
9.03745
9.094375
9.09665
9.10815
9.203625
9.2174
9.6079
9.829675
9.88505
153
