0.02595
0.06535
0.134075
0.171925
0.510575
0.550275
0.569025
0.5982
0.623525
0.6374
0.69305
0.7493
0.810025
0.8112
0.8973
0.93305
0.97345
1.0294
1.0416
1.120525
1.156425
1.15845
1.17865
1.206275
1.23625
1.270225
1.2766
1.327425
1.340975
1.34235
1.37065
1.3924
1.432275
1.509875
1.51925
1.75285
1.94135
1.9531
1.97795
2.012075
2.038
2.102075
2.1431
2.1828
2.183425
2.2123
2.220075
2.27235
2.28345
2.351825
2.37415
2.4361
2.609025
2.623075
2.804225
2.837175
2.8409
3.04105
3.0599
3.10295
3.183825
3.19065
3.255625
3.29985
3.31365
3.4171
3.4399
3.453325
3.5082
3.609075
3.6843
3.7026
3.8449
3.858225
3.90725
3.943975
4.049325
4.054925
4.063575
4.1761
4.183625
4.2291
4.299075
4.361225
4.36825
4.410575
4.436575
4.447175
4.51965
4.566425
4.6178
4.65945
4.695725
4.790225
4.836625
4.8948
4.95415
4.96255
5.19955
5.306
5.356825
5.38985
5.44935
5.48415
5.717775
5.79415
5.92585
5.9399
6.01105
6.098275
6.1276
6.199325
6.34485
6.386125
6.419775
6.443875
6.4588
6.4701
6.51675
6.712
6.7652
6.82205
6.879575
6.9008
7.140875
7.15665
7.233675
7.296775
7.38105
7.71705
7.8289
7.868675
7.933825
8.1168
8.21945
8.501425
8.615225
8.90015
8.9657
9.081425
9.089575
9.171375
9.364025
9.442275
9.501325
9.55
9.582475
9.61
9.75985
9.83715
9.86075
9.89335
9.9066
9.9834
154
