0.028525
0.352175
0.394725
0.401725
0.402125
0.405975
0.41865
0.4538
0.4576
0.5433
0.5566
0.56225
0.572825
0.5998
0.630475
0.685975
0.693
0.723325
0.7491
0.7514
0.7951
0.821475
0.8277
0.868975
0.8818
0.8885
0.8889
0.908175
0.917125
0.93385
0.935075
0.93625
0.969675
1.11075
1.143075
1.1475
1.180075
1.233525
1.3209
1.3477
1.38265
1.4045
1.5168
1.543325
1.6508
1.6838
1.7762
1.846875
1.8654
1.88505
1.975875
2.022525
2.048275
2.060875
2.189975
2.222525
2.401525
2.47895
2.47925
2.50815
2.52845
2.5324
2.5698
2.661075
2.694375
2.83895
2.925725
3.03525
3.0967
3.20075
3.2517
3.3086
3.309975
3.4504
3.4781
3.493475
3.51295
3.612075
3.663125
3.679275
3.684
3.82855
3.874275
3.9354
3.970125
3.9775
4.017475
4.188
4.205725
4.21565
4.312725
4.316
4.385625
4.404775
4.5868
4.887575
4.9598
4.999625
5.224175
5.2995
5.342825
5.642325
5.8902
6.07875
6.16525
6.1661
6.167375
6.193875
6.273325
6.2837
6.301675
6.364075
6.393575
6.39395
6.40375
6.52735
6.6122
6.629125
6.70265
6.711375
6.883325
7.0636
7.089175
7.116575
7.38235
7.43775
7.46545
7.722875
7.768975
7.786225
7.8102
7.9032
8.278025
8.4374
8.45515
8.506425
8.669225
8.75645
8.790325
8.938575
8.97155
9.0418
9.099175
9.13965
9.1586
9.205575
9.337575
9.5968
9.646625
9.67175
9.817925
9.8712
152
