0.071125
0.08695
0.216975
0.375325
0.382675
0.383375
0.43715
0.438
0.4464
0.47515
0.4861
0.502975
0.536475
0.548375
0.5664
0.567875
0.584175
0.58565
0.590475
0.605625
0.61185
0.62585
0.6389
0.652675
0.6716
0.67925
0.681525
0.698225
0.7264
0.8263
0.837725
0.855775
0.885
0.893625
0.8959
0.90795
0.917325
0.939375
0.950725
0.957025
1.04215
1.0499
1.0572
1.06065
1.182825
1.32315
1.3781
1.4455
1.450375
1.4681
1.603175
1.606625
1.63145
1.659525
1.81465
1.847025
1.84865
1.927575
1.94385
1.9937
2.1348
2.162975
2.200975
2.24225
2.339
2.453075
2.61315
2.625325
2.69265
2.842225
2.876725
2.8899
2.958625
2.996375
3.0959
3.1263
3.181725
3.337775
3.34955
3.487675
3.494825
3.5134
3.523825
3.537175
3.5651
3.685625
3.686875
3.706025
3.72965
3.82155
3.874775
3.92805
4.292875
4.630325
4.69425
4.831475
4.95405
5.028075
5.0351
5.08315
5.301375
5.31305
5.455925
5.5078
5.52535
5.61675
5.69745
5.8051
5.819475
5.854375
5.89465
5.9622
5.9827
6.031675
6.064425
6.21695
6.3961
6.415
6.499625
6.569975
6.946725
6.952075
6.9673
7.016375
7.029225
7.04225
7.241525
7.29795
7.306275
7.3159
7.31855
7.451525
7.46335
7.501125
7.558475
7.6252
7.636325
7.641325
7.64365
7.6535
7.682275
7.701125
7.79075
7.79625
7.827425
7.8509
7.855875
7.86265
7.934525
7.95275
8.068575
8.220525
8.350625
8.36045
8.37605
8.41475
8.5822
8.6501
8.75045
8.78205
8.982725
9.17815
9.22635
9.28815
9.485775
9.52725
9.55545
9.5944
9.739825
9.7851
9.836525
9.866525
9.8749
9.89995
9.96055
175
