0.32545
0.423775
0.461375
0.4816
0.506325
0.50945
0.515425
0.516175
0.548475
0.55205
0.574
0.621175
0.62425
0.6772
0.6788
0.729275
0.785325
0.81205
0.847525
0.875375
0.974275
1.01835
1.0453
1.08565
1.15655
1.170625
1.182925
1.2379
1.2409
1.3512
1.390125
1.479625
1.50265
1.574775
1.59985
1.655175
1.67485
1.838725
1.90195
1.9182
1.92755
1.9401
1.945825
1.9664
2.07885
2.279375
2.30755
2.317775
2.7321
2.89605
2.89645
2.9314
2.9996
3.039975
3.0424
3.094925
3.10715
3.126825
3.2829
3.34405
3.36945
3.541975
3.560775
3.569275
3.6683
3.809775
3.8686
3.9273
4.1167
4.11745
4.1321
4.262475
4.309675
4.353325
4.45695
4.627825
4.637975
4.743225
4.841775
4.9594
5.0153
5.028625
5.106375
5.126475
5.222175
5.255075
5.315275
5.321625
5.3555
5.389325
5.41985
5.454175
5.472575
5.51325
5.5356
5.61165
5.616875
6.00855
6.157375
6.18305
6.448925
6.51525
6.56175
6.8584
6.926075
7.2343
7.24265
7.270325
7.273725
7.4567
7.473875
7.634525
7.74325
7.8696
7.886875
8.124275
8.3658
8.392475
8.4635
8.515775
8.5241
8.864375
8.891425
8.9032
8.953
8.97395
9.089
9.2571
9.30635
9.32195
9.344475
9.354925
9.40595
9.41125
9.45635
9.568775
9.67675
9.7604
9.803975
139
