0.086
0.1611
0.176925
0.21435
0.2277
0.2602
0.274625
0.291325
0.322825
0.453125
0.46125
0.49345
0.5207
0.54335
0.551025
0.557125
0.5753
0.580725
0.63455
0.64025
0.6689
0.704825
0.756075
0.77855
0.78015
0.78375
0.809
0.84575
0.896875
0.906525
0.972925
0.998525
1.02715
1.081175
1.097175
1.0992
1.13005
1.27285
1.27955
1.302
1.355675
1.493025
1.51235
1.7049
1.74435
1.789575
1.807675
1.809625
1.81415
1.9141
1.9518
2.059825
2.13215
2.147675
2.21755
2.219075
2.4532
2.46315
2.53895
2.562475
2.570875
2.596475
2.62345
2.673475
2.70935
2.74715
2.822
2.8941
3.00595
3.127525
3.148525
3.179725
3.27795
3.3885
3.508825
3.520025
3.627725
3.63705
3.669175
3.73165
3.759425
3.8513
3.878675
3.9704
4.0559
4.103475
4.21515
4.262325
4.314625
4.31585
4.34635
4.42235
4.5237
4.624075
4.661275
4.889575
4.960875
5.07945
5.240625
5.24155
5.2422
5.246525
5.326625
5.43785
5.485725
5.51855
5.5931
5.73475
5.86855
5.874125
5.88425
6.04935
6.111775
6.20025
6.371375
6.558125
6.574925
6.852775
6.8585
6.8902
7.023025
7.0977
7.109725
7.230525
7.24975
7.264475
7.354575
7.4363
7.486475
7.496775
7.53125
7.68015
7.719725
7.7513
7.7568
7.7802
7.836325
8.023325
8.1065
8.137075
8.20155
8.25535
8.33285
8.568225
8.613225
8.688325
8.955425
8.97685
9.05925
9.0825
9.1908
9.301125
9.367625
9.415225
9.511
9.55325
9.582125
9.69725
9.725975
9.832525
9.987825
161
