0.4587
0.51145
0.5222
0.5988
0.60045
0.6091
0.609325
0.684925
0.694675
0.7484
0.79795
0.81455
0.819675
0.83895
0.841775
0.869975
0.9777
0.9785
1.054525
1.11825
1.144975
1.183825
1.216075
1.219875
1.235425
1.258975
1.370275
1.53245
1.698725
1.735725
1.835575
1.8436
1.9468
2.057825
2.136025
2.185625
2.210475
2.22095
2.24485
2.52695
2.571775
2.590425
2.597925
2.643775
2.7443
3.08025
3.137925
3.149375
3.2073
3.214175
3.245975
3.389725
3.3905
3.528825
3.63695
3.833025
3.953625
3.975425
3.9894
4.132825
4.2005
4.3641
4.425825
4.45825
4.5565
4.56695
4.7433
4.775775
5.010925
5.059675
5.0601
5.1455
5.14665
5.1496
5.17815
5.19455
5.214
5.271
5.271925
5.2732
5.323375
5.55725
5.573275
5.6718
5.691575
5.73425
5.8504
5.9409
5.954725
5.966875
5.970575
5.991925
6.093125
6.267375
6.37075
6.37835
6.555975
6.679625
6.923225
6.92375
7.099
7.148675
7.149675
7.374675
7.37985
7.58255
7.59995
7.77815
7.8632
7.898325
7.935825
8.2162
8.352375
8.533625
8.59655
8.626425
8.87195
9.09045
9.129175
9.25915
9.368625
9.461
9.481825
9.895
124
