0.059275
0.136525
0.139025
0.363175
0.363225
0.418975
0.43425
0.492175
0.4952
0.5063
0.507675
0.5182
0.52975
0.544725
0.57275
0.580875
0.59315
0.629725
0.667225
0.7073
0.7128
0.7242
0.743875
0.744725
0.7532
0.75835
0.7682
0.819525
0.835
0.9206
0.958575
0.998575
1.006925
1.0142
1.051175
1.086975
1.114175
1.147425
1.354675
1.40135
1.508725
1.59915
1.62225
1.75705
1.939925
1.980075
2.025975
2.1114
2.16515
2.176225
2.332325
2.3551
2.4902
2.51015
2.520175
2.545975
2.64795
2.6579
2.725975
2.91935
2.9297
2.96975
2.997725
2.999125
3.0297
3.083475
3.1989
3.227575
3.287725
3.461425
3.513425
3.63505
3.648
3.70685
3.7089
3.80595
3.856525
3.928925
4.034175
4.03805
4.077775
4.0944
4.102075
4.1952
4.291925
4.419775
4.433725
4.436325
4.45435
4.5131
4.647325
4.80745
4.853725
5.0174
5.0345
5.0504
5.12425
5.205325
5.25715
5.499525
5.5009
5.554725
5.5929
5.713725
5.738375
5.76025
5.763575
5.77415
5.8927
6.03395
6.037975
6.040775
6.13505
6.1981
6.289075
6.321975
6.44985
6.496
6.59935
6.61955
6.772625
6.8101
7.018725
7.051
7.4206
7.588925
7.705775
7.7161
7.77055
7.778525
7.920675
7.9576
7.98135
8.103975
8.1268
8.14945
8.271475
8.323825
8.327475
8.470175
8.58285
8.66285
8.771875
9.001025
9.135925
9.171825
9.214
9.3131
9.403925
9.437275
9.4978
9.6913
9.70765
9.860125
154
