0.017025
0.2397
0.5096
0.515825
0.547675
0.561375
0.6225
0.666725
0.6687
0.696775
0.825225
0.833125
0.8842
0.9586
0.967625
0.998075
0.999275
1.0582
1.11485
1.152675
1.18575
1.38085
1.38215
1.3871
1.5293
1.570525
1.67275
1.6997
1.73635
1.88785
2.046075
2.097025
2.19505
2.198525
2.2682
2.347275
2.360025
2.470375
2.4795
2.639525
2.644575
2.699325
2.877125
2.966625
2.99965
3.0685
3.098
3.106525
3.12305
3.34965
3.36135
3.375825
3.569275
3.6057
3.635025
3.7154
4.049625
4.119625
4.338775
4.3857
4.439825
4.4417
4.531675
4.594375
4.6086
4.6213
4.63405
4.80685
4.8799
4.8902
4.938175
4.973225
5.028225
5.0306
5.037525
5.05215
5.0855
5.127425
5.14655
5.2863
5.43655
5.4529
5.50365
5.507525
5.63795
5.73125
5.866875
5.8938
5.913375
6.128575
6.33985
6.36565
6.369075
6.371825
6.4338
6.4349
6.4937
6.53295
6.7132
6.727325
6.788125
6.79375
6.880975
6.908
6.990925
7.07845
7.099
7.122625
7.18635
7.74525
7.751075
7.756875
7.91755
7.99005
8.1307
8.18515
8.185975
8.281625
8.3324
8.43305
8.661075
8.682975
8.7491
8.81425
8.81795
8.893225
8.997375
9.073475
9.138325
9.306975
9.383325
9.39585
9.40065
9.411625
9.47675
9.5927
9.632625
9.65625
9.6843
9.96035
140
