0.07295
0.1944
0.2292
0.31745
0.330325
0.38635
0.410525
0.464425
0.47635
0.514025
0.520075
0.5276
0.530325
0.5446
0.54485
0.5462
0.588325
0.58915
0.5904
0.609125
0.67525
0.6847
0.69085
0.692425
0.7271
0.7306
0.7411
0.7412
0.75695
0.796775
0.7977
0.81445
0.819525
0.838675
0.855775
0.87255
0.887875
0.898375
0.9164
0.97935
0.99165
0.9967
1.004025
1.034475
1.155925
1.208
1.20995
1.267225
1.351075
1.428925
1.53995
1.57445
1.626175
1.77125
1.793825
1.79925
1.8358
1.8811
1.908375
1.909
1.948025
1.970275
2.13535
2.1978
2.203475
2.2774
2.346475
2.459425
2.992225
3.102325
3.153125
3.3048
3.338275
3.502825
3.578775
3.7559
3.814225
3.817775
3.9058
3.906325
3.92105
3.9457
4.01045
4.125125
4.132375
4.164775
4.218
4.282075
4.3063
4.30975
4.596225
4.621275
4.704175
4.714725
4.7187
4.7472
4.901375
4.9564
4.97305
5.0048
5.03275
5.12
5.2393
5.25155
5.338225
5.357025
5.3653
5.42005
5.5053
5.530375
5.60615
5.652075
5.663125
5.71095
5.788
5.870075
5.9558
6.10525
6.107525
6.1673
6.1719
6.173775
6.19705
6.296225
6.316125
6.33025
6.383425
6.404825
6.419975
7.0044
7.027675
7.056775
7.05795
7.108
7.260675
7.39765
7.404525
7.454725
7.5304
7.573775
7.6296
7.6589
7.69275
7.761575
7.780325
7.8894
7.9273
7.92845
7.929225
7.99565
7.996425
8.021125
8.122375
8.165675
8.2999
8.370625
8.412
8.617075
8.673825
8.82385
8.8794
8.893725
8.9895
9.135875
9.227675
9.257825
9.272775
9.314575
9.4527
9.520275
9.672825
9.677975
9.7087
9.76975
9.846425
9.9384
176
