0.152825
0.183275
0.370275
0.3837
0.384625
0.43505
0.4641
0.4888
0.490725
0.49905
0.544375
0.548175
0.565075
0.594975
0.59755
0.600075
0.649425
0.663475
0.74945
0.765075
0.797675
0.90895
0.9145
1.043875
1.0609
1.0711
1.183375
1.2642
1.272675
1.35715
1.36705
1.485625
1.500175
1.5199
1.708925
1.7143
1.7255
1.787675
1.820525
1.8656
1.9
1.942525
1.9536
2.12065
2.2109
2.271825
2.29295
2.310325
2.33725
2.342775
2.4082
2.419125
2.5105
2.629575
2.7116
2.9054
2.93365
2.9431
3.144675
3.175825
3.23005
3.33925
3.3604
3.390725
3.47475
3.5423
3.556575
3.611875
3.7291
3.8774
3.989925
4.0751
4.09265
4.25585
4.284375
4.3607
4.527125
4.551075
4.587675
4.77725
4.827125
4.88265
4.9667
5.29555
5.3405
5.442775
5.55855
5.6586
5.917275
5.99415
6.005925
6.208275
6.37515
6.456475
6.5033
6.63335
6.72375
6.7536
6.818
7.119975
7.138525
7.2515
7.2715
7.376375
7.684925
7.75375
8.046475
8.077325
8.1599
8.1794
8.28775
8.300025
8.3523
8.459625
8.46845
8.54725
8.831725
9.1387
9.23475
9.48065
9.561575
9.571525
9.77975
9.8773
9.88635
9.96665
126
