0.0724
0.0856
0.092
0.21515
0.30645
0.43425
0.49355
0.5031
0.503775
0.5058
0.524675
0.52725
0.532025
0.532625
0.553525
0.609325
0.612225
0.6164
0.617475
0.62985
0.6514
0.785225
0.806375
0.811175
0.817475
0.860275
0.8812
0.902875
0.908425
0.915925
0.9496
0.97915
1.026325
1.028675
1.107825
1.133275
1.137775
1.183225
1.333075
1.428075
1.49735
1.77675
1.958375
2.00415
2.05025
2.0707
2.135775
2.1434
2.1606
2.264875
2.4142
2.43825
2.565925
2.595875
2.6667
2.70215
2.819375
2.8445
2.847675
2.909375
2.935375
2.943575
3.064175
3.10245
3.121825
3.165725
3.260075
3.2821
3.3641
3.395375
3.435825
3.4971
3.5268
3.75155
3.8468
3.854575
3.869475
3.87675
3.9871
4.035975
4.10495
4.10745
4.207375
4.274575
4.361975
4.390375
4.412625
4.470775
4.539975
4.545325
4.6231
4.639925
4.6576
4.658125
4.691675
4.71085
4.7479
4.81365
4.82745
4.84245
5.1882
5.345025
5.4351
5.479725
5.577475
5.64395
5.70825
5.817625
5.85975
5.903025
6.110275
6.1121
6.2119
6.289975
6.453125
6.454575
6.54605
6.602275
6.818525
7.05385
7.258125
7.386975
7.6255
7.644775
7.654675
7.712125
7.733925
7.744075
7.7516
7.90125
8.003375
8.185825
8.216275
8.3705
8.423425
8.434025
8.570675
8.63835
8.6426
8.7262
8.847375
8.877375
8.934375
9.011675
9.251725
9.305725
9.3306
9.58875
9.730175
9.74815
9.891275
151
