0.2249
0.291125
0.31135
0.4492
0.49845
0.5283
0.529475
0.5327
0.5388
0.5468
0.61235
0.637275
0.6557
0.657875
0.6598
0.6611
0.74195
0.752425
0.815475
0.861775
0.86515
0.8707
0.872525
0.88395
1.063925
1.1738
1.20025
1.252925
1.2835
1.409575
1.48025
1.56005
1.574275
1.782425
1.813325
1.97785
2.046775
2.069025
2.0732
2.1456
2.165375
2.229625
2.23815
2.245675
2.57525
2.592325
2.744875
2.788775
2.985375
3.034275
3.359775
3.57075
3.6184
3.67365
3.67845
3.6985
3.820775
3.850625
3.85605
3.86015
4.001825
4.12175
4.1793
4.2448
4.249925
4.2613
4.274425
4.338225
4.53755
4.639125
4.784525
4.802475
5.133575
5.156675
5.291025
5.352425
5.522175
5.604725
5.699275
5.73655
5.752425
5.8049
5.85815
5.9709
6.0667
6.07055
6.188575
6.231525
6.407225
6.458825
6.5589
6.583075
6.634275
6.64905
6.657075
6.6586
6.70605
6.801975
6.87355
6.921825
7.06525
7.20685
7.20905
7.3142
7.652225
7.933025
7.99835
8.131775
8.330425
8.450825
8.532225
8.5458
8.589025
8.7651
8.94395
9.0536
9.1975
9.36845
9.38225
9.485175
9.53885
9.6701
9.67945
9.698075
124
