0.0441
0.06505
0.249675
0.254275
0.41735
0.44505
0.49365
0.49695
0.5086
0.509625
0.52965
0.58755
0.58935
0.609725
0.644925
0.668975
0.699875
0.71515
0.725525
0.746475
0.750475
0.753475
0.802875
0.8862
0.916575
0.974375
0.9862
0.99045
1.002175
1.062775
1.09905
1.172225
1.178825
1.18475
1.3088
1.319625
1.347
1.4085
1.516575
1.524225
1.535075
1.6163
1.7217
1.73335
1.7606
1.7837
1.8024
1.8583
1.897425
1.9408
2.0142
2.082175
2.10775
2.1218
2.180375
2.210125
2.2564
2.3642
2.367625
2.54485
2.5615
2.5661
2.648525
2.70055
2.757225
2.81395
3.0046
3.012975
3.063775
3.080325
3.094225
3.149475
3.219375
3.446525
3.495325
3.584375
3.627525
3.6364
3.6478
4.0379
4.053275
4.0828
4.29175
4.337225
4.383275
4.3988
4.5365
4.5718
4.668925
4.7076
4.7206
4.86585
4.90385
4.99655
5.115
5.31225
5.35235
5.37415
5.540275
5.54765
5.726075
5.82365
5.8561
6.030425
6.042225
6.383775
6.4093
6.526925
6.7121
6.71485
6.735025
6.81
6.910025
7.03755
7.080925
7.13165
7.183425
7.31565
7.3213
7.369575
7.475175
7.503075
7.628875
7.6646
7.74965
7.75095
7.77055
7.774425
7.8411
7.953975
8.143575
8.16815
8.41175
8.45865
8.5203
8.56175
8.570275
8.6345
8.6757
8.943975
8.953125
8.9713
8.982975
9.111175
9.2504
9.489
9.539875
9.54825
9.759875
9.802775
9.9975
151
