0.332225
0.37135
0.437975
0.474525
0.48975
0.58425
0.6385
0.653
0.66585
0.712425
0.714575
0.717625
0.728125
0.73995
0.7952
0.7983
0.906
0.94065
1.0234
1.055425
1.059475
1.0761
1.11185
1.21735
1.21825
1.2334
1.26915
1.2806
1.289675
1.325325
1.32815
1.3775
1.389425
1.430875
1.4544
1.467325
1.5061
1.541425
1.69155
1.851725
1.88
1.9339
1.96985
2.085175
2.130925
2.38365
2.3943
2.4463
2.55385
2.6947
2.7405
2.7787
2.78945
2.96185
3.006825
3.0793
3.25295
3.2743
3.279025
3.416125
3.4967
4.05765
4.06745
4.144575
4.40465
4.543675
4.6817
4.7786
4.812375
4.9323
5.013525
5.16875
5.18995
5.219075
5.3168
5.4526
5.524925
5.597725
5.5992
5.621625
5.647625
5.93255
5.934075
6.074525
6.108775
6.1991
6.476525
6.68295
6.760025
6.8589
7.154975
7.167725
7.196575
7.312825
7.358925
7.7093
7.7887
7.89895
7.90015
7.941975
8.110425
8.2509
8.416825
8.65915
8.803575
8.94935
8.950875
9.019675
9.080625
9.2158
9.2875
9.36715
9.468975
9.508225
9.5606
9.659675
9.7147
9.82745
9.831425
9.8787
9.913825
9.924975
122
