0.032475
0.036275
0.112075
0.19945
0.48485
0.500075
0.50875
0.571625
0.60525
0.6261
0.638025
0.64675
0.6547
0.69145
0.70305
0.7109
0.724275
0.745325
0.763825
0.7643
0.7698
0.7997
0.8188
0.905125
0.9407
0.96285
0.9715
1.00535
1.223025
1.258525
1.293525
1.322875
1.393175
1.413375
1.4493
1.465725
1.510125
1.5221
1.537425
1.537925
1.6365
1.64115
1.8045
1.8383
2.1758
2.3178
2.397825
2.439525
2.472425
2.57115
2.619625
2.70355
2.84385
2.906
2.90835
3.16385
3.188075
3.2362
3.358225
3.38465
3.46775
3.568575
3.62165
3.681625
3.6928
3.737675
3.86235
3.866825
4.026925
4.040575
4.082975
4.088225
4.1301
4.28385
4.324425
4.330725
4.902175
4.945025
4.993075
5.06315
5.066175
5.177175
5.28535
5.4677
5.69835
5.7815
5.807775
5.881575
5.947025
6.07535
6.12925
6.2057
6.3655
6.391375
6.63445
6.90645
6.9067
7.03825
7.205175
7.325475
7.47175
7.520525
7.563025
7.92905
8.1203
8.170975
8.23715
8.30825
8.356425
8.40815
8.47655
8.6442
8.7312
8.790175
9.07245
9.1022
9.113875
9.166275
9.16665
9.4308
9.466425
9.6252
9.734525
9.94695
9.96065
125
