0.027375
0.04245
0.26215
0.372825
0.406125
0.415875
0.474775
0.498625
0.527375
0.52985
0.536175
0.581525
0.5969
0.64335
0.6463
0.64725
0.6909
0.7313
0.7713
0.845275
0.8691
0.87335
0.875425
0.886575
0.8984
0.905675
0.946475
0.96695
1.0145
1.11365
1.125425
1.1319
1.1322
1.144575
1.144725
1.193025
1.28585
1.477275
1.685625
1.698325
1.7262
1.726775
1.7472
1.77675
1.782525
1.79445
1.8271
1.9231
2.019025
2.17235
2.24415
2.253475
2.35215
2.403975
2.449175
2.459975
2.707525
2.752475
2.837075
2.998425
3.00695
3.149075
3.1839
3.258825
3.583875
3.598725
3.626225
3.634425
3.724175
3.9956
4.0011
4.112025
4.264625
4.293825
4.33275
4.344725
4.398
4.411275
4.456725
4.466275
4.4758
4.64415
4.67625
4.7376
4.85305
4.8555
5.057125
5.15535
5.17935
5.24555
5.358975
5.5461
5.589775
5.627875
5.696475
5.763025
5.91165
6.043725
6.060825
6.18455
6.19575
6.222675
6.29275
6.32175
6.39145
6.47285
6.62935
6.634875
6.864375
6.981575
7.056975
7.1923
7.20585
7.222725
7.224675
7.355375
7.466275
7.50695
7.563
7.652625
7.9815
7.99805
8.528125
8.617425
8.7272
8.7787
8.821925
8.8595
9.05945
9.1402
9.17885
9.56805
9.633575
9.7355
9.792125
9.80495
9.825575
9.8525
9.8703
139
