0.007425
0.01375
0.070025
0.124275
0.159375
0.21775
0.258275
0.261125
0.262725
0.2669
0.481075
0.48935
0.491575
0.5058
0.55485
0.5811
0.62925
0.64435
0.713825
0.717475
0.725275
0.7263
0.777375
0.781275
0.79895
0.82265
0.9078
0.978775
1.050425
1.079325
1.093175
1.093975
1.094775
1.112225
1.153225
1.17565
1.24075
1.403775
1.41705
1.45285
1.482225
1.53115
1.600175
1.6986
1.7093
1.792675
1.8117
1.82105
1.953125
1.997375
2.000875
2.175425
2.22615
2.244425
2.266025
2.283875
2.345775
2.526025
2.540825
2.563025
2.576025
2.679975
2.685625
2.753675
2.75625
2.776075
2.894475
3.085625
3.1527
3.2009
3.2223
3.22625
3.268725
3.293475
3.376075
3.6725
3.685775
3.782275
3.887675
4.04465
4.128975
4.293075
4.3522
4.452525
4.46215
4.46835
4.574175
4.6177
4.748375
4.763825
4.792675
4.994425
5.11685
5.117425
5.1406
5.18775
5.190725
5.287
5.29785
5.36035
5.3647
5.5245
5.563225
5.5832
5.679125
5.7256
5.8594
5.9474
6.1234
6.127025
6.3485
6.56795
6.847025
6.915375
7.0008
7.05985
7.060475
7.1878
7.196325
7.217525
7.383125
7.4106
7.4727
7.526475
7.53825
8.180925
8.252075
8.313275
8.41055
8.6179
8.893575
9.00585
9.03695
9.04175
9.0942
9.1058
9.11275
9.151525
9.152225
9.235275
9.370375
9.4025
9.4089
9.655725
9.696225
9.80535
9.860925
9.979925
148
