0.2643
0.29775
0.374375
0.498875
0.51225
0.515675
0.537675
0.556075
0.567225
0.56965
0.593925
0.61165
0.63235
0.667825
0.673975
0.679225
0.696025
0.70085
0.7903
0.80005
0.8347
0.84305
0.870875
0.949675
0.970725
1.009075
1.113975
1.11475
1.159975
1.170325
1.175125
1.1931
1.198525
1.250975
1.28935
1.3386
1.35345
1.373675
1.441325
1.45695
1.521825
1.5287
1.643025
1.738775
1.7544
1.787275
1.793325
1.897375
1.90995
1.916525
2.005675
2.12895
2.148875
2.185075
2.206275
2.20875
2.221625
2.2472
2.283925
2.3502
2.48705
2.53315
2.553775
2.613725
2.62775
2.63805
2.68935
2.972025
3.17105
3.176875
3.21235
3.25585
3.3067
3.431725
3.463725
3.472
3.51165
3.514775
3.55495
3.61125
3.62335
3.64815
3.723375
3.74935
3.80265
3.82245
3.923375
3.986375
4.02145
4.0616
4.0869
4.2864
4.41675
4.4702
4.49995
4.58785
4.611725
4.6329
4.67315
4.818225
4.85055
4.97705
4.9911
5.0315
5.064925
5.081625
5.2112
5.3048
5.36495
5.3982
5.4572
5.66525
5.762325
5.904575
5.9945
6.13175
6.177325
6.3178
6.340075
6.376625
6.46055
6.828925
6.89375
6.927375
6.9982
7.119675
7.1912
7.303975
7.389475
7.591
7.768475
7.825325
8.079275
8.089775
8.121175
8.2005
8.228675
8.28525
8.42565
8.483475
8.60775
8.640175
8.739125
9.011825
9.07845
9.1141
9.14125
9.146725
9.225675
9.4543
9.480025
9.6175
9.70065
9.810375
9.86445
9.8774
9.878575
9.8826
9.99055
159
