0.042125
0.065775
0.1795
0.28265
0.318825
0.3746
0.411
0.478025
0.48175
0.489475
0.49265
0.5033
0.51685
0.5291
0.539425
0.54795
0.590225
0.601325
0.61545
0.615975
0.626375
0.645525
0.664775
0.674
0.702325
0.7202
0.725975
0.749225
0.753975
0.78075
0.795175
0.837025
0.862825
0.891675
1.019725
1.038925
1.072
1.13675
1.1663
1.17645
1.271
1.2759
1.294275
1.3253
1.33525
1.35205
1.35295
1.361175
1.3865
1.390975
1.435525
1.463525
1.56035
1.5948
1.650925
1.70495
1.729875
1.8496
1.860625
1.87055
1.90775
1.9366
1.96765
1.987725
2.065025
2.127775
2.176325
2.269075
2.388725
2.539475
2.5648
2.6589
2.7369
2.745675
2.825925
2.8349
2.99035
3.0301
3.065625
3.127525
3.1675
3.24415
3.258325
3.354375
3.37695
3.554
3.59005
3.605
3.68345
3.799025
3.8611
3.872
4.12645
4.25595
4.321775
4.346925
4.63065
4.6714
4.947475
5.03875
5.08275
5.104
5.12155
5.12205
5.136825
5.212525
5.225325
5.270775
5.427475
5.471275
5.601075
5.71655
5.729075
5.734
5.868125
5.945625
5.961175
6.02895
6.0413
6.223975
6.241225
6.2823
6.3095
6.4824
6.515425
6.6504
6.737925
6.759025
6.80225
6.814325
6.882975
6.966275
7.057575
7.081875
7.11825
7.2309
7.241725
7.325575
7.36635
7.404325
7.748175
7.8914
7.900175
7.9222
8.1618
8.445575
8.49095
8.50385
8.525975
8.52855
8.591475
8.650325
8.84745
9.058
9.171225
9.2178
9.297875
9.43295
9.8715
9.87745
9.9857
9.9992
162
