0.00985
0.046125
0.173825
0.2051
0.23955
0.256625
0.307325
0.3467
0.446325
0.460725
0.4646
0.464825
0.51245
0.5412
0.5433
0.556525
0.6335
0.634425
0.645775
0.7607
0.916275
0.9351
0.9427
0.94725
1.229
1.2354
1.263825
1.349025
1.45215
1.4742
1.492575
1.5315
1.532
1.6474
1.702075
1.75285
1.79245
1.9106
1.911475
2.013725
2.22
2.24905
2.26725
2.3883
2.451925
2.5563
2.594
2.6114
2.627925
2.65735
2.675975
2.684575
2.697975
2.699725
2.76695
2.94495
2.94655
2.965525
3.030425
3.047275
3.079975
3.135025
3.14385
3.161025
3.30985
3.352775
3.40805
3.725875
3.808375
3.81
3.85785
3.89195
3.9949
4.1508
4.201
4.2936
4.3187
4.404225
4.52435
4.5379
4.58405
4.64745
4.663225
4.756175
4.8363
4.847575
4.855325
4.88035
4.886
4.950175
5.15085
5.23535
5.46585
5.64065
5.651025
5.806625
5.925525
5.968525
6.13805
6.14315
6.3119
6.415575
6.5416
6.5442
6.579
6.650575
6.6554
6.83345
6.84295
6.865125
6.942675
7.0002
7.103525
7.137875
7.194
7.41535
7.467025
7.536975
7.5651
7.7619
7.85285
7.89915
7.9226
8.074575
8.4642
8.48955
8.5561
8.70565
8.90605
8.93925
9.054275
9.101325
9.20715
9.213425
9.26085
9.271025
9.356375
9.506375
9.6126
9.66745
9.6787
9.7353
9.929325
9.937475
9.957575
9.993925
146
