0.052325
0.05315
0.068875
0.206875
0.303825
0.40295
0.4199
0.4304
0.432825
0.45255
0.46075
0.47855
0.48215
0.4977
0.5126
0.547425
0.567125
0.586875
0.5874
0.596525
0.6323
0.7019
0.703125
0.713575
0.7461
0.764025
0.769375
0.825375
0.8359
0.84285
0.87685
0.882175
0.93095
0.985775
1.0074
1.053225
1.078725
1.08185
1.085625
1.10975
1.1222
1.19975
1.210225
1.222175
1.24345
1.271
1.327425
1.36225
1.37665
1.403775
1.436125
1.472475
1.599575
1.67705
1.753875
1.778975
2.021925
2.1316
2.139475
2.16305
2.296
2.323875
2.3632
2.433625
2.478375
2.581275
2.61815
2.632375
2.639075
2.706175
2.75085
2.808625
2.855275
2.88235
2.950775
3.01475
3.028125
3.16655
3.245125
3.2781
3.353525
3.365675
3.4119
3.443625
3.4843
3.48925
3.5233
3.557325
3.588975
3.6197
3.621025
3.784325
3.8092
4.025025
4.026275
4.028425
4.039625
4.0486
4.04865
4.1224
4.1745
4.306225
4.319125
4.343
4.3607
4.523425
4.802975
4.850125
4.973775
4.98105
5.07025
5.11895
5.15765
5.32965
5.3685
5.478025
5.72525
5.7286
5.741675
5.8001
6.1217
6.3158
6.31845
6.32665
6.3946
6.509125
6.580325
6.609275
6.7918
6.92465
7.02465
7.057225
7.1695
7.19025
7.2072
7.2333
7.369875
7.40895
7.524025
7.5439
7.603725
7.6276
7.643225
7.652
7.802775
7.915925
8.1206
8.157675
8.17835
8.2069
8.2504
8.276425
8.28995
8.394775
8.4752
8.501375
8.5231
8.562275
8.654775
8.79685
8.853325
9.0306
9.090725
9.1605
9.161325
9.235375
9.286075
9.30045
9.5421
9.667225
9.769675
9.90355
9.950075
173
