0.01975
0.08285
0.08415
0.093425
0.178025
0.318625
0.34295
0.363425
0.4113
0.443525
0.5054
0.5088
0.5423
0.5449
0.584375
0.602175
0.6244
0.648925
0.664325
0.6867
0.702875
0.737
0.759925
0.773625
0.821525
0.8339
0.8406
0.89825
0.910625
0.9344
1.020925
1.037
1.13635
1.23485
1.27145
1.4414
1.534975
1.601425
1.616025
1.65615
1.6764
1.718225
1.8709
1.983575
2.039275
2.104325
2.20015
2.22455
2.25865
2.280625
2.326275
2.55445
2.801125
2.80745
2.8139
2.85235
2.893475
2.9066
2.953625
2.976675
3.0291
3.052275
3.088
3.145425
3.1998
3.2344
3.299725
3.3784
3.381275
3.425675
3.476575
3.4808
3.5423
3.547075
3.83565
3.836825
4.023125
4.0439
4.125425
4.12665
4.30545
4.535825
4.538175
4.5748
4.6154
5.007325
5.02645
5.071
5.13475
5.385225
5.395375
5.63755
5.737625
5.809025
5.893225
5.945125
6.212775
6.2556
6.421775
6.426425
6.4379
6.479725
6.51025
6.5781
6.9622
7.11045
7.113
7.2054
7.365
7.478825
7.49395
7.5001
7.549275
7.60515
7.8587
7.921925
8.03385
8.0605
8.134025
8.34335
8.41605
8.426725
8.449825
8.4515
8.5299
8.592925
8.6311
8.8001
8.857925
8.986175
9.044875
9.0516
9.07045
9.2332
9.241
9.421925
9.458625
9.58915
9.59455
9.662825
9.698625
9.700725
9.783375
9.78475
9.8198
9.97605
146
