0.144575
0.32555
0.41645
0.458475
0.46395
0.495225
0.51595
0.5269
0.530375
0.54565
0.5675
0.6024
0.616875
0.6535
0.674725
0.6749
0.688775
0.6966
0.697875
0.703275
0.747475
0.760725
0.79805
0.800025
0.8084
0.82605
0.83815
0.86955
0.872
0.918875
0.929175
0.934625
0.948375
1.1282
1.3377
1.345125
1.34745
1.440175
1.53305
1.542425
1.56255
1.57725
1.708225
1.88135
1.898675
1.908875
1.931275
1.996875
2.17235
2.224675
2.26715
2.269425
2.271025
2.296675
2.370375
2.37505
2.492475
2.74775
2.775225
2.782475
2.8614
2.882525
2.966075
3.0424
3.04615
3.24275
3.292775
3.3065
3.327925
3.344225
3.36295
3.3653
3.5509
3.61355
3.761425
3.817775
3.823725
4.093225
4.248525
4.29475
4.374275
4.394475
4.542275
4.54615
4.6169
4.7084
5.119
5.3978
5.403375
5.421525
5.450525
5.627275
5.767125
5.971075
6.12795
6.195425
6.237025
6.3324
6.4692
6.54105
6.63885
6.63915
6.6589
6.78005
6.82985
6.938175
6.972425
7.0264
7.2439
7.252875
7.349775
7.423875
7.568825
7.646275
7.669825
7.694575
7.754425
7.87455
7.886475
7.91235
8.015025
8.1269
8.221725
8.306375
8.425075
8.488825
8.5712
8.665775
8.80785
8.845975
8.96065
9.1095
9.138525
9.1874
9.265775
9.3133
9.32665
9.3774
9.539275
9.750175
9.797325
9.853575
9.882675
143
