0.087675
0.109625
0.12355
0.14435
0.145575
0.37145
0.394525
0.417325
0.490425
0.49185
0.498925
0.509225
0.516875
0.52055
0.522575
0.5261
0.536425
0.544825
0.55245
0.6005
0.665825
0.694
0.7121
0.729525
0.779375
0.78415
0.78565
0.794825
0.81545
0.8659
0.866825
0.8708
0.87775
0.951125
1.18275
1.2014
1.22685
1.23785
1.2757
1.291
1.3193
1.3367
1.3563
1.3902
1.394525
1.413325
1.461625
1.60565
1.712475
1.8482
1.85665
1.936925
2.019775
2.0323
2.07225
2.1798
2.20525
2.347075
2.44295
2.557675
2.64615
2.679625
2.8027
2.8485
2.92705
2.959925
2.9928
3.179825
3.192325
3.245975
3.253725
3.274025
3.314075
3.38415
3.472175
3.5026
3.510075
3.54625
3.5861
3.644
3.721525
3.933775
4.053975
4.3362
4.520875
4.54075
4.55445
4.67245
4.750075
4.811125
4.976625
5.034325
5.075975
5.134275
5.2553
5.297225
5.32205
5.45215
5.47055
5.603775
5.615925
5.6522
5.911175
5.931075
5.941725
6.036075
6.0821
6.3715
6.4448
6.46085
6.4932
6.494825
6.54815
6.679625
6.69305
6.9925
7.038
7.3586
7.364425
7.49865
7.7175
7.8545
7.984975
8.0742
8.103125
8.15895
8.2253
8.394825
8.430175
8.44435
8.475125
8.6419
8.649775
8.677025
8.71805
8.718475
8.87365
8.8936
8.91035
8.974
8.987125
9.008425
9.12665
9.1723
9.23335
9.257875
9.428775
9.51365
9.552325
9.5649
9.640275
9.695675
9.80075
9.8737
9.91295
155
