0.042525
0.14595
0.20965
0.38075
0.39005
0.4169
0.432725
0.474625
0.4902
0.494825
0.507925
0.5144
0.5239
0.562375
0.565675
0.5733
0.601425
0.622075
0.6259
0.64635
0.670475
0.68545
0.6868
0.6876
0.7778
0.78955
0.800525
0.80085
0.805925
0.809675
0.8553
0.860675
0.86845
0.897125
0.9137
0.942225
0.95155
0.973125
1.01315
1.014425
1.095275
1.13995
1.147125
1.2071
1.233575
1.282825
1.2836
1.312125
1.4358
1.474175
1.561125
1.563625
1.6054
1.633
1.69625
1.79535
1.8409
1.859075
1.87335
1.961825
2.18525
2.189075
2.214675
2.2712
2.41755
2.43545
2.57635
2.621275
2.65335
2.660275
2.66295
2.725875
2.7483
2.84295
2.86165
2.893325
2.9192
2.945225
2.9825
3.329925
3.498825
3.51325
3.6945
3.7171
3.9213
3.928825
4.1136
4.158
4.177075
4.253075
4.5036
4.618825
4.6687
4.835625
4.966475
4.96995
5.054825
5.05635
5.0818
5.137625
5.311875
5.364175
5.54345
5.63045
5.7023
5.7617
5.858875
5.86825
5.9131
5.933525
5.933725
5.947475
6.0199
6.101475
6.14845
6.4288
6.4438
6.47645
6.64075
6.726375
6.791875
7.264225
7.487875
7.6808
7.9889
8.00065
8.145375
8.219375
8.245925
8.268425
8.368
8.3724
8.387125
8.410525
8.616425
8.62965
9.271075
9.29895
9.30815
9.651825
9.780575
9.9349
142
