0.06175
0.0806
0.08815
0.270825
0.27885
0.3355
0.415175
0.4437
0.4842
0.513425
0.51865
0.5204
0.538575
0.541225
0.5485
0.549925
0.561325
0.591325
0.63495
0.637875
0.6461
0.6548
0.672975
0.7372
0.766725
0.8011
0.83645
0.8757
0.901025
0.903325
0.908175
0.922125
0.9264
1.0283
1.0668
1.17245
1.194025
1.1991
1.234475
1.241025
1.24835
1.251825
1.303125
1.340925
1.345025
1.462775
1.541425
1.545
1.574675
1.578475
1.592
1.67375
1.683125
1.7222
1.76065
1.81835
1.824275
1.9828
2.002175
2.11925
2.138125
2.2203
2.281875
2.305925
2.3174
2.36235
2.38785
2.402825
2.447075
2.48155
2.494725
2.502125
2.507925
2.712825
2.760775
2.89115
3.1536
3.1813
3.257775
3.517525
3.553425
3.57155
3.6373
3.6653
3.73005
3.7905
3.9022
3.9511
4.370825
4.415
4.43385
4.525725
4.5353
4.5772
4.66385
4.664425
4.795625
4.82425
4.881125
4.988175
5.0485
5.054275
5.063425
5.1492
5.183525
5.342
5.40795
5.558925
5.57195
5.776975
5.862675
5.9713
6.096
6.13655
6.176775
6.25145
6.314025
6.34945
6.35125
6.368
6.4334
6.59085
6.601525
6.730875
6.902975
7.026125
7.32075
7.37985
7.503625
7.514075
7.680975
7.760175
7.763925
8.054225
8.093725
8.1412
8.465325
8.597225
8.719075
8.8809
8.9245
8.947875
9.1971
9.248025
9.31615
9.419325
9.485575
9.5906
9.626825
9.639825
9.824075
9.965425
152
