0.297225
0.34925
0.4344
0.47055
0.477725
0.4834
0.5157
0.532725
0.549025
0.5492
0.5498
0.6084
0.622225
0.64815
0.67655
0.69125
0.696975
0.704475
0.722075
0.75145
0.760075
0.760225
0.7672
0.78125
0.796575
0.83685
0.840225
0.849525
0.89525
0.91785
0.980525
1.033475
1.088975
1.097575
1.108425
1.210925
1.2125
1.2928
1.3651
1.391775
1.43305
1.43865
1.54285
1.5531
1.59685
1.683525
1.702875
1.7383
1.760575
1.77335
1.8097
1.84705
1.8545
1.88695
1.895475
1.9059
1.975425
1.985725
2.1274
2.168975
2.19235
2.197125
2.249725
2.35885
2.49935
2.5435
2.566925
2.700825
2.725875
2.7494
2.872025
3.07425
3.13075
3.13835
3.160775
3.258325
3.280125
3.34775
3.49515
3.8311
3.833275
4.10615
4.156275
4.188075
4.276675
4.287625
4.628675
4.890975
4.9444
5.2465
5.293525
5.322575
5.34455
5.40955
5.42385
5.4433
5.463475
5.58995
5.70695
5.7802
5.918175
6.07245
6.11965
6.49225
6.6478
6.6631
6.820475
6.82185
6.868475
6.91665
7.23245
7.4509
7.649975
7.677425
7.93015
7.945825
8.155125
8.232325
8.283725
8.468125
8.723275
8.9638
8.9802
9.078
9.202
9.329875
9.435775
9.726825
128
