0.25085
0.502325
0.511525
0.511825
0.512675
0.517575
0.51905
0.529025
0.582175
0.6053
0.619
0.6297
0.731875
0.7513
0.7545
0.77415
0.776175
0.932225
0.94325
0.95595
1.0498
1.06995
1.092075
1.10155
1.28195
1.287875
1.31655
1.323025
1.424525
1.428025
1.433025
1.4946
1.5403
1.576975
1.611725
1.631475
1.635225
1.687825
1.82975
1.844525
1.849775
1.88015
1.9312
1.96565
2.054225
2.078225
2.250725
2.28605
2.299975
2.32635
2.33725
2.406
2.450325
2.486775
2.529475
2.6056
2.627925
2.763325
2.8463
2.872025
2.873225
2.93055
3.01515
3.1078
3.232475
3.294375
3.295975
3.326125
3.4398
3.45355
3.473275
3.505775
3.6144
3.831425
3.898325
3.934025
4.01645
4.258375
4.3378
4.351025
4.416225
4.461475
4.63245
4.643375
4.68265
4.6873
4.732775
4.7847
4.979375
5.101575
5.1527
5.280925
5.496475
5.5424
5.664475
5.728375
5.821275
5.923825
5.926925
5.951775
6.136475
6.471775
6.59495
6.6467
6.6666
6.74565
6.7765
6.81915
6.892775
6.9107
6.916475
6.96025
7.008825
7.012
7.02085
7.06265
7.2016
7.210725
7.345525
7.4426
7.495525
7.507575
7.5206
7.549675
7.61255
7.75815
7.89135
8.13275
8.145875
8.221975
8.233675
8.276625
8.291225
8.33625
8.570675
8.8373
9.03685
9.050075
9.259575
9.67985
9.700075
9.82405
9.825975
9.86955
9.906875
9.9696
146
