0.070875
0.14555
0.27
0.291275
0.32895
0.4048
0.410975
0.41225
0.461025
0.463225
0.48725
0.48945
0.538125
0.550325
0.59995
0.6099
0.61985
0.660375
0.6851
0.690075
0.695075
0.71415
0.7159
0.721225
0.7218
0.8026
0.87155
0.880925
0.89035
1.019525
1.055575
1.07305
1.10305
1.17675
1.22255
1.2493
1.338325
1.3651
1.3813
1.41405
1.4892
1.520875
1.5958
1.64235
1.660875
1.67625
1.749225
1.751225
1.76965
1.88835
1.90085
1.944075
2.014575
2.0162
2.02295
2.0757
2.2386
2.310975
2.327075
2.372575
2.4136
2.567425
2.736725
2.745375
2.842475
3.287475
3.321225
3.46885
3.6689
3.719125
3.733225
3.766625
3.767625
3.8633
3.985525
4.1155
4.132225
4.2301
4.271225
4.34065
4.41305
4.48505
4.5205
4.5496
4.5955
4.610125
4.7194
4.8204
4.853025
4.90885
5.050525
5.16925
5.336575
5.4309
5.567225
5.8002
6.1021
6.198425
6.420675
6.5174
6.531525
6.57795
6.644125
6.74495
6.788025
6.91625
6.93435
7.010525
7.03515
7.20645
7.26085
7.269375
7.306275
7.344775
7.37875
7.476975
7.55095
7.6482
7.655775
7.9403
8.041225
8.154825
8.344725
8.4078
8.4084
8.648525
8.72935
8.9237
8.945375
8.948
8.94855
8.978875
9.0308
9.0864
9.113625
9.150925
9.16335
9.219875
9.307175
9.528225
9.666425
9.7978
9.855175
9.8879
144
