0.00715
0.09785
0.263525
0.392675
0.47925
0.534325
0.577925
0.57975
0.6145
0.617825
0.622675
0.6315
0.66355
0.7038
0.72705
0.732175
0.785775
0.797375
0.8125
0.82775
0.831525
0.834325
0.84565
0.8547
0.939375
0.949175
1.032
1.03305
1.092525
1.1274
1.153375
1.2187
1.251075
1.269475
1.3009
1.315425
1.371525
1.409175
1.502175
1.50575
1.511525
1.51435
1.6506
1.8026
1.88145
1.951925
1.96915
2.029475
2.06705
2.139875
2.223925
2.2366
2.31175
2.32315
2.340125
2.527275
2.5489
2.578075
2.7202
2.7645
2.909725
2.92405
2.93755
2.950925
2.9772
3.02485
3.128675
3.2137
3.283775
3.29865
3.37645
3.523
3.5369
3.5636
3.58825
3.65315
3.77195
3.95135
4.118825
4.136775
4.2927
4.384775
4.54615
4.616775
4.69765
4.79785
4.80645
4.925475
4.93845
5.365575
5.412325
5.485525
5.54545
5.73285
5.7701
5.9293
6.02385
6.033
6.066825
6.436
6.626225
6.6574
6.66325
6.8595
7.040175
7.059375
7.218575
7.247275
7.2983
7.337075
7.4518
7.492525
7.648675
7.65375
7.662525
7.835675
7.88715
7.929925
7.93465
8.01155
8.13225
8.370525
8.40135
8.437325
8.485575
8.72005
8.79495
8.8809
9.252475
9.511425
9.5189
9.534875
9.667125
9.701
9.744225
9.7956
9.962175
137
