0.070575
0.2461
0.386625
0.417975
0.4333
0.476075
0.503725
0.518575
0.533075
0.53845
0.559875
0.5615
0.5616
0.577525
0.584675
0.59095
0.603775
0.6323
0.65165
0.670775
0.6735
0.7043
0.711725
0.719675
0.73315
0.759825
0.814275
0.819625
0.8475
0.85
0.899575
0.903725
0.9182
0.937175
0.9457
0.96855
0.99165
1.0077
1.04935
1.057325
1.071575
1.1368
1.21845
1.23865
1.2467
1.2506
1.312775
1.3648
1.4065
1.48255
1.518175
1.676775
1.68765
1.71
1.847925
1.89045
1.94625
1.9851
2.02435
2.033625
2.0454
2.059975
2.362825
2.364575
2.3776
2.39405
2.467825
2.47145
2.4827
2.490825
2.590075
2.61845
2.716175
2.720775
2.7423
2.9974
3.01215
3.094175
3.252925
3.31965
3.345675
3.367
3.4443
3.4996
3.513075
3.657925
3.687025
3.698025
3.74465
3.82665
3.832075
3.892575
3.8961
4.04945
4.063725
4.21555
4.4226
4.445775
4.470025
4.486625
4.508475
4.625175
4.70175
4.902
4.942425
5.1132
5.1786
5.21605
5.273275
5.291375
5.3536
5.412425
5.52685
5.57355
5.661075
5.662525
5.7741
5.7896
5.8473
5.915725
5.961125
5.98235
6.0519
6.14665
6.151225
6.4277
6.431275
6.759
6.85385
7.01105
7.3757
7.734325
7.986575
8.1041
8.155225
8.168375
8.1714
8.261375
8.331425
8.341
8.385525
8.4961
8.60895
8.616225
8.67565
8.7441
8.7647
8.7648
8.8796
9.01995
9.080875
9.1753
9.200125
9.31225
9.465875
9.781225
9.8801
9.923825
9.961725
9.97885
160
