0.054625
0.1192
0.17595
0.2553
0.26605
0.296425
0.406075
0.42415
0.43735
0.43955
0.486875
0.51005
0.5253
0.526025
0.551275
0.551375
0.556475
0.576
0.593675
0.5971
0.6109
0.6544
0.66905
0.682675
0.68565
0.70355
0.710775
0.715
0.72635
0.733
0.737675
0.738375
0.7517
0.7577
0.7647
0.788025
0.801075
0.8036
0.815225
0.83025
0.8337
0.864275
0.912975
0.923875
0.926475
0.932525
0.95515
0.957325
1.002175
1.0023
1.0172
1.020025
1.04115
1.059775
1.0874
1.0907
1.1303
1.16325
1.218575
1.24575
1.2557
1.3012
1.31645
1.4048
1.417925
1.42615
1.43375
1.4774
1.477625
1.48055
1.4957
1.50895
1.57165
1.5962
1.64845
1.65505
1.681025
1.77755
1.796475
1.7968
1.798575
1.964575
2.002575
2.120425
2.128625
2.138125
2.1657
2.2002
2.288625
2.3025
2.307725
2.363075
2.485
2.508125
2.550625
2.5951
2.661
2.7149
2.7255
2.7274
2.741475
2.759125
2.76545
2.7925
2.866075
2.945875
3.1018
3.154375
3.44515
3.447
3.454625
3.48435
3.518775
3.583075
3.59825
3.7479
3.861625
4.003875
4.108925
4.1911
4.254625
4.277675
4.332525
4.342925
4.4222
4.482225
4.7504
4.831875
4.870775
5.08795
5.094625
5.176825
5.181925
5.198925
5.2814
5.282825
5.31685
5.4556
5.482225
5.5311
5.567925
5.579675
5.64115
5.662225
5.677075
5.6896
5.69385
5.728
5.7311
5.741075
5.808975
5.964
5.975775
5.98205
5.9868
6.2027
6.242275
6.250375
6.306
6.31675
6.388475
6.535675
6.60135
6.6767
6.708425
6.73335
6.790125
6.88575
6.9327
7.11575
7.19245
7.197025
7.30915
7.332
7.376625
7.3773
7.45895
7.4898
7.58525
7.6399
7.7015
7.7565
7.81455
7.866175
7.8866
7.906575
7.908
8.059325
8.130275
8.229875
8.38705
8.3925
8.399975
8.64935
8.755225
8.777275
8.78325
8.78995
8.795325
9.10365
9.215225
9.274075
9.85135
9.855975
9.869475
9.9322
206
