0.1634
0.231425
0.424125
0.500125
0.5044
0.511525
0.513125
0.517975
0.52215
0.5341
0.54325
0.547125
0.5641
0.570325
0.57135
0.572775
0.57925
0.611325
0.6187
0.620675
0.62565
0.628175
0.62825
0.6326
0.637825
0.6469
0.664775
0.6806
0.690225
0.690325
0.708675
0.7188
0.7208
0.7421
0.75665
0.7616
0.7644
0.779125
0.821425
0.82455
0.835125
0.8381
0.86745
0.872425
0.878775
0.891775
0.909775
0.92295
0.94
0.940575
0.964
0.971325
0.994425
1.012775
1.068125
1.0772
1.083275
1.106575
1.107825
1.119
1.194825
1.237175
1.268
1.301625
1.307025
1.353225
1.36385
1.41785
1.457275
1.62715
1.632975
1.660125
1.6666
1.705175
1.7603
1.78845
1.79895
1.80315
1.80445
1.8709
1.985025
2.10965
2.132025
2.14065
2.142175
2.19475
2.20995
2.28925
2.343
2.402475
2.488675
2.5096
2.5181
2.524975
2.6461
2.790225
2.850025
2.86495
2.873075
2.963925
2.980975
3.066725
3.136925
3.14565
3.23475
3.26235
3.3819
3.429325
3.501125
3.567675
3.6394
3.704825
3.8028
3.855
3.86095
3.900475
3.94675
3.974
3.98695
4.12205
4.122425
4.18025
4.29385
4.403975
4.416225
4.4208
4.43275
4.507525
4.51645
4.5326
4.576725
4.58985
4.601975
4.602175
4.74745
4.91125
5.0786
5.144025
5.27985
5.316
5.350075
5.351875
5.354775
5.45725
5.8394
5.8541
5.9853
6.020675
6.131025
6.141425
6.293225
6.3003
6.322125
6.337275
6.34225
6.376975
6.3841
6.69665
6.72455
6.746575
6.8027
6.805275
6.8518
6.86915
6.88015
6.96285
6.982575
6.990525
7.03615
7.0398
7.28585
7.419875
7.4335
7.49395
7.630225
7.64515
7.650675
7.671575
7.721925
7.8772
7.913675
8.0038
8.183325
8.206425
8.27885
8.30195
8.44725
8.547025
8.71435
8.810425
9.0041
9.02765
9.053975
9.078025
9.28205
9.2926
9.6572
9.766775
9.870425
9.87705
9.936325
9.946675
202
