0.018425
0.306575
0.323775
0.386975
0.39865
0.4023
0.459625
0.4845
0.5032
0.526825
0.5298
0.5352
0.537325
0.54135
0.5459
0.5536
0.55615
0.55875
0.564775
0.569675
0.5811
0.581925
0.58195
0.5919
0.59745
0.618325
0.623475
0.62355
0.657375
0.658225
0.679475
0.6903
0.703075
0.71645
0.719425
0.72935
0.73295
0.818575
0.82775
0.82805
0.832425
0.83785
0.85605
0.907375
0.9225
0.92835
0.9461
0.951875
0.962325
0.965475
1.0048
1.00705
1.0451
1.059075
1.12405
1.137075
1.14145
1.15435
1.169025
1.192725
1.221625
1.225
1.242225
1.2454
1.275125
1.27565
1.27865
1.332025
1.334675
1.3352
1.430325
1.45305
1.461325
1.5253
1.60185
1.630625
1.63225
1.65885
1.761875
1.795725
1.937625
2.163025
2.227625
2.246475
2.319775
2.347825
2.396325
2.43375
2.496725
2.512
2.598925
2.616625
2.6458
2.6513
2.67905
2.684625
2.691875
2.824175
3.03065
3.06435
3.0844
3.14905
3.221675
3.2659
3.273375
3.31945
3.37475
3.520325
3.5382
3.6246
3.628475
3.67655
3.722825
3.790275
3.795175
3.82775
3.8507
3.852
3.955775
3.985675
4.028925
4.094125
4.273025
4.3804
4.39615
4.45805
4.47285
4.513825
4.55945
4.5606
4.802175
4.965325
5.059725
5.129975
5.166575
5.18055
5.241725
5.2526
5.42485
5.470625
5.634625
5.638675
5.7645
5.788675
5.8387
5.971925
6.052675
6.069325
6.198875
6.2577
6.342
6.3599
6.57485
6.584725
6.695375
6.713075
6.72555
6.7965
6.9302
6.99695
7.014675
7.03465
7.072775
7.447125
7.44935
7.45825
7.5368
7.8419
7.9253
8.0456
8.049225
8.1862
8.35095
8.713925
8.714575
8.7323
8.733175
8.855975
8.911175
8.9834
9.057075
9.1837
9.1896
9.25735
9.291725
9.454625
9.478125
9.496925
9.650725
9.65745
9.941975
191
