0.266425
0.37925
0.432125
0.4501
0.456825
0.466475
0.506225
0.506975
0.513975
0.52395
0.528375
0.528575
0.543275
0.55465
0.564175
0.573075
0.578725
0.584175
0.589175
0.590225
0.5915
0.592625
0.60955
0.611175
0.611825
0.706325
0.712475
0.725875
0.731375
0.824375
0.86885
0.870725
0.8817
0.897775
0.9308
0.98935
1.0008
1.013325
1.037225
1.051525
1.066725
1.0834
1.092175
1.152775
1.165975
1.209625
1.2308
1.236925
1.250025
1.25775
1.272275
1.2944
1.2948
1.358
1.373625
1.398475
1.407775
1.5026
1.51505
1.5159
1.52715
1.641425
1.651375
1.663425
1.672025
1.678275
1.6939
1.74365
1.804425
1.8608
1.898275
1.9112
2.009
2.023425
2.091625
2.152475
2.289425
2.292375
2.362525
2.4864
2.4958
2.5089
2.537025
2.53785
2.7625
2.7843
2.79655
2.873375
2.8911
2.900325
2.90265
2.9065
2.96615
3.008925
3.0261
3.031575
3.03565
3.045225
3.124125
3.2207
3.2293
3.2484
3.27485
3.312075
3.37745
3.428925
3.526125
3.5512
3.55275
3.559775
3.6123
3.643725
3.64885
3.729725
3.7877
3.849575
3.876175
3.984875
4.0133
4.10335
4.2516
4.29635
4.354325
4.376725
4.39925
4.418075
4.504825
4.568625
4.6129
4.61315
4.6947
4.71185
4.769575
4.77955
4.7997
4.80485
4.83765
4.858525
4.877625
4.96515
5.053725
5.104725
5.154475
5.16145
5.178725
5.2047
5.299575
5.3351
5.351775
5.371
5.409525
5.411975
5.559675
5.980275
6.01035
6.0177
6.033225
6.112625
6.13025
6.170225
6.326125
6.382
6.405125
6.63765
6.772775
6.815725
6.830275
6.89625
7.070875
7.299925
7.3968
7.57385
7.57455
7.815375
7.94695
7.9972
8.014475
8.0289
8.029575
8.03355
8.0773
8.168375
8.194175
8.343875
8.3529
8.3595
8.417925
8.4388
8.5175
8.8712
9.19455
9.257025
9.2714
9.3549
9.374925
9.39745
9.594
9.610725
9.65275
9.7645
9.811575
9.834175
9.9742
203
