0.1354
0.182075
0.23365
0.27625
0.3136
0.449075
0.45025
0.504725
0.5246
0.531275
0.54735
0.548825
0.5538
0.5706
0.572075
0.572575
0.573
0.573675
0.5795
0.599375
0.634575
0.653325
0.658525
0.663975
0.66595
0.666225
0.6719
0.682625
0.7125
0.7327
0.73335
0.7453
0.752275
0.75345
0.763775
0.7659
0.76955
0.774725
0.799125
0.801775
0.803975
0.813
0.81525
0.849475
0.85755
0.871625
0.889425
0.91665
0.921875
0.94475
0.9659
0.97775
1.008075
1.008675
1.01965
1.02085
1.02855
1.077575
1.103625
1.113325
1.170975
1.202575
1.216875
1.2212
1.2453
1.249675
1.284425
1.311775
1.34075
1.3549
1.36395
1.371175
1.407325
1.4097
1.442875
1.4469
1.501075
1.569675
1.591925
1.62805
1.656975
1.664325
1.68
1.711225
1.723225
1.745925
1.838675
1.87565
1.9108
1.93005
1.932125
1.96545
1.974525
1.989475
2.0169
2.2132
2.218575
2.27425
2.342925
2.37475
2.419025
2.4612
2.6698
2.790975
2.9039
2.9317
2.96415
2.9896
3.196275
3.19955
3.2344
3.2422
3.384825
3.44275
3.4574
3.481075
3.529575
3.5938
3.61925
3.686775
3.7105
3.779475
3.78515
3.8171
3.936175
3.992325
4.00425
4.02975
4.048975
4.135425
4.1746
4.21995
4.27345
4.3562
4.368775
4.39385
4.4829
4.52195
4.58015
4.583
4.6694
4.8435
4.8566
4.954125
4.964175
5.06025
5.214925
5.354575
5.413075
5.508525
5.522825
5.6793
5.73495
5.782525
5.8033
5.809675
5.9309
5.934525
5.997575
6.006825
6.14535
6.170175
6.209325
6.216325
6.349375
6.351425
6.36675
6.4802
6.8021
6.808225
6.8831
7.088625
7.169775
7.5306
7.645975
7.6823
7.711
7.821775
8.011175
8.02175
8.209775
8.332325
8.405225
8.538325
8.59785
8.709225
8.81895
8.960875
8.974175
8.99385
9.2498
9.250625
9.307625
9.377475
9.413125
9.422525
9.45605
9.562325
9.63115
9.6322
9.640275
9.729825
9.780875
9.8668
9.935975
205
