0.02565
0.06035
0.068
0.129975
0.19875
0.23195
0.4309
0.448625
0.452075
0.45325
0.4811
0.4983
0.49915
0.50235
0.522175
0.5222
0.5234
0.525925
0.530075
0.53615
0.5426
0.555725
0.578675
0.5973
0.60065
0.6007
0.6012
0.617825
0.620225
0.64665
0.665725
0.6691
0.670875
0.680725
0.69215
0.711525
0.717025
0.754
0.765775
0.76695
0.773375
0.79025
0.7929
0.797275
0.798575
0.801475
0.822
0.8325
0.839375
0.853925
0.873075
0.89705
0.90315
0.9185
0.9187
0.922875
0.95065
0.96265
1.0284
1.039725
1.047325
1.058375
1.066025
1.07815
1.154975
1.231875
1.23735
1.258
1.2845
1.3847
1.395575
1.479575
1.5524
1.6107
1.611075
1.685125
1.700175
1.721775
1.73815
1.749975
1.764425
1.8145
1.844025
1.8517
1.855075
1.860975
1.86215
1.880325
1.911875
1.927275
1.986475
2.03265
2.04265
2.079225
2.09515
2.152175
2.165825
2.216275
2.221275
2.29955
2.32095
2.328725
2.343575
2.39385
2.4687
2.477175
2.478575
2.479225
2.601525
2.6463
2.781875
2.8541
2.917075
2.959225
3.016325
3.040325
3.0552
3.266075
3.302275
3.38495
3.579125
3.688475
3.781675
3.83435
3.899025
3.99205
4.0329
4.0731
4.212675
4.36835
4.4487
4.47195
4.4861
4.48945
4.539275
4.540075
4.556525
4.599775
4.60705
4.6174
4.743875
4.890025
5.018275
5.061225
5.119025
5.239625
5.343975
5.4355
5.439075
5.502825
5.630225
5.812
5.892575
5.990275
6.076475
6.1257
6.1258
6.23185
6.3607
6.453175
6.5997
6.627075
6.638225
6.6385
6.77105
6.80165
6.8137
6.82835
6.83715
7.206675
7.2171
7.222175
7.28375
7.399625
7.524525
7.598075
7.6306
7.7081
7.80145
8.148425
8.290425
8.51515
8.6983
8.8271
8.83015
8.859475
8.963925
9.018975
9.214725
9.257925
9.265875
9.29075
9.3361
9.3554
9.370525
9.450225
9.654725
9.68195
9.7637
9.839175
9.87565
201
