0.0305
0.0765
0.136925
0.250375
0.4069
0.41685
0.429525
0.450675
0.473625
0.48975
0.49025
0.507925
0.5189
0.520275
0.52235
0.525475
0.5403
0.5436
0.54785
0.547925
0.55575
0.557975
0.5649
0.598075
0.612275
0.6159
0.6487
0.658225
0.67895
0.6867
0.6933
0.706725
0.708775
0.761475
0.7658
0.78365
0.792225
0.8132
0.859725
0.868075
0.8814
0.904225
0.9132
0.9237
0.9383
0.9942
1.006125
1.04125
1.068475
1.101575
1.1187
1.139675
1.150825
1.21725
1.245725
1.308575
1.3582
1.3822
1.397775
1.455925
1.5159
1.5638
1.5706
1.574675
1.615575
1.616375
1.691425
1.749375
1.7888
1.79185
1.801275
1.817025
1.8303
1.861775
1.8872
1.8957
1.902425
1.981825
2.018975
2.0198
2.129925
2.260075
2.395325
2.406025
2.494225
2.5075
2.52615
2.570325
2.581625
2.6084
2.627075
2.66585
2.672775
2.699175
2.699625
2.78205
2.884075
2.907975
2.99355
3.07905
3.117725
3.1372
3.14395
3.1758
3.239425
3.40355
3.40405
3.413325
3.41445
3.4907
3.60415
3.646325
3.65945
3.76875
3.838875
3.91815
4.045125
4.048325
4.093925
4.26935
4.280825
4.39405
4.43015
4.582025
4.588225
4.677775
4.682475
4.754775
4.8895
4.89365
4.932975
5.362125
5.564025
5.962625
5.965375
5.976675
5.993925
6.034
6.1152
6.15105
6.1973
6.312275
6.34055
6.5339
6.581525
6.663775
6.6849
6.70395
6.800075
6.82225
6.8227
6.9286
6.9441
6.958225
6.980525
7.21885
7.255525
7.290775
7.30745
7.3633
7.774275
7.90885
7.95885
8.027975
8.108575
8.1504
8.274
8.306025
8.3101
8.384525
8.430225
8.475325
8.4931
8.5692
8.625275
8.7437
8.8113
8.818775
8.99125
9.154475
9.333
9.3583
9.492
9.6531
9.699675
185
