0.106825
0.15075
0.21535
0.283375
0.316625
0.353975
0.391975
0.474875
0.48475
0.499275
0.50375
0.5129
0.528275
0.534125
0.5358
0.538725
0.57415
0.582975
0.5844
0.5903
0.5929
0.607375
0.636
0.63865
0.63885
0.639225
0.67075
0.7057
0.72445
0.7254
0.7287
0.73565
0.74275
0.7562
0.8045
0.867925
0.898375
0.9144
0.945075
0.9579
1.0194
1.028025
1.0835
1.08615
1.106825
1.108825
1.110075
1.114225
1.118975
1.1609
1.179725
1.224575
1.243275
1.2644
1.277525
1.30895
1.35135
1.3743
1.3776
1.419375
1.420725
1.42815
1.4589
1.55205
1.62585
1.627075
1.630825
1.63145
1.637875
1.644475
1.713625
1.7253
1.78615
1.8714
1.889625
1.9856
2.070725
2.07685
2.093425
2.196375
2.2051
2.21555
2.294625
2.326725
2.431375
2.441975
2.5516
2.55985
2.564
2.57215
2.5847
2.688225
2.700525
2.702825
2.8656
2.872775
2.8977
2.918725
2.9884
3.0235
3.02715
3.134425
3.1395
3.22705
3.2318
3.235525
3.31425
3.334425
3.363475
3.4247
3.464325
3.464725
3.49665
3.7241
3.746425
3.76045
3.797825
3.9134
3.9424
4.04245
4.053475
4.06445
4.100275
4.146075
4.169225
4.26065
4.27745
4.30855
4.31535
4.36135
4.450425
4.487925
4.5205
4.5683
4.60415
4.782225
5.056325
5.1368
5.1532
5.162975
5.3922
5.52315
5.765075
5.856525
6.06825
6.12735
6.182425
6.200375
6.20915
6.386275
6.4309
6.56015
6.613625
6.6864
6.688575
6.740725
6.9016
7.072125
7.098475
7.105125
7.185725
7.270575
7.338925
7.563375
7.64385
7.89515
7.9244
7.954225
8.102075
8.151325
8.158575
8.20385
8.2044
8.367475
8.500225
8.799725
8.802225
8.9783
9.034325
9.09695
9.277
9.504425
9.505375
9.552775
9.7275
9.921
9.949
9.973275
9.973575
189
