0.05695
0.16555
0.32735
0.363925
0.366425
0.4681
0.5112
0.512175
0.5165
0.51935
0.5315
0.534575
0.535725
0.5435
0.545175
0.554875
0.5607
0.58445
0.589475
0.59745
0.602225
0.6178
0.6206
0.63055
0.636675
0.640325
0.64045
0.642625
0.651375
0.66415
0.66865
0.6806
0.72485
0.728675
0.749875
0.756125
0.76165
0.76925
0.799175
0.844575
0.847425
0.8727
0.87305
0.87375
0.882925
0.901875
0.907825
0.923575
0.93
0.93125
0.986575
0.98915
0.992725
1.027125
1.03495
1.049625
1.06945
1.110825
1.134825
1.141925
1.157475
1.333675
1.364925
1.37545
1.3851
1.403825
1.523825
1.525475
1.5843
1.677025
1.688525
1.70265
1.737175
1.752775
1.86895
1.889925
1.9234
1.936
1.94325
1.970675
2.031975
2.05355
2.054425
2.085775
2.179725
2.219225
2.3606
2.447175
2.5055
2.517125
2.517775
2.552375
2.581175
2.59435
2.753125
2.7928
2.795
2.831075
2.849625
2.8577
2.92015
3.033225
3.07955
3.096325
3.139575
3.185075
3.197325
3.201875
3.22015
3.301825
3.3426
3.44785
3.480375
3.50455
3.5427
3.5989
3.667125
3.69865
3.7138
3.80855
3.844875
3.9029
3.929975
3.932375
4.004075
4.0438
4.065575
4.20365
4.29965
4.301375
4.38075
4.467725
4.4896
4.6307
4.760225
4.835175
4.91785
4.9337
4.965375
4.979375
5.09075
5.169925
5.189275
5.19915
5.2485
5.496225
5.515775
5.5642
5.599175
5.60485
5.657775
5.681225
5.717625
5.950625
6.38645
6.475575
6.542
6.62355
6.668425
6.688125
6.713925
6.88135
6.927175
7.127625
7.163125
7.617825
7.719975
7.76305
7.883825
7.889625
7.924425
7.940675
7.985475
8.023175
8.097925
8.272325
8.40235
8.817625
8.847
8.8963
9.065125
9.2175
9.338225
9.49175
9.73885
9.752725
9.8994
9.9784
188
