0.0451
0.103425
0.131175
0.16435
0.220725
0.225225
0.22975
0.25745
0.390125
0.438875
0.48715
0.49215
0.496525
0.50415
0.506125
0.524725
0.53995
0.543375
0.566225
0.571125
0.573575
0.57475
0.57885
0.590275
0.60285
0.603475
0.611625
0.613825
0.61935
0.6429
0.656675
0.663425
0.66735
0.6702
0.682875
0.69195
0.69215
0.6923
0.696125
0.700375
0.708675
0.72185
0.7239
0.73475
0.73885
0.757925
0.767375
0.7802
0.801225
0.8022
0.869525
0.93395
0.9374
0.94625
0.968875
0.97085
0.977275
0.98325
0.998625
1.005425
1.019825
1.04805
1.085425
1.097075
1.110675
1.12565
1.144375
1.1447
1.152025
1.157475
1.16335
1.1847
1.20745
1.211625
1.26135
1.263325
1.267475
1.2796
1.2897
1.324275
1.336875
1.35165
1.354925
1.36985
1.389425
1.3922
1.404075
1.4257
1.4602
1.50215
1.51565
1.554025
1.585425
1.632125
1.63325
1.69385
1.737525
1.742075
1.82815
1.884975
2.0105
2.038125
2.0455
2.156925
2.19015
2.234425
2.254075
2.258725
2.384475
2.40575
2.455525
2.4841
2.515325
2.650525
2.668375
2.85075
2.965275
3.132075
3.2781
3.388475
3.412125
3.42775
3.44345
3.445075
3.471875
3.524325
3.739375
3.760875
3.7673
3.882725
3.927975
3.952825
4.09885
4.228275
4.248925
4.252975
4.307025
4.38265
4.420425
4.430075
4.614975
4.636475
4.653
4.6709
4.671475
4.705025
4.743725
4.74805
4.778825
4.793925
4.831725
5.056225
5.197325
5.407
5.42915
5.43665
5.450675
5.5092
5.5775
5.67035
5.8724
5.900375
6.052175
6.064825
6.148975
6.156825
6.1624
6.280775
6.382975
6.476875
6.542575
6.6202
6.64025
6.653075
6.71645
6.717225
6.7645
6.8384
6.915325
6.963975
7.18955
7.220975
7.237225
7.30445
7.38475
7.402875
7.462425
7.491925
7.65815
7.726375
7.8412
7.85125
7.877275
7.8858
7.98735
8.0069
8.070875
8.113575
8.2657
8.304525
8.3397
8.525225
8.9156
8.9198
9.08125
9.14575
9.258375
9.39775
9.43445
9.4384
9.4838
9.93135
212
