0.07725
0.170225
0.1977
0.2553
0.406
0.4458
0.446775
0.495475
0.5003
0.5006
0.519775
0.534275
0.53525
0.537825
0.542725
0.548675
0.550075
0.551125
0.55475
0.554975
0.563975
0.56565
0.57395
0.57515
0.578375
0.578525
0.5823
0.5857
0.603425
0.626625
0.6273
0.628525
0.629125
0.636175
0.6472
0.6714
0.687075
0.6885
0.721775
0.729325
0.767325
0.777175
0.779725
0.78475
0.796525
0.7985
0.8209
0.8346
0.845025
0.84555
0.852725
0.853675
0.879475
0.8984
0.9259
0.928375
0.944125
0.96625
0.96655
0.97
0.987825
1.01565
1.0416
1.058275
1.090125
1.10345
1.124875
1.1716
1.172175
1.214925
1.236875
1.3299
1.3482
1.36025
1.3698
1.439425
1.488525
1.49155
1.512525
1.53665
1.537375
1.6252
1.6681
1.676475
1.715925
1.7534
1.83265
1.8981
1.927025
2.01795
2.024975
2.0258
2.10915
2.1158
2.116075
2.137475
2.13815
2.308625
2.36945
2.4786
2.53575
2.548075
2.549925
2.625225
2.64205
2.64955
2.68245
2.746075
2.97885
2.999825
3.018725
3.120775
3.1429
3.322025
3.334375
3.353625
3.5149
3.7783
3.79295
3.83325
4.04495
4.13545
4.143225
4.223125
4.238075
4.253575
4.28555
4.416
4.583725
4.681375
4.732025
4.91335
5.1484
5.2081
5.209025
5.27395
5.315475
5.356025
5.46345
5.5486
5.613075
5.6205
5.72705
5.729175
5.8057
5.858675
5.88015
6.12615
6.177975
6.186425
6.2016
6.344025
6.359225
6.4416
6.612925
6.81335
6.8578
6.964925
7.019625
7.063875
7.125725
7.230125
7.32085
7.5353
7.587375
7.59045
7.653225
7.72385
7.885975
7.96315
8.221675
8.2966
8.3285
8.45145
8.508125
8.5643
8.699775
8.71635
8.741125
8.770475
8.86265
8.9093
8.9272
9.17955
9.18155
9.257025
9.338875
9.410925
9.70735
9.743975
9.94885
9.95275
192
