0.217925
0.232325
0.237725
0.401525
0.453925
0.46115
0.4661
0.49885
0.506575
0.513975
0.523625
0.552825
0.555
0.56305
0.5734
0.583025
0.58645
0.587325
0.608525
0.625725
0.66035
0.689525
0.69895
0.713025
0.719225
0.731075
0.77465
0.789675
0.792025
0.793925
0.800525
0.8098
0.812625
0.81555
0.819225
0.83855
0.859975
0.89435
0.94815
0.957625
0.97655
1.04985
1.050625
1.062
1.08745
1.099525
1.0999
1.1045
1.114275
1.1431
1.168325
1.17515
1.1877
1.222075
1.22935
1.2342
1.242225
1.254975
1.26545
1.2657
1.29465
1.297325
1.332575
1.363875
1.3657
1.4438
1.46095
1.510925
1.5344
1.5662
1.7093
1.7289
1.865025
1.89725
1.897975
1.903075
1.908775
1.9338
1.966975
2.036325
2.0704
2.114775
2.1443
2.19795
2.259725
2.32855
2.34065
2.42035
2.449
2.46725
2.588975
2.642725
2.64475
2.663425
2.80735
2.82785
2.9621
2.9876
3.169025
3.2203
3.25435
3.286675
3.38695
3.397375
3.4009
3.439425
3.47315
3.474925
3.5452
3.5796
3.61455
3.666425
3.67765
3.702125
3.7051
3.8081
3.876225
3.881575
4.019325
4.05095
4.075575
4.10605
4.348825
4.437625
4.44575
4.481675
4.49775
4.6422
4.679025
4.694825
4.711325
4.747
4.7922
4.807975
4.9205
4.966325
5.071025
5.09665
5.20745
5.21195
5.290225
5.306375
5.306725
5.424075
5.465125
5.546975
5.6485
5.709
5.7705
5.793175
5.802475
5.8364
5.922475
5.950475
5.98985
6.0788
6.08015
6.1207
6.20865
6.2202
6.241225
6.3055
6.32385
6.4915
6.65535
6.67725
6.767025
6.7753
7.108525
7.2142
7.344025
7.355225
7.4455
7.493875
7.511375
7.62535
7.694675
7.72525
7.81125
7.971775
8.0534
8.06945
8.086875
8.46255
8.552475
8.5535
8.580525
8.601225
8.845725
8.9184
8.943125
9.076275
9.0807
9.1004
9.1184
9.3221
9.3598
9.48575
9.556875
9.713625
9.732275
9.743725
9.927625
9.99515
204
