0.027825
0.041875
0.135025
0.214025
0.32085
0.34725
0.415075
0.50315
0.511625
0.51395
0.523625
0.5362
0.54385
0.5571
0.5615
0.57645
0.589875
0.60285
0.606
0.629
0.6433
0.645975
0.6629
0.67805
0.6781
0.68235
0.68245
0.700525
0.7112
0.7122
0.716525
0.735225
0.73745
0.74865
0.764775
0.772225
0.78805
0.8025
0.82425
0.83755
0.854175
0.860425
0.9198
0.919975
0.927075
0.930825
0.93085
0.9363
0.944625
0.945325
0.949175
0.9557
0.99565
1.059875
1.097475
1.10205
1.104275
1.146
1.1616
1.1635
1.1649
1.177075
1.17915
1.24285
1.2537
1.300275
1.3133
1.343075
1.363525
1.369675
1.374525
1.382175
1.51675
1.574975
1.64055
1.6749
1.76795
1.80125
1.840575
1.847025
1.8485
1.902575
1.91095
1.9422
2.08025
2.14385
2.192325
2.2588
2.27915
2.2945
2.302925
2.3215
2.324575
2.34295
2.36475
2.398125
2.472725
2.480575
2.4905
2.498625
2.526375
2.5796
2.680675
2.81575
2.8604
2.901925
2.9834
3.063425
3.0775
3.12485
3.1695
3.2267
3.261875
3.264475
3.287675
3.364975
3.390775
3.425225
3.51055
3.611225
3.737125
3.80475
3.8254
3.8721
3.905025
3.906975
3.9629
4.028325
4.040225
4.110175
4.213125
4.36185
4.366175
4.419775
4.428125
4.4335
4.4387
4.472275
4.4834
4.6956
4.73825
4.7821
5.01095
5.0315
5.0849
5.10095
5.110275
5.3015
5.465525
5.477
5.507525
5.56745
5.59535
5.66035
5.707425
5.765625
5.960175
6.130825
6.309325
6.56375
6.766075
6.8762
6.876675
6.90355
6.904775
6.927625
7.05415
7.08865
7.1258
7.13335
7.2673
7.347925
7.37965
7.40235
7.477925
7.488925
7.648375
7.812125
8.105275
8.150675
8.176375
8.210175
8.400275
8.5327
8.6255
8.77095
8.919225
8.97395
9.1081
9.17915
9.222175
9.25655
9.281125
9.426
9.466
9.536025
9.654875
9.727875
9.771825
9.794725
9.892225
201
