0.030875
0.2469
0.303325
0.30455
0.436125
0.4629
0.487775
0.48865
0.499875
0.502775
0.5073
0.519325
0.52255
0.528625
0.5323
0.539025
0.54085
0.54585
0.5511
0.566225
0.57315
0.608975
0.61645
0.64005
0.6474
0.671425
0.671825
0.692075
0.72355
0.733025
0.75165
0.758825
0.77185
0.812925
0.81565
0.81935
0.823375
0.84515
0.84775
0.855525
0.859025
0.8865
0.904225
0.926825
0.940025
0.94495
0.96935
1.001425
1.02425
1.02615
1.03195
1.055375
1.072625
1.10155
1.132875
1.14965
1.16945
1.198
1.2165
1.238275
1.261275
1.2684
1.416875
1.43505
1.43855
1.455175
1.498775
1.500725
1.519575
1.605625
1.6164
1.6183
1.623225
1.70285
1.7391
1.74705
1.753475
1.9292
1.94445
1.945925
2.058625
2.15875
2.231375
2.34455
2.410625
2.415925
2.4331
2.4358
2.482075
2.5209
2.5704
2.793125
2.82625
2.850325
2.854675
2.8794
2.9417
2.962325
3.032825
3.082675
3.094775
3.150075
3.1501
3.195125
3.223225
3.248625
3.321175
3.387075
3.390125
3.465175
3.473
3.48175
3.509275
3.512525
3.5619
3.5711
3.573275
3.591025
3.65975
3.7829
3.840975
3.848675
3.895775
3.927125
3.9676
4.04135
4.162075
4.28815
4.4512
4.508125
4.574425
4.595
4.71135
4.7188
4.81195
5.02915
5.1194
5.170125
5.202975
5.268025
5.331175
5.346325
5.358125
5.4069
5.4518
5.565625
5.75285
5.753975
5.841475
5.844575
5.9292
6.058975
6.084825
6.3176
6.437675
6.460775
6.535875
6.74445
6.75275
7.07505
7.102375
7.20815
7.264525
7.38335
7.395975
7.56865
7.65885
7.760025
7.832275
7.8327
7.86265
7.9188
7.92175
7.932275
7.94665
7.97485
8.124675
8.155075
8.22225
8.25445
8.5138
8.52265
8.539825
8.590175
8.5987
8.70355
8.981175
9.10385
9.3081
9.41015
9.4286
9.458575
9.618875
9.64925
9.81735
195
