0.1312
0.15845
0.22485
0.26625
0.305675
0.33085
0.433175
0.459025
0.4759
0.4872
0.498275
0.521125
0.529525
0.5306
0.534825
0.54375
0.55195
0.552525
0.5978
0.60495
0.605075
0.625975
0.65425
0.67105
0.687
0.692325
0.7021
0.70595
0.710575
0.726175
0.778925
0.7852
0.78735
0.790125
0.79155
0.80645
0.830525
0.838375
0.841075
0.847
0.847325
0.852475
0.861975
0.869875
0.8901
0.901525
0.927075
0.935475
0.990825
0.991775
1.0327
1.081525
1.084025
1.149175
1.150475
1.169225
1.18965
1.2532
1.28815
1.299525
1.329075
1.33285
1.378125
1.4145
1.415575
1.424325
1.42755
1.464575
1.491325
1.53155
1.539175
1.60365
1.6894
1.727175
1.72835
1.73065
1.738925
1.996675
1.99855
2.026775
2.06815
2.09385
2.150225
2.1882
2.206925
2.216225
2.229525
2.29055
2.32785
2.335425
2.3376
2.39985
2.5367
2.541275
2.59205
2.59215
2.715625
2.7514
2.771275
2.81105
2.81845
2.982125
3.014175
3.026425
3.192125
3.2239
3.227725
3.275775
3.28425
3.422575
3.468725
3.48105
3.5385
3.5728
3.62195
3.623575
3.635625
3.77265
3.79025
3.9866
4.060275
4.069825
4.0815
4.088675
4.3085
4.319275
4.4118
4.422275
4.45125
4.509075
4.5105
4.606975
4.645875
4.72365
4.7382
4.76225
4.850775
4.968175
5.00525
5.050675
5.1
5.107175
5.18735
5.24335
5.28715
5.305425
5.371725
5.486075
5.4863
5.53365
5.559575
5.938275
6.089375
6.134325
6.211575
6.244075
6.283725
6.29375
6.3218
6.488625
6.667125
6.689425
6.9011
7.0686
7.160525
7.21985
7.381725
7.465625
7.51295
7.5708
7.798275
7.888875
7.93235
7.99585
8.073075
8.125525
8.1945
8.23045
8.2773
8.277675
8.50745
8.524625
8.909
8.967825
9.036625
9.10745
9.156175
9.2058
9.27145
9.37965
9.402775
9.496525
9.54685
9.582725
9.7448
9.754225
9.75435
9.799825
9.82665
9.9141
9.9209
9.96215
9.96455
9.99215
204
