0.1012
0.134875
0.32545
0.402725
0.458425
0.475025
0.4765
0.496625
0.507575
0.509725
0.52045
0.52695
0.527875
0.53605
0.541375
0.55885
0.565275
0.573825
0.6032
0.61035
0.610625
0.615475
0.626
0.628375
0.630575
0.6319
0.646425
0.662425
0.667475
0.667925
0.68725
0.69175
0.708575
0.734875
0.742975
0.7473
0.7696
0.782375
0.8296
0.842425
0.84625
0.856175
0.91
0.926925
0.9281
0.93535
0.959225
0.971275
0.971875
0.97735
0.988175
1.0111
1.02555
1.0308
1.09115
1.14505
1.290875
1.327
1.359875
1.41545
1.443775
1.49625
1.532875
1.5842
1.644925
1.6542
1.743075
1.743525
1.83445
1.854475
1.885025
1.894975
1.987675
2.03505
2.10115
2.12015
2.198675
2.301475
2.3051
2.3321
2.35065
2.487775
2.48935
2.4981
2.5109
2.519075
2.667325
2.714825
2.748975
2.789
2.8408
2.846625
2.9139
2.9192
2.984125
2.98465
3.0246
3.227425
3.31205
3.407675
3.500975
3.60785
3.636925
3.74595
3.76805
3.82095
3.896175
3.98645
4.105
4.140525
4.165
4.23875
4.396675
4.515175
4.615825
4.6623
4.693675
4.700725
4.71365
4.715375
4.7318
4.737775
4.8122
4.839675
4.85755
4.875775
5.102325
5.11875
5.2052
5.207175
5.207825
5.371825
5.447975
5.53835
5.594875
5.67345
5.897175
6.01065
6.052375
6.088425
6.090725
6.259325
6.274225
6.2746
6.293975
6.3342
6.343575
6.446
6.4801
6.5458
6.795875
6.800025
6.816325
6.8699
7.005975
7.153975
7.1801
7.19915
7.326175
7.358325
7.391325
7.40625
7.4387
7.477375
7.489325
7.6163
7.764575
7.81345
7.9121
8.115725
8.20975
8.2726
8.276025
8.33035
8.373025
8.454
8.463825
8.470175
8.532525
8.5457
8.585425
8.6522
8.7251
8.786375
8.8085
8.815525
8.829925
8.837375
9.074525
9.245425
9.256825
9.263425
9.305725
9.383275
194
