0.0765
0.0982
0.26
0.324825
0.417575
0.43645
0.460475
0.50615
0.510625
0.51605
0.519925
0.5206
0.5332
0.54435
0.546425
0.55435
0.556175
0.560025
0.567125
0.57215
0.589475
0.611825
0.62095
0.6353
0.651625
0.65485
0.65995
0.681325
0.70395
0.7303
0.731225
0.7743
0.79075
0.799875
0.880675
0.928375
0.9512
0.95945
0.964875
0.9946
0.9982
1.018875
1.029975
1.051575
1.087825
1.099575
1.1211
1.1214
1.1704
1.17695
1.199075
1.256675
1.26295
1.27445
1.33325
1.353975
1.370375
1.408775
1.430725
1.450725
1.476975
1.480375
1.49025
1.498125
1.503675
1.548325
1.622175
1.66365
1.688175
1.6963
1.74745
1.83865
1.844475
1.932825
2.0914
2.11375
2.281075
2.336775
2.339125
2.355475
2.4211
2.4355
2.491375
2.57065
2.592175
2.632725
2.641075
2.651575
2.71105
2.730675
2.79045
2.797025
2.8031
2.8698
2.8991
2.94425
2.9794
3.041475
3.106225
3.116875
3.1449
3.219725
3.228925
3.26195
3.295525
3.323725
3.34535
3.34985
3.397125
3.420325
3.4264
3.489225
3.544175
3.5628
3.635775
3.693225
3.74345
3.786225
3.850525
3.92115
4.1611
4.17165
4.370475
4.5002
4.533
4.5727
4.64295
4.699175
4.8479
4.85365
4.903325
4.922375
5.0649
5.1769
5.199525
5.274675
5.442725
5.48245
5.494225
5.521675
5.598675
5.63225
5.72775
5.778575
5.846175
5.8751
5.878975
5.899525
6.036525
6.153225
6.24445
6.382675
6.433875
6.447825
6.4953
6.49575
6.537175
6.553725
6.68855
6.77145
6.7933
6.813475
6.857975
6.891975
7.051325
7.112925
7.227425
7.4993
7.7034
7.8373
7.850875
7.8978
7.932075
7.97625
7.991075
8.12495
8.15975
8.168625
8.178825
8.2274
8.2362
8.277475
8.4527
8.55215
8.5945
8.81685
8.9521
8.9665
9.211325
9.308
9.39955
9.405675
9.4465
9.480025
9.49325
9.530025
9.820525
9.921325
9.958125
199
