0.132725
0.19935
0.214975
0.319825
0.35435
0.43275
0.45875
0.484025
0.491025
0.495425
0.4961
0.5037
0.50735
0.511625
0.5144
0.514675
0.516825
0.519225
0.52505
0.532575
0.53825
0.542975
0.54535
0.58225
0.5832
0.60505
0.63685
0.67055
0.676275
0.688775
0.7164
0.716725
0.719325
0.7235
0.7317
0.741075
0.757525
0.792025
0.804225
0.8223
0.831725
0.857825
0.879225
0.880925
0.9542
0.97475
0.984
1.001725
1.069625
1.0779
1.078925
1.086125
1.1073
1.126525
1.186475
1.235175
1.25855
1.283025
1.289175
1.299925
1.33075
1.365075
1.3706
1.422875
1.4618
1.472425
1.485725
1.522125
1.55975
1.586025
1.6752
1.68065
1.70395
1.796175
1.945275
2.00555
2.053475
2.151625
2.236025
2.2717
2.28495
2.310525
2.329
2.355275
2.36955
2.41965
2.64705
2.67055
2.741875
2.745275
2.76105
2.778525
2.787875
2.842175
2.880675
2.897825
2.946325
2.9511
2.95365
2.9816
2.9891
3.00315
3.0318
3.04875
3.072125
3.1456
3.1509
3.248525
3.3581
3.3604
3.426125
3.48065
3.486075
3.5329
3.537925
3.738625
3.796025
3.8035
3.838
3.844475
3.868675
3.9008
3.94335
3.950575
4.05415
4.104475
4.107775
4.199825
4.238375
4.27565
4.321825
4.415
4.443925
4.44915
4.5686
4.646925
4.661025
4.688625
4.697225
4.759375
4.7599
4.779625
4.782575
4.7909
4.8174
4.8288
4.8804
4.916775
5.09035
5.130075
5.14895
5.21865
5.374825
5.448175
5.5105
5.735375
5.816475
5.820175
5.8315
5.85605
5.983675
6.144925
6.3332
6.34715
6.399125
6.422
6.5627
6.571075
6.61135
6.620025
6.801875
6.968
7.00385
7.115675
7.21505
7.2405
7.671375
7.699975
7.756875
7.878025
7.92385
7.94225
7.99345
8.009025
8.067875
8.213
8.21405
8.26265
8.268025
8.46025
8.51935
8.667175
8.6693
8.816875
8.8711
8.963925
9.052275
9.0876
9.147825
9.31365
9.33405
9.4421
9.705375
9.838425
9.938725
205
