0.0883
0.129775
0.143575
0.32995
0.377125
0.42
0.4398
0.469
0.483725
0.48685
0.501175
0.50825
0.5117
0.512925
0.51725
0.5185
0.521675
0.524375
0.582225
0.60305
0.6121
0.613375
0.62605
0.630675
0.6454
0.64635
0.66135
0.6888
0.693525
0.70165
0.7141
0.725625
0.746625
0.758575
0.768225
0.774775
0.788475
0.794175
0.79445
0.833375
0.8594
0.876425
0.88415
0.904475
0.9068
0.911325
0.9151
0.950525
0.95175
0.9582
0.959875
0.96255
0.9632
0.967175
0.98235
0.997525
1.003225
1.0035
1.03875
1.05785
1.0638
1.0723
1.07595
1.0878
1.154075
1.158525
1.19025
1.2129
1.24155
1.248375
1.311775
1.358675
1.41505
1.42
1.4322
1.471025
1.5431
1.56535
1.647775
1.697925
1.871175
1.929325
1.947425
2.017125
2.040775
2.044075
2.102525
2.126
2.127775
2.19895
2.2862
2.292475
2.29815
2.385275
2.390625
2.445575
2.46925
2.472425
2.477575
2.506875
2.540525
2.691725
2.74575
2.831425
2.9612
3.19815
3.233075
3.31965
3.3307
3.352525
3.441675
3.452275
3.5131
3.661525
3.6823
3.704525
3.8254
3.832125
3.9185
3.92455
3.94965
3.9828
4.0562
4.06165
4.098525
4.1105
4.186875
4.2571
4.2945
4.358325
4.468
4.5055
4.6119
4.64465
4.6451
4.67
4.80225
4.85645
4.947675
5.190475
5.22995
5.307825
5.437675
5.488475
5.56095
5.5976
5.609075
5.63835
5.699075
5.758625
5.868975
5.90525
5.94555
5.998275
6.036175
6.140325
6.19265
6.194975
6.242425
6.279325
6.3257
6.541125
6.5498
6.56315
6.706975
6.712075
7.016625
7.101575
7.251275
7.3262
7.3581
7.688525
7.717225
7.73685
7.800775
7.9228
8.0737
8.0982
8.110325
8.1462
8.176375
8.2732
8.413025
8.547425
8.591925
8.74035
8.7776
9.04985
9.059675
9.11
9.130925
9.303175
9.461275
9.481675
9.512675
9.554325
9.559975
9.620225
9.71925
9.73355
9.964825
201
