0.021925
0.158725
0.19005
0.222425
0.2362
0.313075
0.3679
0.454475
0.47745
0.477825
0.480225
0.4847
0.48585
0.501375
0.508425
0.523475
0.523525
0.5334
0.547125
0.54855
0.564725
0.5949
0.597225
0.601975
0.6164
0.617775
0.618775
0.625275
0.6473
0.647375
0.651175
0.6589
0.660375
0.660975
0.697425
0.7074
0.710575
0.73865
0.744775
0.7533
0.76635
0.79585
0.8163
0.880275
0.8884
0.888775
0.9206
0.922275
0.96365
0.9644
0.98035
0.994925
0.99685
1.002675
1.01235
1.016825
1.027725
1.049025
1.0495
1.056275
1.06665
1.072775
1.080725
1.08795
1.1862
1.20275
1.227025
1.288025
1.36635
1.3899
1.395925
1.469225
1.47915
1.479225
1.4833
1.508925
1.525775
1.532925
1.5934
1.629425
1.646975
1.711
1.7442
1.7774
1.935475
1.946075
1.948975
1.9519
2.0014
2.011825
2.0426
2.077725
2.11115
2.126625
2.1768
2.20015
2.243225
2.274375
2.310125
2.361225
2.405575
2.59755
2.6137
2.691375
2.7146
2.72745
2.78965
2.7969
2.81145
2.831575
2.87555
2.895175
2.948275
3.084125
3.118325
3.1896
3.3792
3.44735
3.491275
3.553825
3.678225
3.892325
3.8931
3.9448
3.9836
3.986475
4.0059
4.012125
4.201825
4.32875
4.341275
4.4536
4.511
4.587825
4.5911
4.76165
4.831325
5.097825
5.2692
5.35995
5.369775
5.378775
5.385225
5.38945
5.4454
5.452425
5.508975
5.81315
5.874075
5.932
5.938575
5.947925
6.1706
6.230625
6.2316
6.233
6.266875
6.3718
6.45525
6.536
6.579675
6.6897
6.718
6.9817
6.982775
7.002225
7.12835
7.1328
7.2106
7.216275
7.297775
7.38275
7.393075
7.4184
7.4536
7.70305
7.776025
7.90205
7.929925
8.00315
8.195975
8.264175
8.29875
8.52805
8.530675
8.782525
8.8443
8.867425
8.882175
8.924525
8.977325
9.022775
9.121625
9.184875
9.473875
9.52445
9.747575
9.76445
9.906875
199
