0.0512
0.222475
0.273975
0.324025
0.472875
0.519225
0.52175
0.52395
0.52565
0.5286
0.529025
0.533175
0.53565
0.547525
0.5611
0.579425
0.585175
0.627925
0.65155
0.659575
0.660075
0.678525
0.697525
0.72805
0.7334
0.769475
0.773375
0.802525
0.8136
0.83935
0.851275
0.865525
0.8685
0.881425
0.8935
0.90405
0.93755
0.9493
1.029375
1.059375
1.0728
1.076375
1.131725
1.174375
1.190575
1.191275
1.201
1.2801
1.2813
1.32535
1.47685
1.5043
1.507075
1.55155
1.60225
1.664125
1.69705
1.7189
1.726125
1.85605
1.876775
1.91685
1.943075
1.950625
2.0783
2.084375
2.197075
2.2394
2.31975
2.374175
2.39325
2.4408
2.473225
2.496875
2.51455
2.612775
2.6604
2.727575
2.8073
2.8781
2.921375
2.943025
3.01815
3.05365
3.10135
3.123525
3.2484
3.270375
3.27385
3.2835
3.4103
3.456175
3.490475
3.605875
3.622925
3.692675
3.70495
3.7369
3.765425
3.841925
3.876325
3.93145
4.062775
4.13315
4.136125
4.179425
4.206025
4.2311
4.261125
4.264575
4.284325
4.343125
4.35335
4.4006
4.4154
4.483525
4.5217
4.5795
4.648625
4.68805
4.700975
4.719425
4.8265
4.9189
4.951225
4.998125
5.01775
5.066075
5.1388
5.2207
5.227
5.34265
5.35145
5.396175
5.4354
5.4732
5.505675
5.6618
5.80225
5.840675
5.9226
6.0423
6.09875
6.194475
6.2741
6.301025
6.367975
6.425025
6.429
6.459825
6.4858
6.497275
6.533525
6.538075
6.5566
6.609975
6.6527
6.6766
6.69445
6.796975
6.83215
7.257175
7.2918
7.324575
7.340725
7.565775
7.70185
7.70275
7.84585
8.168025
8.219375
8.365025
8.435075
8.7739
8.7958
8.84815
9.053975
9.126775
9.168675
9.42795
9.548175
9.594325
9.613125
183
