0.218725
0.25635
0.4183
0.433575
0.451175
0.4594
0.460775
0.468025
0.488275
0.495875
0.497875
0.50875
0.50925
0.511175
0.519875
0.5254
0.567675
0.574325
0.57875
0.5823
0.607075
0.62175
0.658825
0.6761
0.689525
0.697175
0.7047
0.736625
0.7368
0.781625
0.7958
0.80465
0.81485
0.83105
0.852925
0.8569
0.860725
0.862375
0.870925
0.885325
0.888375
0.90605
0.927225
0.96525
0.97055
0.97075
0.983875
0.98935
1.00195
1.00245
1.008175
1.05515
1.125775
1.13925
1.16235
1.2025
1.224975
1.290125
1.294175
1.352
1.36075
1.36575
1.37425
1.377025
1.4021
1.413475
1.4135
1.431625
1.4907
1.5317
1.55755
1.607975
1.615475
1.64075
1.710175
1.7521
1.756475
1.758075
1.867875
1.882225
1.89105
1.964975
1.9907
2.01135
2.029475
2.056975
2.066625
2.075675
2.094
2.15835
2.32515
2.375575
2.376925
2.39645
2.4126
2.460875
2.468725
2.59455
2.608075
2.65625
2.665575
2.72145
2.7232
2.79455
2.81405
2.865475
2.884225
2.971
3.051575
3.057825
3.107825
3.13495
3.2183
3.264575
3.303825
3.3207
3.360925
3.439975
3.443
3.568525
3.6091
3.685375
3.703325
3.735375
3.74285
3.74965
3.790925
3.8592
3.87475
3.896875
3.89855
3.901925
4.15975
4.28485
4.375375
4.38585
4.43885
4.48535
4.5138
4.61075
4.676375
4.7845
4.790275
4.8012
4.817775
5.0133
5.017625
5.067625
5.09815
5.12665
5.1288
5.159925
5.18085
5.3195
5.335325
5.37325
5.468375
5.483875
5.51065
5.62025
5.628475
5.6554
5.774
5.81595
6.191675
6.20265
6.257525
6.27725
6.343075
6.3983
6.455375
6.462525
6.5358
6.8567
6.9646
6.965825
7.07965
7.110375
7.408625
7.431725
7.434575
7.5042
7.57335
7.70855
7.749
7.775525
7.856975
7.93475
8.055075
8.156825
8.197975
8.236125
8.268125
8.438425
8.682925
8.703675
8.7109
8.71175
8.7718
8.7977
9.0262
9.176075
9.178075
9.384925
9.496475
9.620775
9.6379
9.646825
9.809775
9.839825
9.9234
9.95705
9.9875
9.99395
214
