0.1679
0.17785
0.243375
0.2965
0.428525
0.494975
0.50525
0.5217
0.530325
0.5614
0.563875
0.5677
0.570425
0.58555
0.592475
0.593825
0.597425
0.60235
0.6057
0.614875
0.641775
0.6563
0.65735
0.665325
0.666025
0.67805
0.686025
0.691925
0.7026
0.714875
0.724925
0.773375
0.794
0.802025
0.86835
0.869275
0.8778
0.891775
0.895575
0.90085
0.935025
0.951025
0.953325
1.03075
1.0532
1.105925
1.133225
1.162775
1.186125
1.1959
1.203625
1.28335
1.289425
1.3104
1.33545
1.352975
1.359025
1.36245
1.383325
1.406725
1.409425
1.444025
1.463875
1.515225
1.5456
1.619875
1.774525
1.786775
1.8324
1.855775
1.92485
2.003125
2.031125
2.082225
2.09045
2.094525
2.14975
2.18765
2.2008
2.26615
2.26665
2.287275
2.2929
2.360375
2.388675
2.4092
2.441575
2.512025
2.697325
2.707675
2.72025
2.780625
2.802075
2.876475
2.8856
2.915
2.993925
3.07075
3.0986
3.15285
3.17345
3.2028
3.222125
3.3674
3.397075
3.454025
3.504025
3.529875
3.5388
3.610025
3.6584
3.673325
3.6826
3.81165
3.864325
3.9438
3.953175
4.116525
4.2208
4.301825
4.3562
4.47225
4.618275
4.64605
4.811275
4.894675
4.952125
5.03685
5.05525
5.180625
5.569775
5.6759
5.818375
5.838625
5.858075
5.8937
5.894525
5.9076
5.93905
5.953275
5.9623
5.975925
5.980575
6.14615
6.205875
6.218075
6.22745
6.2293
6.35075
6.39515
6.5666
6.612075
6.8463
6.91805
6.97845
7.11245
7.147425
7.2028
7.3181
7.496425
7.660375
7.7549
7.760725
7.7808
7.796275
7.898925
7.95145
8.022475
8.131425
8.194875
8.216525
8.240275
8.28395
8.3183
8.449875
8.450575
8.4762
8.479375
8.86315
8.9462
9.04795
9.11595
9.165
9.206775
9.296725
9.335025
9.41395
9.490625
9.64695
9.8145
9.9665
9.976175
192
