0.22725
0.2313
0.27505
0.47335
0.47565
0.488525
0.4929
0.496
0.498225
0.509975
0.51025
0.5177
0.523525
0.52715
0.5366
0.543225
0.545375
0.5612
0.564375
0.57935
0.5881
0.590975
0.59305
0.595375
0.6136
0.623025
0.6404
0.6505
0.65265
0.675425
0.699975
0.703825
0.710075
0.736925
0.73805
0.73985
0.760875
0.762275
0.763875
0.77295
0.7842
0.7848
0.795575
0.8178
0.8301
0.848475
0.955825
0.982975
0.9869
0.989875
0.999175
1.01195
1.012525
1.023425
1.02475
1.056875
1.058475
1.06335
1.064425
1.08005
1.097175
1.1104
1.12255
1.128125
1.14325
1.15525
1.199125
1.2251
1.24325
1.34605
1.3484
1.388525
1.417325
1.420475
1.44915
1.4751
1.4822
1.486975
1.689525
1.69265
1.79385
1.822925
1.832075
1.915825
1.940625
1.9996
2.0277
2.082475
2.127975
2.22085
2.2678
2.278975
2.286875
2.37635
2.4401
2.520775
2.525325
2.539675
2.557025
2.58075
2.6005
2.739225
2.782475
2.848075
2.90435
3.069125
3.10385
3.106175
3.1084
3.218925
3.3625
3.36405
3.37
3.517375
3.520375
3.529825
3.5668
3.589825
3.829575
3.90685
4.0351
4.103275
4.131725
4.13695
4.16595
4.241025
4.26765
4.31065
4.3685
4.423575
4.46505
4.533025
4.543425
4.5569
4.59175
4.62795
4.70125
4.7496
4.886725
4.9262
4.94315
4.949025
4.956625
4.97655
4.978575
5.026975
5.16625
5.196025
5.487575
5.493975
5.5023
5.603
5.641125
5.7663
5.814975
5.86665
5.962775
6.012625
6.2275
6.30195
6.315425
6.411075
6.417675
6.457275
6.53715
6.59395
6.613575
6.7216
6.759625
6.760075
6.77525
6.869225
6.98955
7.129675
7.142675
7.1795
7.3464
7.381125
7.400575
7.4657
7.5799
7.610675
7.810275
7.848525
7.873775
7.893175
7.91945
8.044425
8.0718
8.20735
8.2656
8.458175
8.605575
8.635975
8.709575
8.8104
9.053975
9.06045
9.125325
9.1874
9.1994
9.311575
9.530675
9.571925
9.727075
9.769425
9.883925
9.905375
208
