0.035925
0.12555
0.195675
0.1982
0.29825
0.3309
0.483125
1.527975
1.5565
1.577
1.602925
1.6945
1.7087
1.88855
1.8905
1.948825
1.951925
1.96235
2.03785
2.061925
2.1179
2.168125
2.1695
2.17725
2.2134
2.24015
2.2955
2.311725
2.329375
2.3938
2.405325
2.4194
2.5408
2.577725
2.689475
2.7015
2.8201
2.90915
2.9161
2.9389
3.051875
3.0792
3.0895
3.118025
3.13285
3.183275
3.435
3.4849
3.5652
3.581475
3.665475
3.7158
3.722125
3.74905
3.7838
3.8497
3.8579
3.922175
3.97635
4.0431
4.095325
4.1134
4.195825
4.2179
4.23345
4.3242
4.340025
4.4501
4.48825
4.5484
4.600675
4.652025
4.655225
4.713775
4.72215
4.7955
4.82825
4.83085
4.99495
79
