0.0217
0.083925
0.08405
0.14615
0.1772
0.222625
0.246975
0.2675
0.35775
0.41425
0.426975
0.436975
0.449875
0.482175
1.553175
1.6119
1.661775
1.722675
1.7701
1.77055
1.78095
1.78255
1.784025
1.877075
1.912975
1.923875
1.9862
1.999975
2.03445
2.22515
2.237925
2.255875
2.287675
2.33335
2.4107
2.460925
2.522525
2.61545
2.6196
2.648675
2.714075
2.870275
2.894125
2.904825
2.95075
3.01925
3.02055
3.034925
3.051625
3.151
3.18585
3.2111
3.31825
3.349475
3.5758
3.748125
3.7821
3.797975
3.946875
3.9662
4.085225
4.0953
4.283375
4.3131
4.329775
4.33025
4.366675
4.3842
4.40125
4.414125
4.480125
4.5147
4.60605
4.6561
4.726475
4.735775
4.74025
4.8569
4.9423
4.9653
80
