0.016
0.12015
0.145
0.182425
0.18365
0.186475
0.197425
0.200275
0.278275
0.3647
0.382575
0.408975
0.432975
1.598875
1.601375
1.61035
1.61195
1.62555
1.690075
1.70685
1.80455
1.850075
1.8979
2.092175
2.11175
2.120125
2.137575
2.155775
2.16255
2.18745
2.2463
2.2954
2.3028
2.328025
2.352225
2.352475
2.413875
2.428725
2.43275
2.5926
2.655525
2.683025
2.77125
2.78305
2.788725
2.89805
2.965975
2.9934
3.029075
3.07705
3.090325
3.112575
3.136275
3.1782
3.186
3.21815
3.247425
3.277075
3.279725
3.28025
3.29605
3.309175
3.318675
3.3306
3.332425
3.3403
3.40795
3.4762
3.504475
3.579625
3.61745
3.641575
3.6742
3.738425
3.789525
3.857925
3.85835
3.952825
4.047325
4.066575
4.076225
4.10125
4.14695
4.1612
4.231275
4.364875
4.394325
4.446325
4.489925
4.520525
4.5285
4.60285
4.6258
4.7025
4.84015
4.84845
4.86485
4.870975
4.872575
4.8847
4.906125
4.935675
4.9862
103
