0.054375
0.06965
0.171025
0.190225
0.26535
0.310675
0.38515
0.397875
0.4139
0.455325
0.47545
0.477625
1.59045
1.61575
1.70545
1.72355
1.75485
1.7635
1.775075
1.86405
1.896075
1.89905
1.987
2.056525
2.092175
2.16905
2.176275
2.234275
2.2804
2.30685
2.3524
2.39295
2.3943
2.486875
2.531225
2.553825
2.608375
2.742075
2.75545
2.859
2.89465
3.071375
3.109325
3.167725
3.19115
3.2196
3.3076
3.349025
3.3561
3.360225
3.448675
3.474225
3.49145
3.606525
3.61035
3.622925
3.736
3.74025
3.74375
3.798075
3.81015
3.910925
3.928975
3.9314
3.981225
3.99805
3.9996
4.00055
4.0491
4.069575
4.085275
4.141525
4.153475
4.232975
4.4122
4.41595
4.427425
4.44865
4.473725
4.524475
4.584175
4.594525
4.6602
4.66535
4.78355
4.916625
86
