0.064275
0.160375
0.1892
0.371625
0.4103
0.427525
0.45365
0.467975
0.4879
0.49495
1.610675
1.6437
1.652125
1.820225
1.863025
1.88385
1.896325
1.95255
1.998425
2.092925
2.2127
2.2783
2.2813
2.320475
2.416925
2.4329
2.47095
2.488175
2.496175
2.510975
2.53765
2.59055
2.667925
2.713575
2.8555
2.92085
2.98935
3.04665
3.21615
3.258725
3.5695
3.648075
3.658775
3.740375
3.784625
3.91465
4.004875
4.07545
4.1268
4.14315
4.15815
4.160075
4.2436
4.44415
4.48725
4.601875
4.6776
4.7013
4.777225
4.805925
4.820775
4.860575
4.88505
4.8946
4.904825
4.99055
66
