0.070725
0.26565
0.295925
0.30175
0.303875
0.313175
0.317025
0.3611
0.434825
1.5081
1.51215
1.5625
1.6107
1.673625
1.74115
1.772975
1.79445
1.833025
1.9076
1.916875
1.957675
2.18855
2.2024
2.20385
2.20435
2.206075
2.22085
2.578775
2.651725
2.6559
2.753625
2.754175
2.94875
3.055125
3.140675
3.237175
3.4148
3.424875
3.4549
3.597775
3.6043
3.65575
3.7021
3.7559
3.7678
3.797
3.82865
3.8459
3.860025
3.911875
4.023225
4.09545
4.13115
4.220575
4.2345
4.2657
4.401425
4.418375
4.440525
4.47305
4.633
4.7759
4.794325
4.829275
4.9146
4.9349
4.9386
4.9749
4.984025
69
