0.138775
0.22635
0.283975
0.416425
0.46785
1.5474
1.565075
1.59295
1.6109
1.65015
1.658025
1.6701
1.6737
1.688425
1.706375
1.78005
1.78225
1.805275
1.86155
1.902125
2.040725
2.0541
2.145275
2.166625
2.303175
2.31305
2.3289
2.3895
2.431875
2.4891
2.5068
2.622375
2.64665
2.68795
2.7249
2.73735
2.75165
2.870075
2.936
3.05345
3.09175
3.101125
3.14415
3.1723
3.24335
3.284725
3.30715
3.322825
3.4352
3.470925
3.5999
3.61475
3.707025
3.71195
3.75335
3.8234
3.843575
3.8881
3.913725
3.952475
4.047125
4.066325
4.15655
4.3003
4.346175
4.492825
4.499775
4.50245
4.610575
4.742275
4.800825
4.9488
4.9499
4.950875
74
