0.075275
0.08625
0.100375
0.158375
0.197025
0.255
0.295825
0.3138
0.323925
0.38995
0.49695
1.668
1.903625
1.9151
1.921725
1.9258
2.0629
2.19295
2.340525
2.35095
2.3681
2.377425
2.385575
2.405775
2.4527
2.47795
2.52125
2.531
2.551075
2.575225
2.640275
2.7697
2.796775
2.844975
2.911975
2.92875
2.9553
2.9791
3.0395
3.0818
3.105325
3.2297
3.24185
3.2871
3.393075
3.4479
3.56835
3.62115
3.6252
3.7091
3.764
3.786075
3.808725
3.875425
3.890175
3.9103
3.9158
3.99385
4.062525
4.096825
4.133025
4.150525
4.265
4.289175
4.310725
4.31495
4.317225
4.319475
4.36045
4.379
4.40705
4.46905
4.500975
4.53175
4.6924
4.862925
4.87985
4.921025
4.942575
79
