0.0486
0.07145
0.112025
0.149375
0.24465
0.268275
0.27595
0.3283
0.443925
0.448725
0.4646
0.486675
1.607625
1.62935
1.702625
1.742425
1.817425
1.851875
1.8689
1.908
1.9199
1.950575
2.02465
2.072925
2.120575
2.148975
2.1516
2.23825
2.270525
2.273875
2.336425
2.375875
2.3949
2.453025
2.497925
2.5945
2.631075
2.64095
2.65185
2.71295
2.798075
2.805175
2.81035
2.863375
2.877225
2.911575
2.91865
2.92055
2.965475
3.0211
3.0262
3.03785
3.04285
3.069875
3.104225
3.119325
3.198775
3.2656
3.26735
3.3351
3.35915
3.366225
3.478375
3.692225
3.865225
3.9823
4.0834
4.1252
4.149025
4.207175
4.2235
4.23405
4.338725
4.34545
4.34565
4.3803
4.3871
4.404225
4.4846
4.520975
4.58895
4.6536
4.730725
4.811525
4.823875
4.839125
4.8399
4.8688
4.87965
4.94425
4.975025
91
