0.1302
0.248875
0.27935
0.34055
0.46415
1.526125
1.5429
1.657625
1.6689
1.79645
1.85335
1.899025
1.9739
2.038175
2.13965
2.168075
2.174475
2.208575
2.2247
2.3689
2.44705
2.448875
2.4762
2.5287
2.61015
2.61635
2.760175
2.7644
2.768775
2.82975
2.88295
2.900175
2.944275
3.0183
3.1939
3.273725
3.372875
3.393775
3.39455
3.4244
3.44605
3.473575
3.5329
3.535175
3.545775
3.60405
3.606275
3.611275
3.66275
3.726475
3.73275
3.735425
3.756425
3.80275
3.83975
3.902475
3.9077
3.923325
3.94445
3.96415
3.969825
3.98895
4.01105
4.118925
4.164075
4.17695
4.1792
4.219225
4.2651
4.41485
4.4175
4.4293
4.5073
4.528075
4.56365
4.610175
4.6353
4.70165
4.730225
4.74045
4.870125
4.892425
4.912825
4.913925
4.95125
4.999675
86
