0.001475
0.004025
0.004225
0.15255
0.190275
0.23825
0.26355
0.269775
0.281325
0.3538
0.45875
0.4599
1.5564
1.5744
1.599325
1.611125
1.657925
1.722825
1.74935
1.7519
1.893675
1.929375
2.01005
2.07325
2.268025
2.273825
2.380925
2.42635
2.55075
2.578325
2.80655
2.8788
2.965825
3.023225
3.027925
3.08705
3.093275
3.1314
3.1627
3.1638
3.17085
3.215775
3.246625
3.353925
3.401675
3.543225
3.544925
3.572225
3.586525
3.66295
3.81435
3.9057
4.052875
4.129525
4.1373
4.168625
4.209225
4.325125
4.34335
4.38275
4.439125
4.4567
4.481025
4.50205
4.529075
4.53365
4.53985
4.5633
4.626175
4.653275
4.656975
4.700225
4.829775
4.9008
4.93275
4.9676
4.994875
77
