0.017325
0.0391
0.153175
0.19325
0.195725
0.25685
0.25935
0.263475
0.270775
0.325825
0.450425
1.514525
1.5303
1.5674
1.616075
1.63005
1.640875
1.674725
1.71945
1.7627
1.7757
1.81805
1.8424
1.873875
2.04395
2.085125
2.0904
2.1271
2.20215
2.2701
2.323775
2.33935
2.33945
2.421525
2.437725
2.455625
2.475825
2.49
2.50805
2.50885
2.563
2.5899
2.636975
2.660675
2.661975
2.7495
2.7914
2.8382
2.843025
2.844875
2.993
3.05135
3.1332
3.17465
3.205775
3.21775
3.292625
3.31655
3.4003
3.459325
3.476875
3.5357
3.54175
3.633625
3.646375
3.70415
3.723425
3.74665
3.93675
3.975575
4.118225
4.1283
4.128675
4.16425
4.176775
4.215525
4.2978
4.312875
4.336175
4.365725
4.3906
4.592075
4.646675
4.80635
4.8397
4.84215
4.8842
4.954075
4.969825
89
