0.04305
0.084175
0.090125
0.116075
0.148175
0.187925
0.285325
0.4298
0.49775
1.50235
1.526675
1.54225
1.572925
1.612675
1.849875
1.859225
1.910375
2.001175
2.00885
2.0282
2.069525
2.183425
2.2093
2.24375
2.2463
2.304775
2.3527
2.379775
2.380025
2.397725
2.543325
2.76045
2.777125
2.799275
2.804625
2.8505
2.8671
2.876375
2.9701
3.05855
3.081975
3.1107
3.17165
3.209575
3.3118
3.379075
3.425425
3.45405
3.468775
3.5036
3.545375
3.549725
3.55775
3.562675
3.610275
3.623625
3.6711
3.77925
3.7794
3.824075
3.911375
3.92775
3.9584
3.969975
4.136
4.1842
4.211825
4.515325
4.528825
4.569
4.71965
4.735
4.8205
4.8681
4.98725
75
