0.000925
0.05045
0.064275
0.08675
0.12725
0.1856
0.3145
0.335125
0.3701
0.39765
0.408575
0.416025
0.44205
0.44595
0.45855
0.49115
1.5114
1.517175
1.577875
1.5948
1.789175
1.902975
1.926425
1.92835
1.976425
1.978475
1.997375
2.003725
2.036825
2.046675
2.065275
2.09955
2.1363
2.150375
2.1622
2.257875
2.261
2.3148
2.35395
2.371925
2.488325
2.510825
2.5404
2.6165
2.64205
2.669625
2.707725
2.78565
2.869175
2.8943
2.9922
3.01785
3.028
3.039675
3.055525
3.0673
3.098925
3.184525
3.393125
3.3982
3.505225
3.60555
3.664975
3.78485
3.815
3.9623
3.98215
4.035625
4.0473
4.13695
4.2674
4.315325
4.319625
4.3247
4.37265
4.37855
4.6362
4.656075
4.691725
4.693775
4.727025
4.750275
4.84
4.957575
4.9669
85
