0.013775
0.170375
0.223125
0.33945
0.35225
0.457375
0.4848
1.5148
1.576875
1.600325
1.729325
1.86645
1.893375
1.900975
1.905625
1.910425
1.977975
1.99375
2.1701
2.1769
2.20395
2.233825
2.381575
2.636725
2.6894
2.742225
2.804075
2.850725
2.873775
2.922
3.1002
3.103975
3.139275
3.16215
3.212925
3.27975
3.295475
3.319425
3.334875
3.4182
3.52595
3.54085
3.6141
3.626225
3.687875
3.742525
3.877525
3.922775
3.9932
4.1553
4.176725
4.32385
4.333
4.335725
4.394025
4.3989
4.40035
4.401
4.47695
4.594225
4.609825
4.61755
4.679175
4.804375
4.91035
65
