0.031475
0.0586
0.08265
0.11635
0.164525
0.21585
0.21955
0.22065
0.27715
0.2938
0.3499
0.39615
0.396475
0.40915
0.448325
1.5321
1.5604
1.579825
1.619325
1.6309
1.6353
1.656
1.680575
1.7761
1.7923
1.793525
1.87085
1.967125
2.0474
2.07855
2.14345
2.20425
2.267275
2.393075
2.422075
2.4397
2.46215
2.5055
2.585225
2.622
2.711575
2.76205
2.83965
2.860875
3.163175
3.184125
3.216275
3.234275
3.2477
3.251125
3.29875
3.303925
3.359975
3.37145
3.384225
3.38445
3.3902
3.4201
3.469875
3.571275
3.58365
3.598125
3.603225
3.61055
3.65875
3.6854
3.814275
3.868075
3.87
3.90025
3.90165
3.922325
3.93535
3.9518
3.961425
4.026075
4.1125
4.1464
4.156825
4.2144
4.286625
4.397525
4.39995
4.476225
4.5043
4.588625
4.62985
4.686625
4.733125
4.872775
4.895775
91
