0.1221
0.22825
0.286475
0.348775
0.4796
1.5476
1.556375
1.570675
1.6068
1.615975
1.715125
1.7406
1.7432
1.74915
1.785925
1.92055
1.9995
2.011525
2.19195
2.2837
2.328025
2.33215
2.351375
2.354975
2.386
2.395425
2.437725
2.444225
2.4643
2.494475
2.49785
2.5003
2.548825
2.625775
2.628975
2.64485
2.698025
2.742125
2.775475
2.808775
2.8284
2.85215
2.9729
3.0717
3.088975
3.103525
3.190975
3.2291
3.250275
3.266275
3.31025
3.314125
3.35025
3.403075
3.423975
3.454625
3.4836
3.5429
3.54375
3.62405
3.638975
3.69735
3.71505
3.716725
3.8661
3.882025
3.92155
3.944125
4.04185
4.0927
4.178725
4.19095
4.23445
4.280675
4.346225
4.3463
4.354475
4.43155
4.487575
4.56845
4.59535
4.60075
4.61965
4.6551
4.763575
4.784275
4.8648
4.939025
4.97345
4.98065
4.98555
91
