0.06785
0.09895
0.122025
0.271475
0.320225
0.37395
0.387725
0.395825
0.48895
1.5155
1.543675
1.5948
1.6013
1.66015
1.74305
1.769725
1.922225
1.9363
1.977675
2.036125
2.03835
2.135375
2.20575
2.3492
2.390175
2.39915
2.471275
2.5167
2.618975
2.633275
2.63585
2.636525
2.74255
2.778475
2.78025
2.8866
2.919375
2.935
2.944775
2.96925
3.08075
3.0986
3.129725
3.1587
3.2223
3.242075
3.272125
3.293125
3.372575
3.387175
3.44055
3.49115
3.4955
3.557175
3.62645
3.6309
3.667225
3.6901
3.69135
3.7592
3.9145
3.9205
3.926925
3.99255
4.0285
4.036675
4.06695
4.0696
4.13975
4.2333
4.333775
4.464125
4.50575
4.660525
4.700375
4.71085
4.727025
4.73635
4.774975
4.947675
80
