0.07675
0.1031
0.27535
0.35315
0.39
0.39175
0.4166
1.66605
1.682425
1.71525
1.83235
1.9034
1.97125
2.072725
2.098475
2.1457
2.1633
2.19435
2.209225
2.210075
2.267275
2.268475
2.28025
2.32155
2.33175
2.365025
2.4413
2.4646
2.57605
2.576325
2.58865
2.619525
2.676875
2.689675
2.85155
2.862275
2.86545
2.8923
2.9167
3.042125
3.06755
3.1005
3.1034
3.127375
3.154575
3.250625
3.30055
3.3011
3.37405
3.38935
3.391725
3.5671
3.660125
3.681725
3.6891
3.773
3.8442
3.933675
3.93375
3.9368
3.959425
4.028275
4.166825
4.2048
4.2123
4.430375
4.449475
4.46915
4.483175
4.5178
4.61185
4.614475
4.6289
4.730475
4.74535
4.878675
4.925875
4.9272
4.96
79
