0.000975
0.001325
0.06365
0.104725
0.110575
0.158875
0.39235
0.41475
0.422075
0.4673
0.492925
0.493475
0.496225
1.602725
1.622975
1.697875
1.7629
1.967525
2.071075
2.0985
2.10225
2.1084
2.129375
2.3298
2.3299
2.36185
2.390825
2.442475
2.5656
2.61605
2.62685
2.77305
2.78
2.86135
2.866775
2.90015
2.92295
3.002875
3.15415
3.182275
3.187575
3.2862
3.2957
3.3516
3.362425
3.3682
3.389825
3.398375
3.4139
3.418125
3.423075
3.442325
3.443825
3.449925
3.520975
3.54125
3.5542
3.617075
3.641675
3.652025
3.697475
3.780375
3.804625
3.972075
4.0137
4.0232
4.09065
4.129175
4.51295
4.564425
4.569425
4.580875
4.6107
4.64725
4.723525
4.75825
4.792625
4.796775
4.962525
79
