0.003
0.04225
0.051075
0.08635
0.107375
0.1201
0.2486
0.306975
0.307525
0.320875
0.375825
0.47655
0.48055
0.4912
1.502375
1.504775
1.5526
1.580475
1.60015
1.608525
1.648025
1.788125
1.805275
1.82385
1.906825
1.972075
1.973625
1.9787
2.064525
2.083025
2.1444
2.226675
2.284525
2.301825
2.364725
2.425425
2.429725
2.444225
2.5091
2.520175
2.5451
2.646375
2.717125
2.751225
2.7672
2.9269
3.0478
3.15255
3.173975
3.249975
3.25355
3.288675
3.3764
3.378825
3.423725
3.496525
3.6706
3.674675
3.72435
3.85785
3.874225
3.908825
3.9546
3.964975
3.96775
3.973525
3.976375
3.98115
3.987025
4.011675
4.059325
4.065
4.06895
4.072225
4.1508
4.200575
4.203175
4.2056
4.2352
4.246175
4.31965
4.320125
4.338
4.36365
4.401425
4.407475
4.4954
4.503525
4.520225
4.591525
4.6492
4.6599
4.72535
4.817225
4.9118
4.917375
4.988475
97
