0.041975
0.044625
0.192825
0.194375
0.2368
0.239825
0.248875
0.27425
0.323775
0.3284
0.349725
0.358925
0.3732
0.377525
0.42825
0.49
1.64245
2.012025
2.01775
2.100725
2.1303
2.247275
2.261625
2.28015
2.283225
2.2886
2.322125
2.32705
2.391025
2.392675
2.513425
2.587975
2.610625
2.624925
2.6468
2.690125
2.721425
2.745125
2.79025
2.82305
2.882025
2.92245
2.958625
3.028175
3.03445
3.041575
3.08205
3.104
3.1158
3.1462
3.2665
3.313875
3.3199
3.33365
3.360925
3.3727
3.383275
3.39815
3.5182
3.54445
3.578975
3.614825
3.629475
3.6913
3.7409
3.756025
3.766975
3.7731
3.8133
3.935775
3.954025
4.081925
4.21685
4.46475
4.643025
4.662875
4.673675
4.6793
4.7688
4.810625
4.836975
4.84725
4.8861
4.891075
4.9422
4.984675
86
