0.02845
0.06375
0.0915
0.189
0.276225
0.2818
0.303725
0.35355
0.425125
0.4639
1.549725
1.597025
1.6067
1.609925
1.702975
1.78845
1.838
1.848225
1.94795
1.97385
1.991775
2.018825
2.073825
2.2343
2.32765
2.50195
2.584075
2.624275
2.6556
2.796925
2.805725
2.827475
2.833575
2.84095
2.865025
2.938925
3.04095
3.105825
3.209325
3.29535
3.336675
3.3681
3.50545
3.515725
3.537925
3.6325
3.8568
3.860825
3.8649
3.89705
3.969525
3.99995
4.03155
4.04535
4.109875
4.17485
4.191425
4.225425
4.25485
4.2861
4.2919
4.312825
4.339675
4.39615
4.42655
4.554925
4.656475
4.702725
4.8117
4.8287
4.855825
4.864225
4.8785
4.9537
4.9638
75
