0.016625
0.10755
0.1263
0.181275
0.317125
0.43925
1.520425
1.569925
1.59895
1.648775
1.65185
1.6617
1.725675
1.7949
1.806525
1.815925
1.85495
1.955575
1.9652
1.984575
1.9949
2.0384
2.1255
2.2209
2.2415
2.2578
2.325675
2.335175
2.365725
2.383175
2.436325
2.47335
2.4763
2.550725
2.59435
2.64205
2.672825
2.69395
2.711225
2.800125
2.815325
2.943475
3.048875
3.057875
3.2574
3.3563
3.44065
3.535525
3.566025
3.5865
3.620375
3.868825
3.8993
3.918475
3.92095
3.928425
3.984175
3.987325
4.038475
4.114025
4.1371
4.2326
4.27515
4.2812
4.2817
4.302875
4.340075
4.349725
4.3613
4.4261
4.453725
4.4576
4.48215
4.499325
4.670325
4.671475
4.7635
4.864375
4.8839
4.88575
4.89935
4.9341
4.961525
4.98565
84
