0.04285
0.186875
0.215675
0.22
0.270375
0.2931
0.390225
0.454675
0.47755
1.5384
1.57205
1.598975
1.6185
1.62485
1.626175
1.682325
1.70655
1.806525
1.8462
1.8684
1.926775
1.955275
2.012125
2.042
2.089475
2.102175
2.19845
2.3167
2.352825
2.358675
2.371975
2.390075
2.543425
2.6457
2.653225
2.658225
2.667175
2.695125
2.970375
2.97225
3.14
3.15085
3.2296
3.339825
3.4188
3.46135
3.487875
3.563275
3.572475
3.57785
3.638125
3.7171
3.72085
3.856675
3.86675
3.8947
4.1039
4.144425
4.2159
4.2461
4.255475
4.302675
4.3087
4.337525
4.420525
4.4686
4.496525
4.508
4.674775
4.7939
4.8136
4.84225
4.8677
73
