0.002425
0.035275
0.0935
0.09655
0.116225
0.20165
0.2019
0.24685
0.266175
0.37355
0.380575
0.43195
0.481
0.491675
1.566775
1.57915
1.6664
1.726825
1.829875
1.839775
1.86975
1.948825
2.024275
2.09515
2.239425
2.317775
2.340625
2.3557
2.41525
2.426
2.431175
2.441725
2.4433
2.457875
2.47585
2.49
2.494725
2.51155
2.64805
2.6829
2.6979
2.75355
2.829675
2.8557
2.8947
2.940575
2.9792
2.99845
3.023225
3.080525
3.1147
3.1707
3.205175
3.211125
3.236975
3.25025
3.265775
3.364
3.67565
3.725775
3.73005
3.731175
3.81925
3.89295
3.928025
3.94295
3.983175
4.02505
4.100575
4.150125
4.23755
4.238
4.238025
4.295975
4.47275
4.520875
4.60965
4.667625
4.697025
4.844325
4.8786
81
