0.020975
0.022325
0.023675
0.03275
0.05735
0.130325
0.149825
0.15805
0.3975
0.4186
0.419
0.45565
0.487625
1.500525
1.592925
1.5982
1.598625
1.6663
1.6968
1.7276
1.730375
1.7827
1.821725
1.861
1.875075
1.933625
1.9575
1.97465
2.000425
2.32695
2.33465
2.351875
2.37705
2.409925
2.4461
2.44975
2.4624
2.46295
2.536825
2.605925
2.71725
2.739125
2.794875
2.815825
2.99585
3.0257
3.058875
3.0617
3.078
3.14325
3.1656
3.2376
3.332275
3.357075
3.3875
3.3895
3.44965
3.545075
3.55725
3.606475
3.6083
3.614625
3.624375
3.71905
3.71945
3.7495
3.80065
3.8073
3.871875
3.9698
4.098225
4.104675
4.207225
4.21395
4.220525
4.22875
4.290775
4.299
4.304075
4.311475
4.324025
4.392025
4.5138
4.553325
4.5583
4.651725
4.68205
4.709025
4.7217
4.778975
4.798275
4.825775
4.8786
4.8944
4.91655
4.9487
4.9677
4.995825
98
