0.00785
0.029675
0.03855
0.0398
0.045725
0.110575
0.1389
0.14485
0.149775
0.1764
0.28885
0.315925
0.318975
0.38625
0.438825
1.528175
1.57745
1.64165
1.667575
1.685825
1.701875
1.7721
1.811675
1.961125
2.041475
2.107725
2.2364
2.602725
2.604
2.6995
2.807275
2.8564
2.960825
3.0104
3.07315
3.080125
3.10715
3.153525
3.189075
3.2516
3.3355
3.339325
3.458475
3.513975
3.5155
3.51725
3.63615
3.816525
3.8374
3.966
4.029225
4.102925
4.159875
4.1683
4.269975
4.32105
4.3591
4.391625
4.41495
4.450025
4.46855
4.4694
4.5183
4.544975
4.6011
4.640225
4.650325
4.65735
4.710275
4.753875
4.77415
4.80045
4.895525
4.957725
74
