0.065425
0.1427
0.24025
0.2933
0.36
0.369175
0.378275
0.405925
1.601475
1.618975
1.7216
1.792725
1.796975
1.851375
1.936375
1.98965
2.0016
2.161025
2.230875
2.24695
2.286175
2.34655
2.45605
2.55595
2.5627
2.612325
2.627075
2.6289
2.64525
2.723
2.766575
2.85845
3.14885
3.16395
3.183775
3.353225
3.37695
3.380825
3.41075
3.45345
3.46115
3.46895
3.502825
3.507175
3.5783
3.625
3.63985
3.654825
3.715025
3.81155
3.8152
3.82815
3.95505
3.981725
4.036475
4.187675
4.20065
4.2282
4.277175
4.335475
4.39375
4.473075
4.483275
4.51935
4.532025
4.586025
4.593075
4.643125
4.652025
4.69015
4.735875
4.748
4.856625
4.966
4.978425
75
