0.007575
0.0536
0.060125
0.098825
0.255425
0.286075
0.36975
0.429325
0.489975
0.496
1.52795
1.6538
1.7828
1.78955
1.841825
1.958275
1.986975
2.00885
2.098425
2.2004
2.2773
2.32405
2.3819
2.56205
2.57075
2.609425
2.6883
2.701
3.004575
3.01075
3.07725
3.116275
3.17765
3.185025
3.3121
3.32475
3.331275
3.387675
3.3892
3.40765
3.447975
3.477975
3.503075
3.516575
3.626175
3.644425
3.70785
3.85065
3.858625
3.89665
3.991625
4.0036
4.01005
4.053175
4.095075
4.17145
4.1959
4.27375
4.2977
4.302325
4.314775
4.3395
4.3843
4.429525
4.4305
4.448425
4.51915
4.522075
4.594175
4.59995
4.60895
4.619325
4.677325
4.78885
4.8779
4.88075
4.8997
4.9195
4.970925
4.981325
4.989125
81
