0.000425
0.0176
0.04055
0.051575
0.058425
0.096225
0.099725
0.181725
0.18725
0.219175
0.24495
0.353875
0.433
0.43685
1.518025
1.523775
1.544425
1.56785
1.628525
1.639575
1.64845
1.682775
1.802775
1.8329
1.842425
1.9565
1.991175
2.02015
2.050375
2.060125
2.1798
2.214125
2.222325
2.2347
2.275
2.52625
2.548775
2.5594
2.568025
2.61675
2.618
2.69725
2.697825
2.74075
2.8071
2.8787
2.9221
2.9414
2.9712
2.992025
3.019725
3.18205
3.287575
3.290325
3.2942
3.30445
3.341725
3.367875
3.404625
3.44915
3.476075
3.4937
3.527575
3.55425
3.6548
3.669375
3.76725
3.87145
3.88995
4.031125
4.0377
4.045375
4.230925
4.247875
4.278725
4.374975
4.387375
4.413375
4.4492
4.50855
4.561225
4.614775
4.74125
4.75955
4.7602
4.814775
4.9598
87
