0.1663
0.2448
0.3317
0.382
0.4038
0.412525
0.467925
0.47455
1.509975
1.5114
1.5433
1.578275
1.74455
1.888175
1.890325
1.9204
1.9786
2.151325
2.223775
2.265125
2.280875
2.293025
2.3231
2.449475
2.6079
2.740675
2.787725
2.804425
2.811725
2.930875
2.93805
2.9857
3.0055
3.007625
3.04315
3.047675
3.074575
3.144775
3.211875
3.24025
3.244775
3.252825
3.292475
3.3003
3.380675
3.503225
3.5409
3.603875
3.6477
3.717625
3.731
3.7868
3.803675
3.834475
3.875425
3.9048
3.927025
3.9511
3.99
4.0675
4.07365
4.08
4.098925
4.120575
4.1411
4.17675
4.21425
4.292725
4.303075
4.327275
4.33055
4.3414
4.371125
4.40245
4.409725
4.472775
4.484375
4.53425
4.541525
4.6364
4.652175
4.70285
4.70795
4.753475
4.817625
4.8195
86
