0.020025
0.163725
0.175075
0.27075
0.277325
0.29295
0.4339
1.575275
1.60925
1.672775
1.764275
1.765075
1.77335
1.79785
1.879725
1.909775
1.923625
2.041925
2.080275
2.239025
2.2507
2.2597
2.292
2.33675
2.3655
2.4441
2.4655
2.5482
2.633625
2.709625
2.7152
2.75145
2.7959
2.867775
2.87125
2.92575
2.953775
2.9588
3.0985
3.1087
3.1485
3.173425
3.225275
3.24305
3.35755
3.416875
3.487675
3.537225
3.55325
3.609125
3.648525
3.730275
3.7475
3.74825
3.781675
3.828375
3.889625
3.9307
3.9364
4.07245
4.0868
4.151225
4.16545
4.269475
4.279175
4.279375
4.30155
4.497825
4.58345
4.61605
4.8566
4.9258
72
