0.1004
0.15125
0.220475
0.30025
0.304375
0.361375
0.382475
0.44875
0.47695
0.4861
1.51115
1.623375
1.635525
1.67925
1.72375
1.750525
1.7866
1.922375
1.949575
1.991125
2.05035
2.054375
2.080375
2.116275
2.144875
2.210225
2.3149
2.316425
2.394025
2.39935
2.4114
2.4942
2.507575
2.591375
2.642375
2.662325
2.686625
2.7907
2.869125
2.9193
2.92425
2.945525
2.978725
2.995625
3.089575
3.11245
3.148075
3.162375
3.175575
3.445325
3.5386
3.5794
3.59075
3.594925
3.602225
3.729625
3.747225
3.802125
3.99115
4.032175
4.149425
4.2008
4.201025
4.255175
4.4017
4.42525
4.4723
4.614975
4.65455
4.744075
4.752725
4.77975
4.79505
4.80455
4.89975
75
