0.04345
0.111725
0.19005
0.214225
0.2928
0.319575
0.334825
0.4062
0.4122
0.421325
0.422225
0.4998
1.5364
1.54165
1.6257
1.737425
1.7769
1.77825
1.843425
1.860725
1.88185
1.883975
1.956225
1.96915
1.9797
2.0754
2.23965
2.264425
2.306475
2.319925
2.339725
2.3734
2.412675
2.4241
2.49955
2.67085
2.690325
2.726825
2.7658
2.7728
2.786125
2.904675
2.96585
3.04565
3.06455
3.131375
3.16805
3.279
3.28525
3.30505
3.3385
3.3593
3.4452
3.617625
3.6447
3.70625
3.7145
3.78445
3.80645
3.85105
3.905925
3.928025
3.95345
4.0115
4.09045
4.2298
4.282225
4.299575
4.37725
4.3815
4.41085
4.48855
4.5068
4.574275
4.75555
4.7601
4.77535
4.81015
4.818125
4.873075
4.95775
4.979
82
