0.09185
0.174425
0.321175
0.4731
1.506625
1.58875
1.589575
1.59985
1.636175
1.73595
1.747725
1.76105
1.776475
1.915625
1.978825
2.0149
2.08595
2.159825
2.22085
2.227325
2.36445
2.45025
2.495225
2.505675
2.518525
2.62745
2.627475
2.67325
2.675275
2.787725
2.798225
2.85735
2.894225
2.910275
2.95975
3.01625
3.031075
3.132375
3.19545
3.2799
3.3336
3.42305
3.47015
3.485075
3.536475
3.558975
3.591025
3.6719
3.816875
3.831625
3.919875
4.001125
4.0392
4.06915
4.072225
4.14265
4.231525
4.2785
4.29575
4.322425
4.571725
4.61415
4.675775
4.760225
4.86705
4.8782
4.9187
67
