0.01305
0.03605
0.067225
0.186425
0.231925
0.275725
0.290075
0.3142
0.324525
0.33135
0.351625
0.3545
1.53825
1.571075
1.631075
1.71195
1.728875
1.807225
1.91645
2.033675
2.05655
2.1754
2.181075
2.20715
2.21405
2.218
2.2251
2.285725
2.300175
2.318925
2.3448
2.3771
2.414125
2.43305
2.470075
2.49145
2.525825
2.613675
2.622
2.685475
2.765475
2.8006
2.81
2.8332
2.98295
2.993175
3.215275
3.292225
3.3434
3.42555
3.483725
3.517325
3.51815
3.554325
3.630525
3.639025
3.6625
3.70145
3.7118
3.832625
3.859775
3.90915
3.914175
3.92765
3.956525
4.0202
4.030425
4.07905
4.095675
4.13695
4.202325
4.253175
4.27965
4.423675
4.46545
4.662225
4.672825
4.705875
4.7203
4.737925
4.77715
4.80305
4.810975
4.825375
4.849675
4.9749
4.995825
87
