0.000425
0.003275
0.029025
0.076325
0.128475
0.13455
0.186075
0.196875
0.230025
0.3198
0.40935
1.547925
1.621725
1.762425
1.787725
1.84955
1.85715
1.8984
1.906975
1.907825
1.92695
1.97605
1.978125
2.02345
2.024775
2.029075
2.1564
2.29355
2.366625
2.405225
2.45425
2.45435
2.55565
2.61125
2.649325
2.770925
2.84165
2.853625
2.91165
3.00845
3.0847
3.087675
3.1023
3.149175
3.21155
3.311325
3.38475
3.389825
3.3958
3.4246
3.544275
3.5709
3.6111
3.63925
3.692975
3.752525
3.764825
3.801675
3.832225
3.83415
3.8939
3.93955
4.0639
4.208075
4.209875
4.240725
4.24965
4.252325
4.481325
4.485225
4.509975
4.512325
4.527725
4.530325
4.630425
4.753025
4.77865
4.815675
4.833525
79
