0.03815
0.08295
0.09725
0.10485
0.132675
0.323575
0.336875
0.346775
0.40235
0.40295
0.408975
0.41205
0.4277
1.61645
1.7004
1.828525
1.84245
1.8481
1.8546
1.91695
2.005075
2.06655
2.13285
2.2345
2.254375
2.331075
2.4037
2.409875
2.4268
2.450575
2.552025
2.5929
2.6402
2.65255
2.68095
2.786625
2.865475
2.8676
2.908825
2.914125
3.066175
3.1579
3.16075
3.23995
3.344875
3.3712
3.3808
3.399125
3.512475
3.565025
3.59605
3.598425
3.664975
3.674275
3.794325
3.8449
3.85295
3.974325
4.076575
4.109125
4.220675
4.221725
4.324425
4.41045
4.477475
4.514275
4.601175
4.63635
4.670975
4.700275
4.7216
4.78885
4.915025
73
