0.002025
0.061125
0.115125
0.132525
0.25735
0.28405
0.384725
0.422225
0.4651
1.539725
1.552825
1.566775
1.6026
1.62305
1.699225
1.737525
1.78785
1.850075
1.900225
1.9044
1.97535
2.03155
2.07955
2.13075
2.229825
2.272125
2.31265
2.386675
2.394175
2.427425
2.64595
2.6914
2.6953
2.8447
2.93545
2.99445
3.0458
3.125975
3.133275
3.1502
3.168525
3.20445
3.217675
3.22155
3.224675
3.242725
3.339925
3.470175
3.51995
3.6319
3.782
3.81815
3.872425
3.877475
3.90455
3.940725
4.06985
4.15845
4.172225
4.25225
4.41165
4.436575
4.467825
4.4995
4.506725
4.6054
4.67905
4.68925
4.7483
4.781875
4.8114
4.873725
4.975375
73
