0.020375
0.118575
0.1556
0.1899
0.2537
0.398775
0.407775
0.41015
1.520625
1.613475
1.622225
1.6331
1.6502
1.688825
1.75745
1.766575
1.780575
1.7978
1.818125
1.862525
1.866075
1.886475
2.055275
2.060925
2.066025
2.253675
2.341225
2.4643
2.471125
2.6117
2.631525
2.756475
2.830475
2.955325
3.000525
3.084525
3.1972
3.20325
3.25015
3.264825
3.293725
3.326725
3.3876
3.4007
3.413925
3.47065
3.487725
3.49265
3.5309
3.5766
3.676475
3.747975
3.850425
3.85735
3.864075
3.94095
3.977625
4.098075
4.13455
4.293075
4.3132
4.33825
4.343725
4.3438
4.361525
4.478125
4.5219
4.6916
4.7061
4.942875
4.9478
71
