0.040975
0.0417
0.05255
0.14515
0.212725
0.2899
0.35485
0.423675
0.4253
0.434275
0.4589
1.517575
1.52265
1.53425
1.615625
1.69755
1.7094
1.750925
1.87975
1.89225
1.94465
1.97305
2.0108
2.192125
2.206475
2.2261
2.29975
2.315125
2.32305
2.34005
2.343675
2.373475
2.497475
2.53855
2.5391
2.694475
2.7234
2.801475
2.8572
2.8854
2.9289
2.989525
3.08165
3.1658
3.199875
3.3364
3.40595
3.43865
3.4991
3.50185
3.506125
3.5498
3.55735
3.607
3.70305
3.725325
3.75815
3.817475
3.867325
3.898075
3.953125
3.99785
4.087925
4.1627
4.187525
4.3217
4.3355
4.3889
4.3949
4.41425
4.507825
4.512525
4.521925
4.55765
4.6042
4.62955
4.74135
4.77955
4.84505
4.901125
4.96335
4.97255
4.98855
4.9923
84
