0.07385
0.07955
0.09325
0.19395
0.34165
0.346275
0.34835
0.369025
0.443
0.4511
1.5039
1.506725
1.537325
1.587525
1.594625
1.611125
1.6478
1.651575
1.69925
1.72035
1.763675
1.799425
1.8511
1.869175
1.90805
1.908325
1.932875
1.937575
1.947175
1.989275
2.051625
2.065525
2.1139
2.122075
2.214625
2.237225
2.2583
2.288675
2.3059
2.37375
2.4045
2.46945
2.504225
2.55
2.6163
2.622625
2.635175
2.63785
2.66195
2.711
2.7492
2.833575
2.8367
3.016025
3.02875
3.1386
3.14745
3.1638
3.216925
3.23495
3.277725
3.3025
3.41565
3.514675
3.530675
3.6811
3.690575
3.7185
3.777675
3.825275
3.910125
3.9114
3.98145
3.9936
4.0105
4.121875
4.148775
4.19395
4.2658
4.36735
4.42415
4.4379
4.5555
4.643925
4.645925
4.7472
4.76555
4.813575
4.815825
4.880825
90
