0.008575
0.09345
0.11955
0.12655
0.137175
0.222125
0.266575
0.294025
0.4725
0.48775
0.495
1.51665
1.58905
1.59325
1.666375
1.741575
1.75145
1.764475
1.9133
1.9357
1.951425
2.10105
2.10275
2.178125
2.179375
2.2301
2.23695
2.309875
2.32015
2.32665
2.327725
2.397725
2.442575
2.59395
2.640175
2.6716
2.730375
2.773875
2.8498
2.89545
2.9421
2.94725
3.01385
3.054125
3.131375
3.178675
3.183625
3.228225
3.27045
3.303975
3.309625
3.3163
3.3666
3.37405
3.381825
3.427075
3.518825
3.542
3.6093
3.6263
3.6615
3.9816
4.026475
4.2189
4.2208
4.243225
4.259925
4.310475
4.322125
4.39505
4.405975
4.476925
4.561575
4.56245
4.588275
4.670875
4.688825
4.829075
4.9752
79
