0.059175
0.071025
0.0893
0.177425
0.302275
0.30435
0.311875
0.318775
0.3746
0.4369
1.517225
1.545025
1.5865
1.635975
1.692925
1.7075
1.748825
1.7508
1.76745
1.830425
1.9611
1.99495
1.996075
2.071925
2.094475
2.1505
2.1837
2.268325
2.313775
2.325425
2.435
2.45945
2.46775
2.5294
2.529675
2.57575
2.57655
2.791525
2.822125
2.823775
2.830625
2.92415
2.93445
2.981525
3.0224
3.03185
3.1212
3.132075
3.202675
3.230275
3.284
3.286925
3.2962
3.300675
3.405775
3.477075
3.5184
3.5198
3.5672
3.580975
3.5878
3.67895
3.6957
3.754775
3.96045
3.97535
4.0008
4.009675
4.065475
4.167875
4.19325
4.2137
4.251175
4.31275
4.374375
4.402675
4.405125
4.46645
4.473
4.516075
4.542875
4.6465
4.6506
4.73655
84
