0.01265
0.036725
0.04035
0.107425
0.134175
0.212375
0.224875
0.3969
1.54625
1.705975
1.7142
1.72655
1.7437
1.76945
1.781175
1.783
1.828125
1.859825
1.865225
1.8767
1.90305
1.911875
2.00505
2.021025
2.06375
2.19805
2.2091
2.22825
2.2649
2.29505
2.36375
2.4272
2.44365
2.499875
2.502725
2.50465
2.507825
2.634775
2.66765
2.667725
2.763525
2.764425
2.981425
3.10945
3.15525
3.179075
3.2567
3.28625
3.3013
3.3655
3.455625
3.509875
3.513975
3.594875
3.6199
3.626625
3.701725
3.7858
3.8157
3.84505
3.8972
3.9248
3.953275
3.981775
4.0893
4.1059
4.1982
4.2965
4.32625
4.44865
4.50225
4.552125
4.669125
4.7032
4.8198
4.8693
4.961575
77
