0.035125
0.064125
0.077075
0.171375
0.188225
0.2207
0.224325
0.236475
0.28905
0.3019
0.3106
0.354675
0.395125
0.4311
0.466
0.4871
1.513475
1.520775
1.5251
1.75165
1.7832
1.844625
1.94985
1.9611
1.981075
2.0375
2.0378
2.040225
2.051
2.1255
2.1331
2.252325
2.276325
2.282825
2.3465
2.352475
2.54335
2.55915
2.56325
2.70795
2.733475
2.787675
2.80435
2.8268
2.87335
2.9634
2.970475
3.011425
3.183325
3.18935
3.2607
3.26195
3.3039
3.305475
3.37435
3.374575
3.38025
3.445725
3.454825
3.4988
3.521225
3.585875
3.659225
3.75925
3.761475
3.8806
3.9848
4.127025
4.1699
4.229175
4.251825
4.257575
4.284725
4.30855
4.38495
4.389025
4.40715
4.440175
4.4541
4.465275
4.6725
4.6823
4.699025
4.70515
4.735325
4.75375
4.7543
4.831575
4.925075
4.937
4.971625
4.974225
92
