0.019925
0.06595
0.092275
0.0975
0.1075
0.122625
0.1479
0.379075
1.570025
1.589375
1.59965
1.6663
1.744925
1.74725
1.75025
1.91585
2.0347
2.3238
2.385125
2.4439
2.45575
2.46235
2.466175
2.603825
2.61255
2.6759
2.71085
2.818575
2.870025
2.879525
2.95695
3.033775
3.041925
3.058375
3.151
3.1544
3.17445
3.2152
3.235525
3.238075
3.2512
3.2763
3.3928
3.5364
3.5526
3.56385
3.5711
3.57545
3.57715
3.59765
3.676225
3.74205
3.77605
3.804525
3.82225
3.866775
3.871675
3.880125
3.913525
3.933725
3.9543
3.9619
4.0437
4.25655
4.40205
4.41695
4.430225
4.4798
4.533075
4.560375
4.572725
4.684225
4.7319
4.910475
4.92105
4.95705
4.96545
77
