0.064475
0.106225
0.106425
0.22305
0.24735
0.2641
0.286725
0.2903
0.292525
0.365475
0.3953
0.407975
0.422075
1.603725
1.614
1.643175
1.64605
1.725725
1.80385
1.889175
1.932775
1.96305
1.99215
2.026475
2.045025
2.161025
2.2518
2.27145
2.300575
2.30265
2.34135
2.4287
2.442325
2.56025
2.58625
2.609
2.742175
2.8478
2.866175
2.966125
2.968125
3.03735
3.07955
3.1786
3.216225
3.28275
3.286475
3.319875
3.3621
3.36755
3.403425
3.528875
3.633075
3.693
3.714475
3.732825
3.81035
3.842175
3.8913
4.01725
4.0746
4.101525
4.13725
4.208275
4.259825
4.2836
4.4056
4.43575
4.45995
4.467475
4.496775
4.513275
4.615775
4.762025
4.7812
4.817975
4.8406
4.97825
4.991125
79
