0.000475
0.003225
0.03715
0.04515
0.0513
0.14435
0.23605
0.291525
0.37305
0.377275
0.415675
0.42485
0.4282
0.450825
0.467775
1.550125
1.6005
1.636825
1.6448
1.894675
1.8991
1.9116
1.973225
1.9777
1.987275
1.99335
2.048925
2.12395
2.152575
2.30175
2.309625
2.3356
2.418825
2.45995
2.501525
2.646625
2.693075
2.716075
2.73505
2.77115
2.77815
2.840175
2.87295
3.060275
3.1354
3.142
3.150725
3.200775
3.238725
3.358475
3.469175
3.55
3.583475
3.667825
3.70145
3.742425
3.788125
3.8032
3.900325
3.98915
4.025675
4.0685
4.2125
4.2298
4.29685
4.3253
4.328375
4.331775
4.38865
4.490825
4.57035
4.592525
4.653625
4.65855
4.67345
4.770875
4.822075
4.9455
4.99915
79
