0.029625
0.100875
0.1054
0.117375
0.134675
0.23015
0.242125
0.255825
0.422075
0.450075
1.5076
1.54645
1.853825
1.8609
1.86365
1.86505
2.023775
2.059775
2.086425
2.19645
2.38395
2.3989
2.425525
2.4501
2.471375
2.475225
2.565925
2.6729
2.701125
2.717975
2.86065
2.91425
2.93415
2.954425
2.963325
3.001925
3.011925
3.056875
3.0794
3.14435
3.204575
3.282675
3.3568
3.380475
3.54725
3.608425
3.810775
3.972825
4.0441
4.0521
4.103625
4.1061
4.125575
4.170475
4.175775
4.25595
4.265325
4.488375
4.49685
4.51185
4.536925
4.538225
4.6096
4.61735
4.706175
4.7627
4.88065
4.9074
4.910775
4.9683
70
