0.027375
0.058
0.0685
0.08705
0.2089
0.235825
0.305675
0.351925
0.38385
0.45195
0.465175
1.5746
1.588575
1.67995
1.8458
1.879125
1.99295
2.227425
2.378575
2.383875
2.45045
2.4866
2.498225
2.600525
2.756375
2.870575
2.8793
2.9566
3.019025
3.24875
3.2558
3.289775
3.308175
3.319475
3.42055
3.47535
3.497825
3.59835
3.658475
3.733275
3.7355
3.75655
3.76725
3.78095
3.7915
3.869275
4.02465
4.0689
4.156725
4.16725
4.174125
4.23135
4.267875
4.2898
4.5398
4.62165
4.657875
4.7422
4.800225
4.80575
4.808125
4.850575
4.878075
4.888475
64
