0.01885
0.087425
0.198475
0.279325
0.2835
0.332325
0.420275
0.4567
0.459275
1.596125
1.597775
1.6205
1.76835
1.827825
1.85885
1.9617
2.051325
2.09225
2.141725
2.287225
2.35935
2.365475
2.371775
2.437825
2.44055
2.551275
2.55515
2.636875
2.699725
2.716825
2.722725
2.732525
2.7339
2.78955
2.843325
2.9631
3.195575
3.225775
3.235375
3.246675
3.397825
3.441725
3.4557
3.45945
3.49305
3.518075
3.562925
3.671
3.689175
3.712725
3.7263
3.81945
3.868575
4.0437
4.07755
4.078975
4.136325
4.153375
4.175575
4.191175
4.2055
4.223875
4.245375
4.258325
4.28065
4.384975
4.41185
4.42425
4.535825
4.54175
4.545675
4.605775
4.646475
4.65275
4.6776
4.710825
4.81465
4.818025
4.8304
4.991675
80
