0.03675
0.0576
0.10145
0.134975
0.186325
0.192825
0.3774
0.3818
0.4061
0.4075
0.4465
1.5695
1.633625
1.641
1.6673
1.680925
1.832925
1.89415
1.992025
2.034325
2.170625
2.263325
2.30055
2.325825
2.34535
2.35835
2.3826
2.595
2.597025
2.635
2.63665
2.646025
2.740825
2.76905
2.76995
2.80055
2.82915
2.831125
2.842875
2.852325
2.8557
2.86415
2.89735
2.985925
3.076175
3.10265
3.111075
3.168175
3.1849
3.195225
3.218875
3.22845
3.28215
3.29395
3.323775
3.327375
3.330525
3.36945
3.377
3.3977
3.40255
3.42115
3.5073
3.57635
3.721
3.87195
3.9201
3.963725
3.9724
3.985175
4.027825
4.0542
4.1151
4.125275
4.3995
4.460725
4.58565
4.623125
4.666975
4.764775
4.8456
4.873625
4.87615
4.907525
4.940825
4.953825
4.981075
4.997475
88
