0.0022
0.0094
0.1752
0.19425
0.267875
0.331225
0.359675
0.3619
0.439875
0.471425
1.5753
1.587525
1.600625
1.619875
1.71875
1.73585
1.738325
1.836725
1.844675
1.95215
1.953425
2.0396
2.059325
2.0622
2.064975
2.077725
2.1023
2.114325
2.125075
2.19665
2.240525
2.2963
2.726125
2.772325
3.008975
3.026275
3.0349
3.092475
3.183525
3.229825
3.24405
3.249025
3.34215
3.34815
3.3484
3.36245
3.36825
3.37205
3.383675
3.47285
3.47355
3.47975
3.5515
3.553525
3.61435
3.6236
3.638825
3.734025
3.774175
3.822575
3.8244
3.827275
3.8517
3.880575
3.89085
4.010525
4.132125
4.13805
4.15725
4.171975
4.27755
4.308125
4.3461
4.408325
4.490075
4.53875
4.588875
4.62125
4.650075
4.712525
4.738625
4.7545
4.89195
4.909875
4.912025
4.924225
4.93825
4.969125
4.9958
89
