0.0234
0.034
0.06315
0.081025
0.1235
0.291275
0.324025
0.37995
0.421725
1.577875
1.686575
1.755125
1.757225
1.888675
1.897175
2.0071
2.074575
2.19655
2.29125
2.3205
2.340875
2.40075
2.4152
2.4592
2.46415
2.508525
2.537525
2.560875
2.579725
2.701875
2.850925
2.8884
2.913725
2.98565
3.004025
3.021275
3.12945
3.2781
3.283425
3.347375
3.355525
3.407875
3.551025
3.5687
3.628525
3.666075
3.672075
3.740525
3.761375
3.77415
3.784
3.845475
3.860375
3.89145
3.939075
3.95445
3.9593
3.9627
3.976675
3.9997
4.0262
4.208025
4.23925
4.319375
4.384225
4.391425
4.420125
4.429475
4.579475
4.72575
4.7384
4.760025
4.786725
4.84635
4.8935
4.938425
76
