0.0295
0.0303
0.043975
0.0691
0.131425
0.194525
0.28165
0.3175
0.45435
0.4923
1.5118
1.526225
1.551875
1.558475
1.580775
1.631175
1.696925
1.723125
1.733925
1.90465
1.942125
1.94575
2.043
2.0431
2.27365
2.283
2.286
2.333375
2.3468
2.402575
2.4372
2.4922
2.5148
2.63755
2.6452
2.6768
2.914825
2.9419
2.996275
3.009375
3.093575
3.21615
3.233425
3.2497
3.291
3.320275
3.43395
3.491975
3.519375
3.589525
3.63785
3.646925
3.6506
3.70945
3.768425
3.92035
3.936
4.22085
4.264075
4.293925
4.34385
4.3654
4.3723
4.483775
4.508375
4.61985
4.6216
4.715725
4.82185
4.94695
70
