0.015675
0.1028
0.1805
0.213125
0.25815
0.313675
0.328
0.3551
1.5774
1.605925
1.7892
1.949825
2.00355
2.013275
2.030075
2.041875
2.0448
2.057125
2.070625
2.1171
2.245075
2.24675
2.40785
2.45965
2.4663
2.50635
2.545825
2.56185
2.6365
2.74555
2.906925
2.92595
2.9912
2.996225
3.030225
3.14185
3.17515
3.226
3.261575
3.27475
3.4323
3.4337
3.677575
3.749075
3.769225
3.873675
3.915775
3.9591
3.9744
4.02855
4.035875
4.036575
4.106375
4.1265
4.13745
4.146025
4.14615
4.15665
4.22485
4.26595
4.278375
4.32815
4.344725
4.372225
4.390775
4.4264
4.460075
4.56845
4.790825
4.88075
4.9185
71
