0.060475
0.1338
0.15425
0.192675
0.194625
0.206025
0.209675
0.28145
1.52695
1.5835
1.623925
1.73055
1.781325
1.78155
1.847575
1.85305
1.855775
1.86175
1.891975
1.905575
1.983125
1.9973
2.04265
2.1057
2.112475
2.12135
2.128475
2.169
2.226225
2.273375
2.46645
2.473125
2.49635
2.665375
2.8006
2.836975
2.957075
3.136175
3.154075
3.1562
3.2337
3.26275
3.3001
3.319325
3.32435
3.384675
3.438175
3.4623
3.473675
3.6525
3.6633
3.727525
3.743025
3.75475
3.813975
3.87565
3.938125
4.008125
4.019725
4.137875
4.195975
4.208775
4.25065
4.315575
4.317175
4.334975
4.4742
4.492125
4.51595
4.53735
4.61675
4.644925
4.647975
4.73655
4.763925
4.8648
4.88595
4.96715
78
