1.03065
1.04975
1.066925
1.076475
1.082675
1.100175
1.141125
1.143425
1.153325
1.171775
1.1751
1.1899
1.200075
1.2087
1.21455
1.262725
1.278175
1.28245
1.3022
1.3258
1.331225
1.35695
1.37555
1.382225
1.402175
1.413875
1.424375
1.4799
1.492025
1.492125
1.542275
1.55015
1.554175
1.56015
1.571275
1.5936
1.5969
1.60165
1.62595
1.63615
1.64335
1.6456
1.679575
1.6865
1.689025
1.70425
1.7282
1.735375
1.74005
1.7457
1.746825
1.77205
1.7821
1.7838
1.803075
1.820525
1.822025
1.822825
1.82705
1.8336
1.84325
1.883275
1.892075
1.9217
1.92355
1.924475
1.94765
1.954025
1.956
1.9621
1.976475
1.980775
1.982075
2.04005
2.0423
2.1366
2.13665
2.1474
2.16485
2.189975
2.237225
2.252825
2.275825
2.32495
2.346275
2.34955
2.3509
2.386375
2.392775
2.433375
2.45965
2.4873
2.5242
2.534725
2.5758
2.583175
2.5968
2.66485
2.685625
2.693475
2.7138
2.732425
2.7515
2.762025
2.77415
2.81025
2.823475
2.85005
2.850825
2.86375
2.924375
2.962775
2.97135
2.985025
2.985875
3.01815
3.02395
3.02595
3.049925
3.098075
3.109525
3.1125
3.1195
3.124225
3.14425
3.1584
3.175125
3.180025
3.185
3.1896
3.22595
3.24305
3.2553
3.2626
3.274775
3.296125
3.3122
3.335475
3.356425
3.3632
3.375975
3.387125
3.420825
3.44885
3.4732
3.4927
3.504975
3.54535
3.560375
3.576675
3.6007
3.601
3.60755
3.612375
3.622125
3.646475
3.64845
3.652125
3.65495
3.671775
3.706425
3.747675
3.76045
3.8048
3.822825
3.8341
3.850725
3.89355
3.908725
3.924975
3.96545
3.990175
3.99195
3.9923
3.992775
3.99865
4.0042
4.0448
4.0544
4.05515
4.06545
4.068575
4.1045
4.1064
4.116425
4.148275
4.169625
4.176175
4.18555
4.216925
4.2488
4.283125
4.2884
4.29775
4.3007
4.332525
4.344075
4.350725
4.36595
4.376375
4.387225
4.4036
4.412325
4.444975
4.458625
4.493125
4.51405
4.5236
4.537775
4.573425
4.589325
4.59645
4.60075
4.6047
4.617575
4.62675
4.65805
4.66895
4.6793
4.700925
4.72705
4.732
4.73855
4.7564
4.77105
4.79265
4.79335
4.8097
4.8331
4.841
4.86125
4.86615
4.867125
4.963325
4.996075
5.0081
5.013125
5.08065
5.0971
5.136375
5.17725
5.196475
5.209275
5.218425
5.227875
5.262375
5.2782
5.285025
5.294475
5.31995
5.3304
5.333975
5.400275
5.4155
5.418425
5.4242
5.42605
5.4433
5.4737
5.4894
5.4905
5.5002
5.52035
5.520375
5.522425
5.53305
5.540025
5.54615
5.6057
5.612825
5.61985
5.637375
5.637775
5.637825
5.64195
5.64995
5.6929
5.71035
5.717575
5.7185
5.73645
5.7412
5.748125
5.8019
5.847275
5.856825
5.86255
5.8629
5.8647
5.882825
5.924425
5.946825
5.960575
5.974975
6.022675
6.0275
6.040475
6.044875
6.114775
6.11565
6.11895
6.146475
6.15705
6.20455
6.24665
6.2517
6.256425
6.268075
6.296375
6.302975
6.30935
6.322525
6.3509
6.3625
6.370775
6.374975
6.405775
6.40945
6.46845
6.4889
6.494225
6.498575
6.54355
6.543675
6.559025
6.567
6.578125
6.587475
6.5911
6.607475
6.61215
6.615075
6.631225
6.657075
6.6616
6.729925
6.771225
6.78125
6.782075
6.817175
6.85825
6.871775
6.882325
6.884825
6.899575
6.905075
6.91945
6.9238
6.937475
6.94315
6.964125
6.986925
6.988575
7.00615
7.014325
7.018
7.069375
7.08445
7.093375
7.1158
7.117725
7.154475
7.1609
7.1724
7.206625
7.2304
7.26185
7.304425
7.31765
7.3253
7.3265
7.334125
7.362425
7.3817
7.39195
7.39625
7.396825
7.400275
7.401575
7.445075
7.489375
7.527
7.56275
7.56755
7.572075
7.59405
7.60085
7.63275
7.698175
7.75675
7.76145
7.76855
7.8017
7.80955
7.83615
7.84015
7.842125
7.8436
7.85285
7.858925
7.87185
7.8869
7.88995
7.90225
7.9097
7.9248
7.995575
8.00355
8.0282
8.041025
8.04165
8.0707
8.071675
8.07295
8.077825
8.104675
8.113
8.14545
8.151725
8.15765
8.16925
8.187675
8.219375
8.22395
8.2317
8.2377
8.248925
8.252525
8.2764
8.28865
8.30395
8.323875
8.351
8.357875
8.39685
8.400025
8.403225
8.430725
8.478625
8.514825
8.5331
8.5547
8.616375
8.6402
8.678525
8.71815
8.7314
8.73165
8.7903
8.7931
8.793525
8.81945
8.842475
8.852375
8.8732
8.903975
8.90855
8.9181
8.926975
8.944725
8.960975
8.972425
8.99505
9.0066
9.02215
9.03655
9.03675
9.0424
9.044075
9.0631
9.06845
9.068825
9.0735
9.07665
9.081325
9.121275
9.1294
9.141175
9.152825
9.155725
9.172625
9.2711
9.30515
9.30965
9.315375
9.3229
9.331825
9.3341
9.346375
9.350875
9.3909
9.39505
9.4348
9.45845
9.4731
9.499275
9.51815
9.54055
9.5425
9.5484
9.55145
9.553375
9.56535
9.572675
9.57475
9.60325
9.604375
9.6439
9.6522
9.66915
9.6969
9.703025
9.708525
9.71375
9.778275
9.79695
9.800125
9.810675
9.8607
9.904025
9.919575
9.926225
9.92935
9.946075
9.952975
525
