1.024075
1.03975
1.04075
1.0872
1.1052
1.1443
1.153175
1.17575
1.18795
1.2127
1.2153
1.225925
1.250325
1.2709
1.272625
1.277375
1.29045
1.290825
1.328075
1.337575
1.34375
1.348675
1.371275
1.37735
1.3845
1.4038
1.43265
1.44665
1.449025
1.45675
1.4602
1.4723
1.48035
1.4826
1.4916
1.510525
1.52085
1.54225
1.5556
1.5578
1.563925
1.57105
1.588975
1.609
1.62305
1.63135
1.642125
1.653425
1.675725
1.684275
1.719625
1.7568
1.76985
1.81835
1.837325
1.858825
1.885275
1.929675
1.93335
1.9339
1.937575
1.974875
1.990075
1.9901
2.0003
2.009775
2.0222
2.037375
2.04615
2.0664
2.1065
2.12085
2.1555
2.169325
2.17725
2.20315
2.205025
2.2174
2.2293
2.250925
2.261125
2.265425
2.2718
2.271825
2.280325
2.281875
2.29735
2.30545
2.329325
2.3504
2.437075
2.443925
2.453325
2.475675
2.4807
2.52155
2.533075
2.5627
2.562725
2.563325
2.570275
2.58275
2.5864
2.62785
2.6445
2.6527
2.670575
2.67595
2.6764
2.6837
2.688275
2.693675
2.736475
2.75525
2.813775
2.822225
2.850525
2.86065
2.8617
2.883375
2.908025
2.91025
2.932425
2.93365
2.954225
2.964075
2.96555
3.000775
3.012675
3.0337
3.078275
3.101825
3.1129
3.1194
3.15355
3.154975
3.15655
3.179325
3.192475
3.19695
3.226875
3.2382
3.240975
3.2581
3.2804
3.283825
3.301925
3.331475
3.3507
3.35885
3.365475
3.3696
3.37075
3.381
3.392075
3.39695
3.432325
3.463475
3.4647
3.4827
3.503325
3.5051
3.5073
3.518625
3.528
3.52875
3.580775
3.58275
3.5839
3.595525
3.602825
3.612525
3.615925
3.640075
3.659025
3.701375
3.71995
3.741725
3.7487
3.751275
3.760025
3.7874
3.794625
3.802325
3.80815
3.8313
3.8356
3.843825
3.857475
3.872675
3.949625
3.972
3.97735
4.037475
4.047
4.062325
4.0655
4.070975
4.095925
4.103675
4.12085
4.126575
4.139125
4.1822
4.200175
4.2175
4.22745
4.23705
4.246725
4.2687
4.277725
4.280725
4.285325
4.2933
4.316225
4.3208
4.321575
4.323625
4.34095
4.34145
4.355675
4.368025
4.372375
4.396875
4.4133
4.433625
4.438225
4.48385
4.49215
4.52195
4.524025
4.548925
4.562875
4.5743
4.57805
4.578325
4.5832
4.6166
4.616725
4.625925
4.6349
4.656675
4.659175
4.674625
4.70585
4.7338
4.780175
4.7976
4.8212
4.822325
4.828875
4.838875
4.85275
4.866925
4.8922
4.899625
4.904
4.913525
4.9199
4.93055
4.970075
4.991
4.99185
4.9928
4.997525
5.00875
5.0319
5.03245
5.067
5.071275
5.078925
5.086175
5.1454
5.15025
5.1556
5.206175
5.221275
5.2225
5.23185
5.27195
5.27845
5.28925
5.3552
5.372675
5.412325
5.41975
5.459075
5.4757
5.4907
5.499725
5.5244
5.532275
5.570725
5.580475
5.593075
5.612225
5.68415
5.696775
5.706825
5.717125
5.7657
5.786925
5.811825
5.8437
5.859975
5.86945
5.875975
5.877125
5.887325
5.90675
5.92235
5.98425
5.9886
5.98865
5.98895
5.99795
6.00675
6.00835
6.011625
6.014375
6.02205
6.032575
6.080025
6.087875
6.08935
6.09245
6.1302
6.141075
6.160275
6.17935
6.181775
6.198925
6.20115
6.253775
6.27
6.314425
6.3936
6.40815
6.43125
6.4331
6.434325
6.4727
6.5173
6.517725
6.52325
6.5268
6.543525
6.545175
6.59395
6.62295
6.63515
6.639125
6.642725
6.64415
6.7001
6.710975
6.73445
6.738925
6.74805
6.79665
6.818525
6.83565
6.8377
6.8442
6.850475
6.860975
6.87625
6.89035
6.8948
6.909675
6.92275
6.98655
7.03065
7.04455
7.08285
7.113075
7.160575
7.191475
7.21635
7.21785
7.230325
7.2456
7.245625
7.276525
7.2822
7.289625
7.33285
7.36345
7.392275
7.405075
7.462925
7.485025
7.49135
7.50705
7.513975
7.5201
7.544075
7.59065
7.62995
7.63385
7.674725
7.699475
7.7091
7.750025
7.759325
7.766925
7.77565
7.83825
7.84535
7.846025
7.855025
7.905425
7.9375
7.939075
7.958725
8.002375
8.028075
8.032675
8.042725
8.047125
8.04855
8.06395
8.077125
8.09445
8.103125
8.1049
8.128225
8.129425
8.142275
8.196
8.2134
8.235525
8.2686
8.269025
8.276475
8.288725
8.291
8.3384
8.393225
8.43055
8.441325
8.46355
8.467125
8.470025
8.48305
8.4867
8.530875
8.60075
8.608925
8.649475
8.6762
8.680725
8.69535
8.696525
8.739275
8.740025
8.767975
8.82895
8.83785
8.865625
8.869225
8.93775
8.938525
8.95535
8.959375
8.9609
8.980425
9.047175
9.079675
9.079775
9.085875
9.089675
9.1026
9.111175
9.1116
9.148975
9.17675
9.1851
9.27895
9.27945
9.318775
9.352925
9.371975
9.372325
9.40265
9.406225
9.410775
9.442375
9.444725
9.474825
9.47875
9.48955
9.5211
9.56955
9.603975
9.618775
9.637375
9.684125
9.689375
9.7206
9.740725
9.757925
9.784175
9.812875
9.826675
9.83305
9.834525
9.865825
9.867775
9.881825
9.90185
9.902875
9.9369
9.948275
9.953325
9.95435
9.97115
9.9866
9.993225
9.999325
520
