1.011325
1.015525
1.029325
1.0672
1.08275
1.093275
1.102175
1.108325
1.109225
1.1197
1.136625
1.1681
1.192625
1.20245
1.206
1.2127
1.224325
1.231925
1.252925
1.262525
1.288
1.291575
1.2923
1.2947
1.319
1.324425
1.330275
1.334925
1.337475
1.342275
1.35305
1.35705
1.36155
1.384825
1.39015
1.408375
1.408925
1.415125
1.45955
1.47175
1.482225
1.50175
1.514275
1.52015
1.535725
1.537025
1.537775
1.567325
1.596675
1.624275
1.627525
1.650125
1.661175
1.690175
1.6906
1.69125
1.7186
1.723825
1.724575
1.737475
1.753175
1.771625
1.782625
1.784825
1.804525
1.8073
1.811
1.81445
1.831175
1.873975
1.881975
1.886575
1.9164
1.957425
1.9604
1.97055
1.9819
2.0092
2.01715
2.039325
2.04675
2.05905
2.0965
2.10975
2.133825
2.134175
2.145775
2.150025
2.151575
2.20455
2.236525
2.247625
2.249525
2.264
2.26585
2.294875
2.302925
2.305475
2.30655
2.3082
2.341025
2.3446
2.377325
2.37735
2.39115
2.3936
2.4225
2.495675
2.4978
2.5079
2.52805
2.529975
2.534075
2.57715
2.580325
2.6236
2.6962
2.719375
2.7398
2.7718
2.792025
2.850375
2.8523
2.872675
2.892375
2.899175
2.916725
2.928525
2.941175
2.96035
2.9617
2.968975
2.990575
3.004425
3.02335
3.052875
3.0575
3.063275
3.075725
3.08225
3.1134
3.158375
3.169875
3.172225
3.187
3.1931
3.197625
3.214125
3.22915
3.24435
3.289775
3.29705
3.3206
3.32425
3.35455
3.36645
3.378025
3.38715
3.392675
3.4039
3.406075
3.436225
3.437875
3.475625
3.4765
3.476825
3.47705
3.490575
3.501175
3.5072
3.532
3.559275
3.58525
3.59455
3.6436
3.6497
3.658225
3.6777
3.735975
3.7386
3.7747
3.778375
3.822725
3.868125
3.882225
3.90715
3.948575
3.948775
3.9546
3.985175
3.9922
4.013475
4.01665
4.02275
4.046425
4.0922
4.110575
4.140525
4.181775
4.1925
4.194275
4.19445
4.2017
4.211425
4.218575
4.22485
4.28605
4.301925
4.3039
4.343
4.348875
4.3519
4.40975
4.41155
4.4141
4.420875
4.440375
4.441325
4.453775
4.4563
4.4581
4.48085
4.488825
4.5041
4.5061
4.597975
4.61005
4.6242
4.6458
4.64755
4.651
4.670125
4.6873
4.717475
4.759525
4.761575
4.77305
4.7783
4.81885
4.82185
4.8246
4.82545
4.84015
4.8748
4.879325
4.8998
4.908075
4.934425
4.964375
5.00565
5.0474
5.067925
5.071075
5.1084
5.12965
5.14045
5.1451
5.15205
5.187875
5.193025
5.2193
5.2334
5.242375
5.24325
5.264875
5.26635
5.26925
5.280975
5.28565
5.289075
5.3046
5.313925
5.316825
5.35305
5.36485
5.38315
5.4003
5.409825
5.412425
5.43165
5.443825
5.47475
5.482975
5.492125
5.53085
5.531175
5.5865
5.58685
5.588225
5.5941
5.603125
5.6094
5.6403
5.64295
5.644675
5.651
5.679575
5.7151
5.720575
5.748325
5.752175
5.7588
5.782825
5.848025
5.8728
5.908025
5.918225
5.949475
5.965625
5.98075
6.05
6.0529
6.062225
6.13715
6.15675
6.159125
6.177075
6.190475
6.19745
6.249175
6.269575
6.3123
6.3217
6.3599
6.372525
6.412875
6.42685
6.461375
6.471775
6.510075
6.521275
6.535775
6.551675
6.60055
6.60265
6.63515
6.662225
6.668025
6.6731
6.687125
6.7167
6.751325
6.77215
6.772675
6.8088
6.81365
6.838475
6.859675
6.861225
6.89295
6.91655
6.927725
6.9374
6.954625
6.95565
6.962575
6.96425
6.969525
6.97355
7.036
7.077625
7.100925
7.10395
7.118225
7.238125
7.2649
7.306675
7.329925
7.3493
7.355725
7.3601
7.364975
7.3881
7.388325
7.390775
7.427525
7.43135
7.444575
7.44545
7.4462
7.446675
7.46965
7.469825
7.4957
7.5052
7.512875
7.51765
7.530175
7.5596
7.564175
7.57075
7.574725
7.609725
7.744225
7.759275
7.81505
7.8283
7.842275
7.842325
7.851375
7.8722
7.873275
7.881925
7.910575
7.93565
7.9408
7.95305
7.957475
7.978375
7.99095
8.0155
8.0489
8.05765
8.0637
8.081725
8.10725
8.112225
8.140825
8.15775
8.1709
8.17915
8.19015
8.225125
8.231775
8.24055
8.279475
8.31565
8.3249
8.335075
8.353375
8.36045
8.362175
8.368625
8.382875
8.384675
8.3913
8.391725
8.4146
8.42595
8.428075
8.447475
8.468725
8.47185
8.52545
8.529725
8.53965
8.555025
8.561425
8.59405
8.6132
8.6374
8.6785
8.692725
8.705725
8.727925
8.72895
8.735775
8.74365
8.750475
8.751175
8.755675
8.810225
8.84925
8.87585
8.914575
8.929175
8.938475
8.9462
8.9659
8.971275
8.98695
8.98705
9.010425
9.02025
9.0288
9.044225
9.070325
9.091925
9.13735
9.14675
9.14805
9.163975
9.18505
9.189325
9.221575
9.23175
9.232775
9.23485
9.2426
9.244175
9.2457
9.2669
9.2783
9.3144
9.321475
9.3219
9.351575
9.3764
9.37765
9.41035
9.4131
9.430875
9.4338
9.449775
9.453525
9.475375
9.492875
9.508775
9.5183
9.521675
9.528625
9.571925
9.5754
9.581375
9.5936
9.596725
9.650575
9.665225
9.665875
9.716025
9.71825
9.734
9.7396
9.748975
9.797575
9.80725
9.81975
9.855775
9.8749
9.877775
9.884325
9.89885
9.979
9.9862
9.997825
535
