1.0665
1.067325
1.071475
1.0722
1.077375
1.093925
1.094325
1.112925
1.116775
1.12265
1.138025
1.167625
1.178525
1.197875
1.21645
1.2173
1.246025
1.25265
1.252975
1.256375
1.256925
1.274725
1.292775
1.30965
1.339575
1.3458
1.3491
1.353325
1.367775
1.37695
1.37845
1.386325
1.388425
1.404575
1.448075
1.47745
1.486525
1.497
1.509875
1.52615
1.529
1.53145
1.581425
1.58645
1.59225
1.60455
1.622225
1.6225
1.638225
1.638625
1.65935
1.70995
1.735675
1.77265
1.8123
1.826875
1.8843
1.886025
1.9253
1.927675
1.9484
1.984475
2.001425
2.0045
2.011625
2.020975
2.080075
2.084725
2.11325
2.1217
2.149925
2.2149
2.244525
2.246175
2.267425
2.27535
2.3065
2.331475
2.332475
2.355425
2.406125
2.409475
2.42585
2.4295
2.4932
2.52205
2.523025
2.532575
2.5421
2.550075
2.594975
2.671725
2.679475
2.7311
2.741525
2.762275
2.7646
2.764825
2.791425
2.800275
2.802975
2.805225
2.846775
2.86255
2.867825
2.869325
2.89245
2.954425
2.97145
2.9896
3.056825
3.063375
3.0689
3.075975
3.08075
3.0811
3.1041
3.114175
3.1211
3.123225
3.139675
3.15
3.150475
3.16455
3.175725
3.1939
3.225025
3.241325
3.2418
3.242925
3.251075
3.263775
3.28445
3.297025
3.33905
3.347725
3.3505
3.367625
3.393575
3.401175
3.405325
3.416875
3.421025
3.42385
3.426525
3.449725
3.4682
3.469625
3.47345
3.474925
3.4784
3.49605
3.504725
3.533225
3.533475
3.5414
3.554
3.57825
3.583575
3.6013
3.6119
3.618125
3.63515
3.672875
3.686375
3.68955
3.691325
3.708825
3.70965
3.720725
3.739125
3.758275
3.773125
3.796525
3.800725
3.80125
3.8126
3.839
3.85445
3.860925
3.89635
3.90975
3.915375
3.9233
3.94145
3.942775
3.94775
3.94835
3.968975
3.99235
3.99985
4.008175
4.026075
4.056325
4.057825
4.0635
4.07185
4.0771
4.078925
4.0948
4.102475
4.105225
4.1198
4.131275
4.1491
4.1762
4.195525
4.269775
4.2946
4.296375
4.332275
4.33705
4.343975
4.367075
4.429
4.43155
4.44955
4.468425
4.468725
4.47325
4.473325
4.4743
4.5112
4.5261
4.5387
4.567525
4.5696
4.5813
4.59355
4.59605
4.62535
4.62665
4.636075
4.65595
4.672925
4.679425
4.68235
4.7009
4.747925
4.75095
4.755375
4.76395
4.79575
4.818425
4.819975
4.834075
4.8704
4.873075
4.880425
4.88115
4.895975
4.911175
4.919175
4.965825
4.977
5.012825
5.0173
5.032075
5.046875
5.0898
5.089925
5.097225
5.108575
5.119725
5.13765
5.16165
5.186725
5.19365
5.21445
5.224525
5.248725
5.266725
5.308075
5.309375
5.3157
5.38785
5.39535
5.397225
5.410775
5.41455
5.446575
5.522875
5.52305
5.54625
5.558425
5.574775
5.576275
5.611425
5.617825
5.654725
5.66015
5.668225
5.694325
5.71955
5.74405
5.776975
5.7827
5.829225
5.8688
5.87145
5.88395
5.915025
5.93685
5.944875
6.004425
6.03085
6.039725
6.042525
6.04445
6.063325
6.08535
6.1094
6.17575
6.251425
6.3096
6.3199
6.356825
6.3856
6.394425
6.4142
6.41575
6.432425
6.486125
6.499275
6.505025
6.50655
6.563675
6.58425
6.584275
6.58905
6.58975
6.590025
6.591325
6.6201
6.6475
6.6823
6.696875
6.707875
6.76325
6.7726
6.7951
6.802
6.8147
6.89715
6.916275
6.91975
6.969275
6.986425
7.028975
7.04045
7.048825
7.06565
7.071275
7.121625
7.14045
7.159725
7.166
7.180975
7.205175
7.20875
7.22845
7.244225
7.2448
7.252
7.25415
7.273375
7.2893
7.3382
7.340975
7.3661
7.38485
7.422425
7.438925
7.454875
7.4758
7.47595
7.4763
7.48445
7.4861
7.530525
7.55935
7.568225
7.5703
7.59005
7.601875
7.624975
7.640025
7.642375
7.6453
7.6489
7.6515
7.65605
7.664375
7.67135
7.703325
7.7055
7.715525
7.71685
7.7484
7.78745
7.80365
7.803775
7.808175
7.82305
7.8546
7.88215
7.91265
7.929225
7.94465
7.95905
7.9703
7.973075
7.975625
7.984175
8.030975
8.03385
8.078325
8.079475
8.084325
8.086825
8.0948
8.0949
8.107025
8.109275
8.1128
8.180525
8.193525
8.256925
8.259075
8.261025
8.31685
8.343225
8.344175
8.379275
8.394525
8.431975
8.4408
8.445525
8.4552
8.47795
8.49745
8.502575
8.506175
8.507725
8.514125
8.52275
8.525725
8.57585
8.5907
8.597075
8.61405
8.629825
8.632025
8.6759
8.680925
8.69165
8.701
8.76255
8.77285
8.776925
8.7811
8.7907
8.790725
8.81005
8.813175
8.857025
8.87405
8.877125
8.910325
8.912425
8.923675
8.930275
8.975075
8.98165
9.010925
9.02595
9.030625
9.0621
9.074825
9.076725
9.089275
9.1019
9.121675
9.128575
9.134975
9.154275
9.162075
9.171375
9.17405
9.2199
9.22565
9.235075
9.2445
9.251875
9.2531
9.260575
9.285975
9.295075
9.296625
9.305475
9.327
9.33515
9.36285
9.372325
9.37375
9.38365
9.417175
9.425225
9.42945
9.444625
9.465625
9.483025
9.50515
9.50975
9.510925
9.52745
9.528375
9.531125
9.58065
9.632475
9.6334
9.63435
9.642375
9.675475
9.688525
9.689875
9.718375
9.719325
9.733825
9.769075
9.77545
9.77555
9.789275
9.797075
9.799725
9.811475
9.8343
9.8551
9.884525
9.923225
9.931125
9.953525
9.9703
9.976425
9.994075
9.997275
546
