1.0116
1.0147
1.032725
1.0366
1.04405
1.0744
1.09165
1.097475
1.10385
1.14235
1.18755
1.195275
1.210125
1.210775
1.216425
1.21755
1.2194
1.2257
1.252325
1.253975
1.279475
1.290125
1.295225
1.300825
1.342225
1.380625
1.390675
1.45535
1.4627
1.46375
1.4832
1.48485
1.4926
1.512875
1.5229
1.532875
1.5357
1.564775
1.570425
1.606625
1.66965
1.6723
1.6873
1.699975
1.7416
1.7634
1.7677
1.7762
1.8076
1.82955
1.830125
1.830275
1.831975
1.83435
1.85065
1.8627
1.948025
1.953125
1.982325
1.9853
1.993975
2.026275
2.046
2.051125
2.057325
2.063325
2.0695
2.0803
2.140225
2.14235
2.1574
2.183475
2.18525
2.2557
2.2767
2.28955
2.29155
2.33185
2.3433
2.343375
2.3696
2.3803
2.40145
2.4116
2.432775
2.43735
2.441925
2.4972
2.502625
2.504225
2.55855
2.559
2.5646
2.590025
2.638925
2.641125
2.6672
2.68195
2.684525
2.706
2.7204
2.77955
2.786675
2.80845
2.814625
2.824575
2.83655
2.86265
2.893625
2.933625
2.985625
3.0022
3.01555
3.01965
3.07995
3.08935
3.097075
3.116125
3.16695
3.172525
3.1863
3.1891
3.193675
3.1951
3.1984
3.225475
3.2291
3.230425
3.233
3.275975
3.287475
3.296225
3.301675
3.305
3.3087
3.309725
3.333325
3.35555
3.3629
3.37145
3.38165
3.41695
3.43525
3.44275
3.449725
3.46325
3.478425
3.498375
3.507325
3.51565
3.545025
3.54925
3.5583
3.570475
3.5729
3.614175
3.61975
3.62795
3.631375
3.638775
3.64095
3.67005
3.725125
3.73675
3.753025
3.783825
3.819675
3.824825
3.844975
3.8696
3.875575
3.880825
3.883475
3.898275
3.913475
3.934925
3.953325
3.961925
3.999475
4.003925
4.00435
4.04115
4.078175
4.0966
4.1138
4.135425
4.145975
4.159825
4.2019
4.214275
4.24605
4.25715
4.27195
4.298
4.304475
4.307525
4.351775
4.3868
4.413825
4.42845
4.44125
4.444675
4.445775
4.452625
4.46125
4.4783
4.4825
4.4997
4.510525
4.51295
4.5288
4.53885
4.5395
4.54085
4.584875
4.611625
4.659
4.696925
4.701175
4.719
4.7521
4.7585
4.760725
4.763575
4.779775
4.842075
4.8487
4.886725
4.888425
4.89645
4.897075
4.925825
4.92855
4.945775
4.952925
4.959225
4.984425
5.01085
5.01095
5.0244
5.0251
5.029775
5.03975
5.121675
5.135225
5.14915
5.160175
5.18595
5.193475
5.23665
5.253125
5.260825
5.2842
5.292775
5.298325
5.34725
5.3553
5.371825
5.3748
5.4124
5.4227
5.436525
5.449625
5.45575
5.4704
5.487525
5.505275
5.5148
5.52075
5.57755
5.588775
5.612875
5.628325
5.6423
5.65395
5.658
5.672775
5.67445
5.676725
5.736225
5.75355
5.7568
5.759175
5.76265
5.768625
5.7722
5.779075
5.80425
5.80695
5.822525
5.834975
5.83885
5.87265
5.875325
5.896075
5.9014
5.92515
5.931325
5.9332
5.951475
5.98345
6.063575
6.076575
6.07805
6.10725
6.11945
6.1393
6.148725
6.155275
6.185475
6.209325
6.24745
6.266825
6.278975
6.298925
6.3102
6.313
6.334125
6.335275
6.387525
6.395575
6.44715
6.455
6.460975
6.47725
6.500775
6.5023
6.532475
6.560975
6.5685
6.62545
6.643
6.656275
6.659675
6.665275
6.6701
6.692075
6.708475
6.726225
6.73275
6.756925
6.76645
6.795425
6.804375
6.812875
6.82285
6.8497
6.8772
6.8824
6.901
6.901025
6.915975
6.921725
6.930525
6.948075
6.9684
6.971475
7.04705
7.0927
7.097925
7.112825
7.130575
7.136475
7.141925
7.14305
7.15145
7.16595
7.1665
7.1723
7.192475
7.209825
7.238675
7.26215
7.271625
7.29965
7.323575
7.329325
7.3377
7.33925
7.38315
7.391925
7.396575
7.40515
7.425025
7.4489
7.44935
7.465825
7.4676
7.47295
7.495575
7.50495
7.510575
7.554125
7.557075
7.561325
7.5917
7.6033
7.62615
7.63305
7.644725
7.655825
7.6919
7.696425
7.7015
7.725225
7.735475
7.749925
7.756925
7.782025
7.80145
7.802525
7.804325
7.819025
7.8265
7.8623
7.8844
7.8871
7.896975
7.9124
7.9431
7.95925
7.977175
7.97725
7.984225
7.9945
8.015825
8.01875
8.0283
8.039075
8.042275
8.05305
8.053475
8.05915
8.0733
8.0788
8.14085
8.1775
8.1874
8.201575
8.23425
8.26825
8.306025
8.30645
8.313575
8.326025
8.3317
8.356675
8.3713
8.3784
8.38035
8.413775
8.438
8.452125
8.4596
8.469625
8.4725
8.4985
8.524325
8.5375
8.5808
8.586375
8.595425
8.59815
8.6004
8.613425
8.62785
8.6908
8.73615
8.748375
8.7676
8.77655
8.778575
8.77865
8.7813
8.8031
8.816875
8.81955
8.8375
8.845875
8.873
8.968775
9.00655
9.01065
9.014775
9.029825
9.029975
9.1311
9.148325
9.1627
9.173825
9.198725
9.207225
9.249425
9.260925
9.264275
9.2859
9.302575
9.318
9.3446
9.3507
9.377
9.410875
9.4249
9.445925
9.56015
9.566725
9.582325
9.60965
9.64045
9.65955
9.6678
9.70265
9.70625
9.71055
9.736
9.74375
9.789125
9.800825
9.80845
9.8097
9.815825
9.81715
9.84935
9.868675
9.87895
9.88455
9.896075
9.918725
9.920125
9.92135
9.9234
9.932025
9.938125
9.942425
9.946975
9.957275
9.97375
9.985575
538
