1.00125
1.003125
1.020825
1.026
1.02905
1.0294
1.03945
1.04705
1.063175
1.0852
1.10025
1.103925
1.125
1.139025
1.14635
1.153525
1.157925
1.1812
1.2072
1.2608
1.27405
1.291075
1.291375
1.301
1.304
1.311125
1.3241
1.3452
1.34915
1.368825
1.387925
1.4165
1.417175
1.419975
1.422975
1.4249
1.428225
1.42875
1.444725
1.462975
1.472375
1.483075
1.526825
1.5293
1.538575
1.566625
1.594825
1.60265
1.602775
1.608175
1.61825
1.6288
1.629075
1.63155
1.6465
1.67825
1.68555
1.7006
1.701525
1.7325
1.833975
1.8351
1.839475
1.8537
1.860125
1.911175
1.935275
1.937675
1.9516
1.983175
2.052
2.0621
2.1087
2.1209
2.132325
2.152225
2.16315
2.267075
2.27085
2.277325
2.303225
2.3112
2.337225
2.379725
2.41075
2.413575
2.42485
2.424975
2.431175
2.45135
2.4532
2.454375
2.506
2.521675
2.541925
2.542825
2.57195
2.590575
2.60275
2.62925
2.652
2.661375
2.6715
2.687125
2.687625
2.6964
2.721375
2.723675
2.7464
2.75435
2.820375
2.8415
2.85945
2.860325
2.910825
2.92115
2.922475
2.94625
2.950675
2.952
2.962625
3.0148
3.027475
3.043975
3.0612
3.095475
3.096925
3.103375
3.134925
3.1774
3.188675
3.22385
3.240075
3.241675
3.252425
3.276525
3.307375
3.3493
3.366225
3.36755
3.389225
3.3948
3.401
3.443925
3.45995
3.465725
3.473525
3.4772
3.4878
3.490125
3.50665
3.526375
3.540625
3.601625
3.607425
3.614375
3.62275
3.6236
3.64295
3.67165
3.6877
3.70185
3.71715
3.7401
3.745275
3.789125
3.790125
3.8025
3.811125
3.811375
3.835275
3.8396
3.84085
3.897425
3.908475
3.912625
3.914
3.924
3.932225
3.960775
3.96285
3.97915
3.9913
3.992025
4.021
4.025475
4.050875
4.1061
4.11755
4.118025
4.123725
4.131975
4.140825
4.162525
4.162975
4.204775
4.23065
4.2358
4.260875
4.262325
4.2719
4.2927
4.29275
4.2995
4.3054
4.3109
4.330625
4.33775
4.354475
4.362375
4.37605
4.395275
4.397175
4.401375
4.40805
4.438325
4.4438
4.448875
4.46345
4.467325
4.467575
4.47525
4.478775
4.493825
4.50595
4.5115
4.518375
4.519025
4.5342
4.53855
4.54005
4.565625
4.5892
4.627825
4.6358
4.64875
4.653475
4.65415
4.726425
4.73475
4.750325
4.754125
4.762775
4.77615
4.789125
4.792125
4.85425
4.86345
4.8802
4.903375
4.90415
4.90795
4.91985
4.988725
5.009625
5.029925
5.15565
5.19205
5.208725
5.209425
5.213175
5.21735
5.23135
5.2815
5.317675
5.343325
5.358575
5.360575
5.365875
5.4103
5.413675
5.4164
5.428725
5.43895
5.44
5.443925
5.4528
5.455025
5.4653
5.46925
5.469275
5.4718
5.487025
5.52215
5.543625
5.54765
5.5602
5.570825
5.574425
5.614675
5.65245
5.671175
5.702125
5.74155
5.758025
5.7723
5.782625
5.7852
5.8094
5.824975
5.82925
5.829975
5.834825
5.854475
5.861725
5.86255
5.8878
5.960125
6.036425
6.056375
6.0605
6.070725
6.085575
6.086025
6.137275
6.146425
6.165625
6.201475
6.205025
6.208625
6.25265
6.2624
6.2731
6.283725
6.294925
6.3083
6.319225
6.327
6.335975
6.3722
6.374775
6.393025
6.413875
6.42085
6.43505
6.4396
6.453825
6.479725
6.50535
6.5088
6.5378
6.54245
6.549275
6.55375
6.576325
6.5797
6.616725
6.621025
6.668725
6.6694
6.78205
6.8453
6.84555
6.887675
6.892275
6.8974
6.90135
6.9051
6.9133
6.916725
6.9338
6.93755
6.956775
7.006
7.0105
7.0763
7.103975
7.116875
7.121675
7.1323
7.149625
7.176175
7.2418
7.2598
7.26965
7.27515
7.28345
7.29265
7.29405
7.294875
7.3144
7.33585
7.3772
7.3774
7.38445
7.43035
7.44265
7.446075
7.452075
7.4666
7.4906
7.5356
7.543225
7.557475
7.595425
7.645575
7.65485
7.662425
7.6686
7.741925
7.74915
7.753825
7.7971
7.798225
7.799525
7.8111
7.815775
7.837175
7.9233
7.95325
7.9587
7.96395
7.9678
7.979225
8.029825
8.049275
8.060175
8.097425
8.1116
8.115525
8.1455
8.1459
8.171875
8.184325
8.186325
8.213
8.223
8.245575
8.248875
8.276425
8.292025
8.328875
8.3501
8.35195
8.35285
8.3614
8.3999
8.4007
8.4143
8.419925
8.422975
8.429675
8.4446
8.4698
8.4988
8.5013
8.511575
8.5548
8.608925
8.60965
8.614775
8.616375
8.6262
8.63445
8.640525
8.6557
8.658825
8.66335
8.690675
8.719375
8.72455
8.82555
8.84325
8.884925
8.942825
8.94285
8.945175
8.949325
8.96265
8.9725
8.9897
9.015825
9.03785
9.0482
9.050375
9.070475
9.1112
9.113825
9.114375
9.116025
9.145525
9.15065
9.153975
9.178
9.19375
9.197325
9.208625
9.215775
9.22105
9.285025
9.3096
9.32195
9.37295
9.37755
9.405825
9.412175
9.417875
9.420375
9.428675
9.42915
9.432375
9.438175
9.443875
9.4624
9.47745
9.483575
9.50515
9.53475
9.547275
9.5489
9.569825
9.5779
9.61435
9.620875
9.653975
9.673825
9.685075
9.697425
9.74795
9.788025
9.80435
9.81205
9.812325
9.8152
9.868575
9.870725
9.876575
9.87805
9.8906
9.9113
9.9219
9.92565
9.959425
9.9627
9.9799
9.984075
9.9913
537
