1.026275
1.0377
1.043675
1.055325
1.072425
1.0748
1.07675
1.07685
1.079125
1.0892
1.10125
1.1053
1.118025
1.120075
1.160725
1.169625
1.171875
1.190375
1.20115
1.21225
1.24865
1.252625
1.2529
1.259625
1.2642
1.2741
1.274425
1.2949
1.306475
1.31535
1.396675
1.400975
1.408375
1.40975
1.416775
1.4175
1.425325
1.4605
1.467775
1.4742
1.50945
1.5126
1.5152
1.51585
1.5191
1.528025
1.557225
1.56
1.561725
1.57105
1.575375
1.5869
1.59225
1.62945
1.651875
1.689125
1.698225
1.69855
1.70235
1.70495
1.71295
1.736175
1.7462
1.755275
1.8112
1.83555
1.8642
1.87375
1.87655
1.941575
1.957575
1.979575
2.00585
2.011525
2.017925
2.021075
2.02255
2.0272
2.038275
2.06695
2.067175
2.116025
2.11645
2.158525
2.163625
2.1774
2.1784
2.215925
2.224575
2.22705
2.250825
2.2515
2.26695
2.27145
2.282925
2.289275
2.364
2.364375
2.380875
2.4338
2.459525
2.4829
2.48295
2.51555
2.5334
2.535175
2.540125
2.5633
2.59365
2.631875
2.65455
2.686075
2.7335
2.75025
2.7661
2.781225
2.809425
2.837125
2.8407
2.880775
2.8882
2.95245
2.964225
2.979875
3.01035
3.01265
3.01495
3.052575
3.074225
3.07445
3.079975
3.09845
3.142425
3.17535
3.1795
3.184325
3.197825
3.233475
3.269875
3.286425
3.287125
3.302425
3.326025
3.3304
3.33305
3.33435
3.35395
3.357425
3.358525
3.37785
3.44045
3.465925
3.540725
3.54405
3.5691
3.57145
3.59225
3.59415
3.62145
3.6355
3.640275
3.656275
3.6568
3.67425
3.6819
3.683725
3.686825
3.692475
3.70765
3.71445
3.744125
3.7489
3.7494
3.76335
3.779025
3.80925
3.81575
3.817875
3.8217
3.832025
3.83845
3.886175
3.909125
3.929325
3.953575
3.975525
3.98335
3.984025
3.9886
4.006225
4.022525
4.04255
4.047625
4.063875
4.074
4.078975
4.110425
4.15225
4.177575
4.237775
4.238075
4.240225
4.240475
4.244475
4.247675
4.24975
4.249975
4.2739
4.274875
4.283475
4.283825
4.2872
4.315925
4.31635
4.3375
4.341
4.35635
4.3634
4.376725
4.411975
4.4295
4.441525
4.45315
4.486025
4.49975
4.500125
4.507825
4.515975
4.567975
4.585725
4.588525
4.59625
4.613625
4.620125
4.62245
4.629125
4.655425
4.712275
4.7349
4.76675
4.802475
4.817325
4.82465
4.834275
4.86515
4.86705
4.87735
4.883125
4.8916
4.909575
4.9193
4.9218
4.957825
4.9872
4.99105
4.994225
5.02205
5.029825
5.03425
5.044425
5.121225
5.141475
5.1511
5.15525
5.176875
5.181
5.216375
5.230425
5.261925
5.27095
5.29175
5.3066
5.330325
5.350225
5.353825
5.37755
5.4301
5.47575
5.532
5.543475
5.569975
5.5832
5.615
5.62105
5.6272
5.66975
5.674875
5.681875
5.682925
5.699125
5.69955
5.7038
5.7718
5.776225
5.7846
5.7847
5.789725
5.833275
5.862025
5.898725
5.9323
5.954925
5.96825
5.9874
5.9913
5.999175
6.055325
6.0716
6.084075
6.086675
6.111175
6.142425
6.163575
6.17185
6.215475
6.2237
6.250525
6.2781
6.2833
6.299575
6.331975
6.335125
6.359175
6.3854
6.426875
6.428275
6.45895
6.4628
6.5384
6.54785
6.557275
6.5625
6.563025
6.57155
6.5725
6.574075
6.575475
6.58935
6.59085
6.602525
6.6463
6.6554
6.659
6.669975
6.670225
6.72625
6.73035
6.73505
6.737575
6.75425
6.758175
6.765025
6.766825
6.77
6.78085
6.7876
6.801325
6.815775
6.8562
6.8568
6.895775
6.896025
6.90365
6.90495
6.919925
6.943675
6.973525
6.9744
7.02625
7.031425
7.04585
7.075925
7.0796
7.11245
7.131
7.136775
7.15985
7.1611
7.1629
7.168825
7.196075
7.19995
7.254025
7.27145
7.271675
7.273775
7.289925
7.3036
7.318425
7.346025
7.397625
7.43245
7.441775
7.44535
7.457575
7.482425
7.517725
7.522425
7.53575
7.54155
7.552375
7.58795
7.59795
7.5998
7.610425
7.67905
7.72395
7.725325
7.7255
7.7471
7.7912
7.8092
7.823375
7.838825
7.846775
7.86315
7.864775
7.903525
7.909075
7.915625
7.91825
7.92965
8.002375
8.0045
8.033375
8.0401
8.1053
8.113575
8.1452
8.1539
8.155375
8.15635
8.1657
8.167775
8.17225
8.214675
8.25245
8.256825
8.260725
8.2817
8.298625
8.3281
8.330575
8.337775
8.343675
8.3498
8.358925
8.3612
8.369875
8.375975
8.378225
8.395425
8.407725
8.4398
8.466475
8.471825
8.480575
8.490925
8.5246
8.533525
8.541375
8.5518
8.566375
8.56975
8.582925
8.5958
8.597625
8.664125
8.66595
8.668575
8.684875
8.7182
8.73705
8.77895
8.7872
8.795975
8.8257
8.8479
8.8957
8.908025
8.910825
8.9162
8.941325
8.965375
8.971825
8.978725
8.984375
9.0611
9.062125
9.0761
9.091
9.1156
9.13715
9.142375
9.1606
9.1661
9.1831
9.198775
9.2115
9.32865
9.330475
9.33435
9.3371
9.343975
9.351125
9.35385
9.357525
9.3612
9.42185
9.49565
9.4957
9.505425
9.50645
9.538625
9.5477
9.5737
9.594525
9.62025
9.6226
9.63945
9.64505
9.65505
9.717025
9.723975
9.72515
9.73235
9.766125
9.7689
9.78285
9.788775
9.78935
9.8018
9.8301
9.833675
9.858825
9.90935
9.914475
9.924275
9.9422
9.94935
9.960875
541
