1.0032
1.028675
1.0501
1.057175
1.06245
1.065975
1.070175
1.08845
1.0932
1.094825
1.09685
1.107025
1.12135
1.12795
1.139925
1.16045
1.17315
1.1746
1.196325
1.200175
1.228025
1.245675
1.2756
1.33525
1.35055
1.407975
1.42605
1.437025
1.460175
1.4706
1.4707
1.484675
1.49715
1.513975
1.518325
1.560175
1.561225
1.564225
1.581
1.610025
1.62755
1.64125
1.64585
1.671975
1.675075
1.681225
1.70495
1.7522
1.785875
1.7967
1.800325
1.80535
1.83375
1.834825
1.836375
1.8401
1.8419
1.87365
1.874975
1.907175
1.9191
1.9622
1.98145
1.98295
1.995225
2.018675
2.02215
2.025625
2.090825
2.09935
2.10825
2.122475
2.127
2.129875
2.14585
2.206075
2.2127
2.221525
2.268975
2.297625
2.2986
2.303675
2.31355
2.328375
2.352
2.36155
2.377025
2.396125
2.403775
2.420875
2.46415
2.502225
2.50365
2.51045
2.528
2.5378
2.53895
2.543425
2.546675
2.571775
2.580225
2.63345
2.646575
2.6861
2.687225
2.699525
2.7305
2.733725
2.749675
2.782125
2.782575
2.80655
2.84335
2.864725
2.895775
2.8963
2.8999
2.949075
2.963425
2.970025
2.990325
3.00715
3.0466
3.051525
3.0704
3.118475
3.13235
3.1439
3.163325
3.173
3.189175
3.218275
3.219125
3.22815
3.23035
3.255325
3.30155
3.357375
3.36645
3.394425
3.39765
3.4027
3.428925
3.431425
3.441325
3.4461
3.476825
3.496125
3.50475
3.527325
3.5423
3.548575
3.551325
3.57515
3.5794
3.599325
3.602625
3.602925
3.616025
3.62145
3.635525
3.666
3.6703
3.693425
3.694725
3.70165
3.74095
3.740975
3.892775
3.90985
3.91
3.925125
3.93545
3.9404
3.967625
3.9966
4.04565
4.086325
4.121775
4.145775
4.15945
4.1714
4.171925
4.18695
4.2475
4.26205
4.2993
4.30495
4.33055
4.33775
4.34195
4.378275
4.40405
4.4078
4.41635
4.426525
4.442325
4.444725
4.446425
4.4511
4.45595
4.475725
4.476575
4.481825
4.500025
4.503575
4.50815
4.519075
4.51975
4.523225
4.5275
4.53205
4.5435
4.550775
4.55335
4.576625
4.58665
4.607275
4.6538
4.65585
4.697575
4.727325
4.738475
4.75255
4.758025
4.799325
4.80265
4.80405
4.806475
4.811175
4.835325
4.85055
4.8656
4.871825
4.885775
4.902375
4.91225
4.940825
4.94345
4.964125
4.966675
4.997525
5.0002
5.011575
5.019825
5.067075
5.070125
5.079625
5.0865
5.112225
5.1257
5.146975
5.165475
5.1679
5.19185
5.210575
5.2118
5.23495
5.241275
5.260975
5.27015
5.286975
5.319975
5.3218
5.32375
5.340175
5.36
5.37875
5.3801
5.412175
5.44785
5.45725
5.461625
5.46995
5.480525
5.510375
5.522225
5.560775
5.57
5.59665
5.60375
5.607225
5.608475
5.611625
5.62245
5.633425
5.64285
5.664725
5.701925
5.70855
5.71015
5.72565
5.732575
5.73575
5.7518
5.756175
5.8009
5.832975
5.865
5.882625
5.903625
5.926025
5.9261
5.935775
5.95205
5.97135
6.008675
6.019375
6.021125
6.03835
6.04065
6.0595
6.061075
6.07505
6.081925
6.0839
6.100175
6.100675
6.1015
6.140425
6.14275
6.143975
6.154225
6.182925
6.2008
6.23675
6.259875
6.273725
6.304475
6.33465
6.34695
6.349475
6.373925
6.378775
6.386975
6.395675
6.39625
6.41685
6.4273
6.445325
6.446875
6.45585
6.457375
6.47795
6.4883
6.490475
6.50595
6.511225
6.52145
6.526225
6.5271
6.53285
6.54985
6.556925
6.56265
6.565825
6.569025
6.57655
6.579425
6.591775
6.597225
6.607125
6.613025
6.625975
6.636725
6.639975
6.6411
6.655275
6.694425
6.697075
6.699325
6.706125
6.726575
6.796675
6.801775
6.816075
6.836825
6.842225
6.853925
6.86935
6.87555
6.8988
6.901675
6.904025
6.934125
6.9405
6.9711
6.9819
6.982575
6.993025
6.997975
6.998725
7.005025
7.0303
7.048075
7.060575
7.1046
7.1139
7.15135
7.2001
7.2494
7.25835
7.307475
7.3203
7.33065
7.338625
7.341075
7.344675
7.34865
7.3808
7.381675
7.3827
7.406725
7.4103
7.432325
7.434475
7.445975
7.4627
7.470925
7.51575
7.550725
7.559425
7.57805
7.5836
7.604
7.608975
7.619425
7.620175
7.6377
7.644675
7.66395
7.6696
7.6994
7.702525
7.73005
7.733675
7.73985
7.741575
7.7737
7.77785
7.805125
7.84905
7.8611
7.879625
7.8809
7.942275
7.961825
7.976725
7.97865
7.999
8.0315
8.09555
8.1015
8.15565
8.160725
8.185325
8.208325
8.210075
8.221225
8.258675
8.2587
8.2891
8.313775
8.322325
8.33095
8.34155
8.343275
8.34765
8.36325
8.36645
8.3765
8.384775
8.388225
8.393025
8.39445
8.40095
8.4061
8.470025
8.4936
8.537875
8.5742
8.609625
8.62735
8.63925
8.662925
8.66555
8.671975
8.731475
8.7315
8.7434
8.7573
8.775575
8.783925
8.785
8.787925
8.79855
8.823125
8.824675
8.83115
8.8387
8.900475
8.904
8.905
8.928
8.92845
8.930675
8.946
8.9866
9.035525
9.03705
9.046725
9.07435
9.08005
9.087175
9.11165
9.119475
9.134925
9.1456
9.14875
9.171
9.18355
9.1863
9.188075
9.192975
9.21655
9.255675
9.25605
9.284125
9.285075
9.306325
9.31075
9.34545
9.346475
9.387925
9.391925
9.392275
9.396275
9.4072
9.43425
9.44655
9.457325
9.46235
9.46425
9.465375
9.52105
9.568125
9.5698
9.57695
9.580775
9.59
9.59545
9.601775
9.612175
9.618775
9.64935
9.700275
9.701225
9.704775
9.705625
9.71815
9.741975
9.74935
9.7563
9.776775
9.810575
9.826275
9.827125
9.86375
9.873825
9.880275
9.8818
9.8833
9.890775
9.903
9.940625
9.94205
9.946725
9.964375
9.978425
579
