1.040425
1.104825
1.1353
1.14285
1.1804
1.191825
1.209275
1.227125
1.22945
1.2456
1.268825
1.302075
1.304375
1.3187
1.34125
1.34785
1.350875
1.373675
1.3951
1.41145
1.41705
1.417225
1.42045
1.43805
1.4437
1.455125
1.464825
1.467425
1.4676
1.467675
1.495475
1.531125
1.538925
1.561025
1.576125
1.584175
1.591975
1.5927
1.617125
1.643025
1.653775
1.6589
1.664975
1.695475
1.70735
1.71095
1.7332
1.7416
1.745825
1.8252
1.828725
1.8373
1.8436
1.849475
1.85665
1.865325
1.87155
1.886625
1.9502
1.95515
1.9781
1.98325
1.9946
1.9973
2.005375
2.014775
2.02055
2.0452
2.061
2.06105
2.06455
2.069425
2.103475
2.132725
2.150425
2.166725
2.21155
2.21395
2.25925
2.2663
2.2757
2.28815
2.290875
2.291525
2.292825
2.368425
2.372725
2.393175
2.4032
2.40985
2.421725
2.42565
2.432175
2.440125
2.445075
2.486925
2.4897
2.498
2.504275
2.5077
2.50975
2.535625
2.539675
2.544325
2.5508
2.551825
2.5531
2.56435
2.579475
2.59885
2.614725
2.614775
2.615375
2.615525
2.64435
2.65835
2.666575
2.6968
2.765
2.781525
2.79405
2.80845
2.810725
2.86285
2.870925
2.873525
2.88295
2.89145
2.90505
2.90815
2.91105
2.949025
2.980625
2.990275
3.0197
3.0309
3.068775
3.071725
3.085625
3.0879
3.112225
3.1597
3.17215
3.222975
3.24395
3.282225
3.293175
3.31795
3.3319
3.39125
3.394825
3.476075
3.492475
3.529175
3.5309
3.548025
3.548925
3.640075
3.64785
3.665475
3.665775
3.699675
3.705075
3.71295
3.7163
3.732225
3.752475
3.76055
3.7718
3.779075
3.780275
3.788875
3.806
3.83025
3.869225
3.88125
3.88255
3.887675
3.934575
3.947275
3.982925
3.98905
3.9906
4.006125
4.0461
4.092675
4.11475
4.122425
4.169325
4.18795
4.20325
4.2113
4.21205
4.22185
4.23245
4.243525
4.249875
4.256575
4.27385
4.277075
4.27955
4.28875
4.30245
4.342075
4.3708
4.428575
4.43935
4.447475
4.4484
4.4765
4.5161
4.53555
4.542075
4.545275
4.5914
4.607025
4.618875
4.663075
4.691275
4.7031
4.704975
4.71895
4.722825
4.73675
4.749525
4.768
4.771375
4.802575
4.807925
4.835125
4.8392
4.854975
4.858425
4.868025
4.901275
4.93785
4.9451
4.9457
4.9541
4.9727
5.0104
5.010975
5.015575
5.030325
5.037775
5.073975
5.0931
5.09965
5.105125
5.1279
5.128425
5.183575
5.2006
5.21865
5.2564
5.2566
5.268325
5.272375
5.306625
5.3086
5.32
5.341175
5.34175
5.39595
5.40155
5.405525
5.44335
5.4487
5.454675
5.4617
5.462825
5.4906
5.495925
5.535925
5.55125
5.555575
5.5797
5.58855
5.590275
5.59835
5.678675
5.6829
5.69985
5.71415
5.7454
5.759525
5.773475
5.820925
5.82755
5.843325
5.846175
5.894525
5.910575
5.940575
5.944725
5.97765
5.9901
5.990775
5.9958
6.00045
6.01285
6.043725
6.0574
6.0763
6.093425
6.1167
6.119375
6.131375
6.20985
6.211575
6.228725
6.23685
6.24165
6.254575
6.255075
6.255325
6.257075
6.258975
6.30245
6.3104
6.322325
6.35965
6.362875
6.383775
6.409
6.424025
6.434725
6.444425
6.4445
6.480625
6.498925
6.545975
6.547025
6.577975
6.581625
6.609275
6.676875
6.68205
6.68485
6.689075
6.712625
6.734325
6.7569
6.767125
6.7722
6.786425
6.81745
6.8199
6.82525
6.850175
6.884625
6.892075
6.909325
6.9197
6.9268
6.931275
6.96645
6.96995
6.97915
6.987725
6.9923
7.027575
7.046325
7.0609
7.06545
7.06665
7.07075
7.087325
7.112775
7.139425
7.1485
7.16445
7.1687
7.17515
7.1832
7.18435
7.185625
7.1861
7.194025
7.2003
7.2273
7.235525
7.235575
7.25025
7.25525
7.2693
7.3101
7.316475
7.338425
7.354375
7.368625
7.394575
7.429775
7.433525
7.477775
7.482225
7.4868
7.510525
7.542975
7.54795
7.613475
7.633075
7.63645
7.66355
7.665525
7.6709
7.68065
7.69685
7.7031
7.7182
7.72385
7.7265
7.807075
7.816975
7.820025
7.8215
7.82955
7.837625
7.841925
7.8777
7.8943
7.96545
7.9802
7.983225
7.999575
8.02215
8.05775
8.06115
8.062225
8.083075
8.093525
8.100275
8.1216
8.1485
8.156925
8.24655
8.250925
8.265125
8.269025
8.2892
8.3505
8.359125
8.3669
8.39105
8.425775
8.4356
8.4559
8.48195
8.5008
8.541975
8.547775
8.565925
8.5965
8.5982
8.604225
8.6385
8.644175
8.645
8.6467
8.690625
8.69075
8.6924
8.6965
8.700275
8.710875
8.729725
8.734725
8.738975
8.7817
8.858575
8.8612
8.8722
8.8794
8.887225
8.89305
8.90265
8.917375
8.96065
8.96725
8.985175
9.0157
9.023825
9.025575
9.03815
9.050725
9.055025
9.075375
9.10465
9.112125
9.11695
9.1349
9.142725
9.156
9.1799
9.196525
9.230575
9.23325
9.31095
9.3125
9.328375
9.343325
9.34635
9.3609
9.383325
9.39115
9.402075
9.407275
9.41665
9.444325
9.46705
9.4695
9.476175
9.47635
9.47755
9.4882
9.492425
9.500525
9.554075
9.579225
9.606825
9.614575
9.619775
9.64405
9.6448
9.650425
9.655975
9.660125
9.662225
9.66225
9.667625
9.668875
9.671725
9.69845
9.728225
9.730675
9.7321
9.750075
9.7712
9.77385
9.800625
9.809125
9.81865
9.819025
9.82
9.826875
9.827
9.8462
9.846975
9.8613
9.868925
9.891225
9.89565
9.8987
9.900175
9.90645
9.924375
9.94265
9.951775
9.95585
9.9765
9.977725
9.978575
9.989125
563
