1.00705
1.0072
1.010325
1.0149
1.018575
1.0222
1.0264
1.039275
1.0395
1.052175
1.0644
1.064775
1.086025
1.094975
1.09635
1.1034
1.140075
1.16465
1.193125
1.20595
1.211475
1.2145
1.267275
1.320975
1.328
1.35745
1.358425
1.359975
1.36645
1.389125
1.39995
1.402175
1.409325
1.447525
1.52465
1.535775
1.579925
1.580675
1.581025
1.605725
1.6386
1.65195
1.66005
1.664425
1.665575
1.6848
1.70875
1.7215
1.726925
1.76375
1.769425
1.76975
1.773425
1.808875
1.809425
1.824275
1.84705
1.86475
1.869475
1.888775
1.900225
1.962425
1.9712
1.97795
1.98405
2.0054
2.006475
2.009775
2.01
2.041625
2.065025
2.0884
2.10005
2.10175
2.1109
2.16095
2.167675
2.2144
2.215325
2.21885
2.2213
2.24655
2.2467
2.263825
2.321575
2.331875
2.3367
2.34495
2.36885
2.39475
2.411875
2.415925
2.42355
2.43545
2.437525
2.45785
2.464325
2.472975
2.49
2.513475
2.5226
2.5376
2.55915
2.576125
2.627075
2.656
2.66005
2.676325
2.75315
2.763025
2.775125
2.778975
2.785325
2.78725
2.79515
2.79615
2.807775
2.818575
2.819825
2.8749
2.88245
2.883325
2.904225
2.977175
2.977975
3.0096
3.026075
3.060825
3.07135
3.09745
3.107075
3.12165
3.13765
3.17575
3.185425
3.18785
3.192725
3.195275
3.20135
3.209825
3.214575
3.227625
3.23405
3.292225
3.3209
3.326925
3.3288
3.34325
3.350525
3.380875
3.40845
3.4361
3.456775
3.4598
3.465625
3.487675
3.489225
3.49285
3.499825
3.50395
3.5139
3.51625
3.5273
3.579925
3.60385
3.618075
3.6207
3.652575
3.6777
3.677825
3.68335
3.702825
3.7425
3.7724
3.773825
3.77605
3.779175
3.7951
3.821475
3.838725
3.8671
3.88775
3.894975
3.914775
3.921075
3.92155
3.97565
4.00365
4.0063
4.0217
4.0225
4.0321
4.05605
4.0819
4.082425
4.08435
4.139875
4.1628
4.189325
4.19875
4.1988
4.23025
4.233925
4.236475
4.257325
4.270625
4.2899
4.307375
4.321175
4.325725
4.33085
4.340375
4.3624
4.385425
4.397075
4.402275
4.4072
4.415425
4.4228
4.4229
4.461125
4.515375
4.557525
4.56055
4.58855
4.59155
4.602125
4.61775
4.6268
4.640425
4.669125
4.67615
4.6766
4.6796
4.687975
4.6991
4.736225
4.75705
4.7629
4.764675
4.76605
4.7829
4.787775
4.8009
4.81755
4.825075
4.829675
4.837225
4.891075
4.9051
4.9132
4.923575
4.9295
4.94565
4.950775
4.972325
5.006575
5.01075
5.06355
5.073275
5.142775
5.18185
5.1887
5.2018
5.272525
5.279075
5.3216
5.3491
5.361175
5.366025
5.36625
5.3788
5.379825
5.383175
5.4574
5.4577
5.4628
5.495925
5.498625
5.5458
5.578175
5.58425
5.604875
5.6291
5.6324
5.6478
5.657225
5.65735
5.6637
5.680325
5.694
5.714475
5.71615
5.736975
5.743225
5.758725
5.800725
5.80465
5.809025
5.809725
5.81855
5.822275
5.838725
5.870025
5.87995
5.90255
5.921925
5.9737
5.977725
5.984875
6.029175
6.037825
6.049725
6.0508
6.0716
6.13885
6.14415
6.1524
6.161275
6.171775
6.187425
6.213575
6.214725
6.2326
6.24425
6.2753
6.278825
6.286425
6.291275
6.3607
6.38295
6.463575
6.478075
6.5071
6.512725
6.535825
6.547
6.549775
6.552775
6.553075
6.5548
6.576725
6.5898
6.594125
6.607025
6.637325
6.643675
6.673225
6.6782
6.682975
6.6946
6.6973
6.718375
6.77905
6.809675
6.85805
6.8831
6.887
6.89545
6.9038
6.904525
6.9149
6.923725
6.923775
6.951375
6.952775
6.98235
6.98305
6.98735
7.009375
7.072225
7.079725
7.082025
7.09145
7.094425
7.09455
7.095975
7.105525
7.116225
7.11865
7.13425
7.1482
7.159
7.21295
7.215375
7.219175
7.234875
7.2374
7.243525
7.27805
7.28335
7.285075
7.308375
7.3197
7.327675
7.3529
7.357875
7.400025
7.41555
7.428375
7.444975
7.452025
7.5148
7.5171
7.53655
7.550175
7.55885
7.56185
7.5647
7.57315
7.622175
7.6604
7.67195
7.688575
7.694425
7.70405
7.734475
7.7447
7.750775
7.754525
7.75735
7.766225
7.786775
7.79065
7.800425
7.8713
7.8817
7.8867
7.9081
7.91655
7.923625
7.931175
7.95515
7.9559
7.9816
7.98225
7.9833
8.03815
8.048375
8.051375
8.063175
8.065725
8.070925
8.130175
8.136175
8.14645
8.156875
8.1904
8.21415
8.2517
8.27515
8.29625
8.29855
8.33935
8.352425
8.364375
8.36965
8.378725
8.402375
8.4092
8.41375
8.416425
8.42145
8.441325
8.44165
8.45155
8.476875
8.49125
8.4989
8.5238
8.528
8.5441
8.55685
8.58995
8.59365
8.599625
8.616425
8.618775
8.640475
8.64955
8.649925
8.65745
8.7274
8.747
8.74785
8.81025
8.8394
8.86525
8.89565
8.907925
8.9289
8.9356
8.953375
8.968425
9.0174
9.03485
9.047
9.047025
9.0485
9.060525
9.076675
9.0803
9.085775
9.1028
9.113475
9.1962
9.198775
9.211725
9.25365
9.258125
9.265175
9.27155
9.3195
9.322025
9.327025
9.328675
9.3343
9.3475
9.348475
9.366825
9.367075
9.38515
9.392625
9.432025
9.440425
9.450025
9.4645
9.5066
9.507425
9.51055
9.522
9.532175
9.534525
9.6022
9.610325
9.63285
9.6351
9.7033
9.7175
9.733225
9.784275
9.806675
9.816625
9.83415
9.8591
9.93125
9.93305
9.938075
9.94435
9.975175
9.981325
9.99025
9.991675
553
