1.0002
1.004725
1.00755
1.0091
1.01385
1.048425
1.053375
1.168175
1.18675
1.220625
1.22155
1.260275
1.29395
1.321825
1.352575
1.366675
1.3699
1.374
1.3762
1.3959
1.419175
1.448175
1.469925
1.480275
1.497525
1.502
1.513125
1.5169
1.517925
1.51805
1.52735
1.5276
1.539125
1.543925
1.556475
1.556725
1.56575
1.569925
1.575525
1.58165
1.628875
1.63565
1.6374
1.6514
1.658325
1.7171
1.719975
1.748025
1.763925
1.807
1.8275
1.83895
1.845
1.845425
1.8816
1.889725
1.897725
1.932525
1.937425
1.953825
1.992825
2.008575
2.016925
2.02485
2.02985
2.046425
2.0858
2.091725
2.09695
2.1121
2.1134
2.1199
2.12135
2.13575
2.13795
2.140725
2.144925
2.158625
2.179725
2.181125
2.2452
2.248375
2.2596
2.29665
2.29905
2.301525
2.322025
2.325
2.3569
2.37545
2.417975
2.447425
2.451775
2.45215
2.4758
2.49615
2.500225
2.53495
2.539325
2.541025
2.55455
2.5605
2.576075
2.585975
2.606575
2.61125
2.61835
2.63145
2.66885
2.67145
2.675
2.692975
2.7142
2.743075
2.748625
2.76475
2.81945
2.822025
2.847375
2.850925
2.867675
2.87615
2.879225
2.8863
2.8865
2.8894
2.898375
2.908725
2.9293
3.01385
3.01875
3.036425
3.0566
3.080575
3.084525
3.1271
3.139575
3.146675
3.19995
3.2014
3.205675
3.238025
3.250225
3.255275
3.270925
3.28195
3.2948
3.304125
3.331625
3.35345
3.384
3.3994
3.41825
3.418575
3.423675
3.426275
3.4399
3.46195
3.462575
3.4698
3.4717
3.47495
3.49215
3.4974
3.514475
3.538825
3.5776
3.59805
3.605225
3.60725
3.611125
3.622075
3.62335
3.623425
3.64245
3.6467
3.64745
3.656675
3.681225
3.683525
3.6967
3.70955
3.722375
3.7458
3.748275
3.754475
3.763425
3.7785
3.792725
3.794875
3.798975
3.8204
3.8772
3.87975
3.884325
3.892975
3.91425
3.914525
3.925025
3.92725
3.93065
3.942175
3.94875
3.9818
3.994525
4.05175
4.07015
4.0926
4.0959
4.138275
4.1472
4.1622
4.1911
4.1917
4.1967
4.214125
4.2179
4.2294
4.24055
4.26605
4.363025
4.36355
4.37205
4.38305
4.412075
4.4303
4.435075
4.4378
4.447775
4.45135
4.463875
4.47285
4.473025
4.4999
4.50475
4.507025
4.509925
4.522875
4.545025
4.55895
4.559825
4.57525
4.58245
4.605825
4.61515
4.624175
4.6764
4.6913
4.714525
4.716375
4.730475
4.757425
4.76075
4.807825
4.816175
4.83495
4.95995
4.99105
4.999975
5.046625
5.0574
5.0918
5.11305
5.12185
5.122075
5.141175
5.175375
5.182225
5.18635
5.204
5.216775
5.2423
5.2425
5.24515
5.25795
5.291575
5.3067
5.333975
5.361725
5.377875
5.381075
5.3918
5.40655
5.438775
5.443775
5.52805
5.5349
5.566725
5.5785
5.5806
5.601275
5.603075
5.643675
5.6567
5.657175
5.69515
5.705225
5.719725
5.7327
5.735425
5.7438
5.75745
5.761125
5.763925
5.776075
5.7938
5.809425
5.819225
5.8551
5.877675
5.9376
5.939225
5.950025
5.9658
5.980975
5.99325
6.012075
6.053825
6.067475
6.103225
6.1062
6.17735
6.18095
6.2038
6.2042
6.217525
6.2353
6.254425
6.257775
6.29265
6.3016
6.339925
6.3463
6.348025
6.350575
6.352025
6.357525
6.372025
6.381775
6.400225
6.413125
6.4564
6.477625
6.49095
6.52055
6.5798
6.583225
6.5874
6.588175
6.602075
6.604225
6.618575
6.6334
6.648
6.6573
6.659
6.6613
6.6632
6.684725
6.731
6.73925
6.7416
6.765375
6.8316
6.84175
6.85695
6.873
6.87905
6.887525
6.89645
6.91555
6.94135
6.941825
6.9731
6.9738
6.997225
7.005775
7.0199
7.034475
7.078925
7.122125
7.190875
7.233625
7.326625
7.33295
7.354025
7.358225
7.367575
7.369925
7.39455
7.40705
7.44635
7.4464
7.448925
7.456775
7.474325
7.494175
7.504125
7.5291
7.556225
7.577875
7.646925
7.657725
7.692725
7.73035
7.734225
7.7428
7.757225
7.759425
7.77625
7.845975
7.84625
7.8544
7.8617
7.8842
7.885525
7.89125
7.936275
7.9669
7.97565
7.980225
7.9914
8.0006
8.013425
8.0285
8.03
8.03645
8.068775
8.0827
8.085725
8.152625
8.153825
8.17055
8.176375
8.176975
8.17825
8.182925
8.215525
8.23035
8.247975
8.275775
8.284
8.2851
8.3051
8.31615
8.330525
8.336525
8.372725
8.38885
8.39095
8.396475
8.402625
8.413225
8.424775
8.426775
8.438425
8.450775
8.454875
8.466425
8.46795
8.495
8.50615
8.512625
8.521825
8.555175
8.56255
8.564975
8.61925
8.63915
8.67185
8.70535
8.7154
8.75345
8.761375
8.762275
8.7876
8.8352
8.845075
8.90135
8.918425
8.9285
8.980375
8.996
9.021475
9.024425
9.065875
9.108275
9.120775
9.126
9.13075
9.156425
9.192425
9.218775
9.2488
9.2524
9.27115
9.27865
9.2833
9.3024
9.327375
9.3379
9.3399
9.341225
9.3493
9.3539
9.386
9.456975
9.47615
9.47735
9.52455
9.5535
9.56245
9.56745
9.5848
9.59875
9.60775
9.638125
9.671
9.738175
9.74875
9.760325
9.777775
9.79205
9.79595
9.830825
9.835225
9.836375
9.858475
9.8798
9.88625
9.88705
9.9006
9.918725
9.925175
9.928875
9.957675
9.967425
9.971675
9.97785
9.999425
540
