1.0052
1.01365
1.016975
1.0189
1.027775
1.054675
1.093975
1.108675
1.121425
1.12745
1.17245
1.207875
1.251525
1.26565
1.285225
1.291025
1.326825
1.3315
1.3554
1.361275
1.3613
1.387475
1.394
1.399075
1.40685
1.41835
1.419125
1.423075
1.4239
1.42695
1.4816
1.557875
1.578275
1.591875
1.5987
1.657075
1.66535
1.66825
1.673375
1.69445
1.723875
1.738425
1.7594
1.7694
1.79905
1.7994
1.8069
1.810375
1.839825
1.84175
1.858675
1.861325
1.87005
1.871725
1.933675
1.965725
2.037025
2.0414
2.08655
2.10795
2.17445
2.1749
2.190675
2.224975
2.246925
2.257025
2.3026
2.3273
2.3415
2.342725
2.357825
2.36075
2.3786
2.38545
2.40065
2.40325
2.41915
2.4398
2.455075
2.532125
2.544125
2.5499
2.569525
2.609775
2.613
2.6134
2.661775
2.678225
2.688925
2.69165
2.725975
2.7484
2.78945
2.79695
2.84295
2.854475
2.87395
2.87785
2.887475
2.89065
2.8915
2.8926
2.9416
2.946475
2.947775
2.957625
2.971975
2.983325
3.024575
3.108075
3.127675
3.1379
3.143
3.16105
3.17555
3.17595
3.192375
3.212175
3.220875
3.225475
3.2881
3.30035
3.3313
3.3335
3.338325
3.3401
3.367775
3.412025
3.417475
3.417525
3.41925
3.4193
3.447425
3.460375
3.464025
3.46585
3.4677
3.4717
3.537
3.539375
3.569525
3.5697
3.574025
3.594475
3.599625
3.6413
3.661525
3.687025
3.706225
3.71245
3.7386
3.740275
3.7557
3.76615
3.769575
3.79505
3.803575
3.835575
3.839825
3.850925
3.854875
3.85655
3.860575
3.8608
3.893325
3.903575
3.9181
3.927175
3.934825
4.00635
4.017625
4.021075
4.051625
4.061975
4.073575
4.074825
4.08655
4.0918
4.096175
4.132775
4.14535
4.1558
4.16365
4.17115
4.1746
4.198475
4.211725
4.235675
4.267075
4.2673
4.274175
4.274575
4.284175
4.297925
4.303475
4.31795
4.332125
4.3436
4.3587
4.359875
4.36055
4.39
4.418325
4.4212
4.42235
4.427125
4.432475
4.433225
4.440975
4.443625
4.471125
4.52415
4.534675
4.535675
4.5662
4.594575
4.633075
4.66615
4.6875
4.709375
4.729025
4.738375
4.752375
4.7593
4.798875
4.8396
4.8511
4.851525
4.868575
4.873775
4.89755
4.91345
4.9518
4.952625
4.95885
4.962475
4.968625
4.978625
5.016675
5.047625
5.05115
5.06855
5.07335
5.109225
5.129125
5.164875
5.1777
5.1986
5.20205
5.202525
5.215475
5.24125
5.2907
5.315625
5.319775
5.35225
5.4244
5.42505
5.439475
5.44615
5.452725
5.459975
5.4694
5.4797
5.482075
5.4854
5.487825
5.51265
5.5266
5.55375
5.55445
5.59365
5.599375
5.60845
5.611375
5.625075
5.639675
5.644375
5.6693
5.676025
5.676625
5.686025
5.69405
5.6985
5.749875
5.83435
5.8512
5.881275
5.90985
5.9517
5.957175
5.96715
5.968225
5.979725
5.998175
5.99965
6.033225
6.06495
6.101475
6.11485
6.12295
6.1318
6.13925
6.13955
6.1572
6.163325
6.21015
6.220525
6.235525
6.280425
6.2832
6.310625
6.33435
6.340175
6.343
6.34395
6.3504
6.372425
6.416425
6.422625
6.459775
6.4768
6.4783
6.4809
6.4959
6.497
6.586975
6.62095
6.63505
6.64195
6.6527
6.67365
6.69045
6.697225
6.714925
6.725275
6.735625
6.742925
6.747275
6.773775
6.7799
6.7885
6.790825
6.8091
6.827275
6.82775
6.868175
6.8728
6.881725
6.888275
6.8991
6.9194
6.93105
6.9504
6.95425
7.016425
7.040575
7.0719
7.071925
7.08065
7.09595
7.115675
7.124525
7.127575
7.151975
7.18595
7.196425
7.2236
7.2249
7.229725
7.2479
7.2504
7.261425
7.26695
7.27875
7.28955
7.292825
7.296225
7.3108
7.3251
7.343475
7.37615
7.387875
7.39735
7.40015
7.40035
7.417725
7.42085
7.422225
7.42355
7.4444
7.4479
7.45345
7.50895
7.518175
7.55415
7.567225
7.56755
7.58275
7.6045
7.60875
7.627175
7.647825
7.659775
7.66465
7.684375
7.6972
7.718725
7.73365
7.7433
7.7766
7.7802
7.820025
7.8435
7.847225
7.85765
7.85775
7.888725
7.9027
7.9034
7.909
7.910225
7.92425
7.931875
7.999125
8.0198
8.0231
8.05765
8.083275
8.090975
8.12355
8.137025
8.146225
8.148775
8.150475
8.16205
8.185825
8.1922
8.211975
8.21845
8.22055
8.228775
8.2414
8.24725
8.26665
8.26965
8.283125
8.2867
8.330625
8.332875
8.3551
8.37345
8.413275
8.446025
8.470425
8.4752
8.492575
8.5042
8.51595
8.52205
8.562825
8.581725
8.593325
8.611825
8.620475
8.630175
8.64135
8.64375
8.6807
8.702825
8.7099
8.716075
8.734675
8.739075
8.786125
8.8109
8.82155
8.82905
8.836
8.858125
8.866025
8.87515
8.8907
8.890875
8.89435
8.947525
9.001525
9.02115
9.0723
9.09825
9.1062
9.142425
9.1498
9.152825
9.160725
9.16435
9.17735
9.18335
9.193725
9.213525
9.227225
9.2282
9.22995
9.234125
9.23665
9.2744
9.28485
9.286975
9.287325
9.296675
9.298125
9.307525
9.312125
9.38415
9.405975
9.4108
9.4187
9.429875
9.452875
9.48245
9.484875
9.48685
9.533775
9.540825
9.554475
9.559225
9.571525
9.576675
9.593475
9.6119
9.6237
9.633225
9.6372
9.709475
9.757325
9.772525
9.783625
9.78455
9.790675
9.806925
9.8167
9.84335
9.846775
9.851475
9.875
9.881175
9.884325
9.8886
9.994075
9.99635
550
