1.01165
1.066425
1.070675
1.09405
1.10145
1.10665
1.150025
1.153825
1.1655
1.188725
1.2145
1.250825
1.259375
1.281575
1.324775
1.33065
1.345575
1.387425
1.41045
1.424675
1.428225
1.43575
1.44435
1.46685
1.46795
1.47035
1.4728
1.48815
1.501125
1.516675
1.5187
1.5228
1.542975
1.549775
1.559875
1.582825
1.587025
1.60625
1.606625
1.61485
1.62435
1.632075
1.636025
1.660925
1.661075
1.671075
1.67535
1.7056
1.714925
1.7155
1.7171
1.721475
1.74265
1.757025
1.76855
1.77845
1.77865
1.783125
1.78985
1.798975
1.8016
1.807425
1.841775
1.84635
1.84745
1.848625
1.860225
1.90285
1.908325
1.9992
2.0399
2.054925
2.069625
2.078975
2.11125
2.129875
2.1447
2.168025
2.184725
2.189325
2.218025
2.22105
2.251075
2.25685
2.293275
2.2946
2.30685
2.320025
2.33
2.339675
2.3449
2.349725
2.359875
2.383875
2.40515
2.4102
2.414425
2.430575
2.453025
2.464025
2.47495
2.47805
2.515325
2.530725
2.58235
2.64275
2.653075
2.653525
2.6875
2.700575
2.720325
2.740225
2.754
2.793475
2.80565
2.810425
2.8189
2.82535
2.830275
2.8403
2.856725
2.8789
2.888475
2.926125
2.928525
2.929375
2.9303
2.962525
2.986425
2.987325
3.019875
3.0286
3.092075
3.10245
3.135875
3.1425
3.1945
3.1965
3.208275
3.233975
3.241475
3.242
3.249625
3.301975
3.306175
3.31185
3.318925
3.32055
3.348175
3.356775
3.36315
3.37035
3.372325
3.40265
3.440175
3.45
3.45665
3.465275
3.466825
3.471675
3.474375
3.501825
3.5037
3.521075
3.52715
3.537225
3.538475
3.58035
3.60755
3.62515
3.64455
3.66155
3.6625
3.71155
3.7362
3.77515
3.7758
3.818175
3.847425
3.853575
3.876425
3.878425
3.9056
3.926775
3.968
3.98305
3.983925
3.995775
3.996625
4.02465
4.041875
4.044875
4.045125
4.094
4.12535
4.1344
4.1435
4.203975
4.2313
4.236075
4.256525
4.2808
4.325725
4.334625
4.342475
4.343575
4.380375
4.3902
4.42055
4.428175
4.436225
4.4595
4.463825
4.4824
4.48935
4.509825
4.51035
4.51155
4.550225
4.575125
4.583975
4.6263
4.653275
4.65655
4.6751
4.6941
4.703725
4.712175
4.71935
4.7366
4.745475
4.751575
4.7644
4.769125
4.845925
4.856825
4.8734
4.876925
4.8776
4.87885
4.926575
4.937975
4.958275
4.99305
5.002825
5.0261
5.02855
5.02965
5.0396
5.063575
5.079675
5.0816
5.086575
5.087675
5.106875
5.137525
5.140925
5.14345
5.163975
5.19545
5.21705
5.2458
5.24985
5.260825
5.261075
5.26185
5.302675
5.3089
5.3281
5.331875
5.35235
5.361525
5.41955
5.435425
5.451
5.4989
5.504
5.5096
5.523975
5.5318
5.557525
5.5661
5.57745
5.578425
5.578725
5.625125
5.681075
5.68675
5.6884
5.689675
5.7041
5.709325
5.712525
5.71485
5.742825
5.786825
5.7975
5.798
5.821575
5.841325
5.842675
5.8433
5.891475
5.897875
5.8986
5.899625
5.926025
5.929425
5.930275
5.946125
5.96615
5.968925
5.97155
5.981575
5.994075
6.025775
6.02635
6.0416
6.069125
6.09015
6.106775
6.113575
6.121825
6.14255
6.1502
6.1591
6.160475
6.20465
6.2056
6.218525
6.258625
6.28365
6.297975
6.29805
6.330175
6.35215
6.357
6.382225
6.463
6.51735
6.52625
6.531275
6.540825
6.5523
6.5528
6.55595
6.595825
6.609
6.6132
6.62015
6.628325
6.640775
6.6509
6.651875
6.675725
6.702825
6.7746
6.78455
6.79345
6.823125
6.899325
6.930625
6.933425
6.945275
6.95405
6.999075
7.114575
7.1225
7.157275
7.159525
7.162425
7.163275
7.184425
7.188675
7.23375
7.235475
7.26805
7.26975
7.28385
7.289025
7.2987
7.3228
7.34385
7.36685
7.375575
7.383625
7.39645
7.41075
7.415675
7.433875
7.43585
7.461625
7.46655
7.476075
7.49415
7.499725
7.5045
7.507575
7.5295
7.544675
7.585575
7.591125
7.60915
7.61095
7.627725
7.65125
7.65465
7.65935
7.665725
7.72275
7.72595
7.7555
7.757825
7.7668
7.787775
7.796225
7.885575
7.91785
7.919125
7.9246
7.93375
7.9354
7.936
7.954775
7.964025
7.965925
7.973225
7.980875
8.017375
8.0176
8.02695
8.0275
8.055525
8.067725
8.085575
8.094475
8.1054
8.13885
8.162325
8.181525
8.21505
8.219275
8.326425
8.4066
8.4334
8.521
8.524075
8.537075
8.5444
8.54835
8.5512
8.56025
8.56035
8.56285
8.5878
8.6382
8.650725
8.6639
8.68925
8.694725
8.716
8.7427
8.7434
8.7453
8.7694
8.83575
8.899875
8.912925
8.91585
8.92705
8.929125
8.9342
8.935175
9.0073
9.023575
9.033025
9.039475
9.05945
9.08015
9.092275
9.101125
9.11735
9.16005
9.1751
9.193
9.1974
9.235075
9.294275
9.3246
9.33385
9.335125
9.3428
9.405225
9.4318
9.43975
9.448975
9.4659
9.47025
9.4782
9.479675
9.52865
9.537075
9.562125
9.562775
9.563775
9.569775
9.576375
9.598175
9.600225
9.6084
9.653175
9.65445
9.65925
9.678975
9.7043
9.7064
9.70735
9.715625
9.731425
9.753
9.76085
9.795675
9.807025
9.814475
9.82045
9.85485
9.909575
9.92035
9.930075
9.974825
9.976525
9.994975
532
