1.011225
1.0151
1.042575
1.057725
1.0883
1.093525
1.1073
1.115
1.118275
1.145675
1.1611
1.170425
1.17565
1.192325
1.194875
1.2125
1.221125
1.25895
1.296525
1.312875
1.325275
1.334325
1.3422
1.36345
1.369775
1.39785
1.4396
1.44705
1.4704
1.49915
1.521675
1.53955
1.582525
1.588475
1.593925
1.612725
1.6367
1.64165
1.646025
1.646625
1.65565
1.68435
1.693925
1.7014
1.70535
1.713875
1.771125
1.7742
1.8069
1.81835
1.819925
1.83955
1.8416
1.85535
1.857375
1.859725
1.86655
1.8702
1.9276
1.9451
1.997525
1.999375
2.002225
2.06125
2.062825
2.07525
2.0784
2.105925
2.1266
2.169875
2.180175
2.1871
2.187825
2.19505
2.20265
2.224075
2.253775
2.2878
2.2885
2.29685
2.303625
2.30665
2.31325
2.342275
2.419075
2.42365
2.43565
2.4509
2.452
2.455575
2.458825
2.459
2.466475
2.467425
2.4726
2.47975
2.52025
2.522425
2.5264
2.5346
2.543575
2.551475
2.557275
2.5673
2.610925
2.613475
2.616425
2.632725
2.634475
2.636
2.643975
2.648675
2.680575
2.685325
2.6869
2.71485
2.732275
2.7521
2.758325
2.77065
2.775225
2.80155
2.80705
2.813075
2.82345
2.847875
2.855525
2.86585
2.871025
2.944875
2.952675
2.960325
2.9638
2.967125
2.969775
2.989025
2.996275
3.000725
3.0143
3.01615
3.04255
3.059025
3.064475
3.06745
3.07155
3.07475
3.085475
3.0963
3.106275
3.107725
3.115325
3.11775
3.133425
3.1366
3.172625
3.18245
3.1971
3.207825
3.22675
3.2333
3.234
3.242625
3.30115
3.301325
3.344925
3.373675
3.377075
3.398075
3.39925
3.39965
3.436825
3.453925
3.454625
3.501
3.525775
3.559375
3.5795
3.60815
3.619175
3.623325
3.625325
3.6294
3.6483
3.653925
3.677225
3.685
3.686425
3.73365
3.74545
3.748575
3.752
3.773375
3.778
3.779725
3.780175
3.797075
3.8206
3.846925
3.872425
3.881825
3.918875
3.92165
3.926925
3.937775
3.955725
4.0002
4.002075
4.00825
4.03755
4.04985
4.0599
4.0725
4.082125
4.1132
4.152075
4.157275
4.18635
4.188125
4.200475
4.201925
4.2021
4.20315
4.2229
4.22865
4.235
4.2396
4.2917
4.298125
4.3213
4.334
4.338225
4.34655
4.347225
4.36695
4.38
4.3832
4.40455
4.444725
4.45535
4.465325
4.4732
4.485925
4.5103
4.52785
4.537075
4.591725
4.6309
4.6434
4.6646
4.725625
4.7311
4.73155
4.758975
4.76145
4.771225
4.78075
4.810475
4.827475
4.8301
4.8546
4.896225
4.948375
4.950825
4.95885
4.973725
4.974125
4.9792
4.979575
4.996375
5.004775
5.0339
5.06045
5.0613
5.068875
5.06915
5.08075
5.09725
5.11915
5.16905
5.169575
5.18255
5.2116
5.22005
5.2289
5.24445
5.27855
5.2936
5.30745
5.313725
5.3465
5.362075
5.3652
5.3921
5.3968
5.407325
5.4125
5.437075
5.454525
5.48385
5.493375
5.504725
5.5262
5.55875
5.577825
5.612025
5.625825
5.6268
5.6281
5.6294
5.643275
5.69255
5.7132
5.7167
5.722325
5.729225
5.73715
5.741375
5.751875
5.7871
5.810375
5.827625
5.85355
5.85695
5.9536
5.971525
5.983675
5.98985
5.996625
6.00755
6.01895
6.03125
6.0342
6.04065
6.0458
6.048025
6.0534
6.1104
6.121275
6.16145
6.176325
6.185925
6.1882
6.2116
6.214225
6.296175
6.314075
6.318775
6.3408
6.392875
6.396725
6.431825
6.450275
6.4568
6.5092
6.537025
6.561575
6.569
6.591575
6.6272
6.63175
6.635325
6.67425
6.74095
6.748925
6.775475
6.77675
6.78865
6.797775
6.798275
6.802025
6.806875
6.816
6.823025
6.83285
6.836525
6.840025
6.84055
6.842575
6.85115
6.858725
6.955925
6.971125
6.978075
6.984575
7.00695
7.011225
7.0463
7.093675
7.104275
7.1173
7.12375
7.14495
7.16515
7.20345
7.22795
7.2289
7.244425
7.2473
7.252275
7.254625
7.28755
7.322625
7.3298
7.350275
7.3604
7.3621
7.3648
7.36815
7.402275
7.435925
7.446425
7.4683
7.492325
7.4993
7.502925
7.54055
7.562575
7.56505
7.5794
7.582125
7.59895
7.6099
7.613325
7.630325
7.636575
7.651875
7.685675
7.6943
7.7012
7.737
7.73965
7.756025
7.7749
7.802575
7.805025
7.813175
7.830975
7.8491
7.874875
7.907175
7.914375
7.918025
7.93265
7.932725
7.9433
7.977075
7.97835
7.994225
8.005275
8.00815
8.0082
8.01565
8.02245
8.024275
8.02815
8.03015
8.0392
8.0535
8.06005
8.116875
8.148075
8.165375
8.1769
8.191325
8.205
8.217425
8.2372
8.247725
8.25945
8.314975
8.35845
8.44595
8.445975
8.46135
8.502225
8.505875
8.560675
8.606125
8.633925
8.637625
8.646025
8.661825
8.667
8.66775
8.687325
8.69825
8.7123
8.728325
8.745125
8.771575
8.802725
8.8449
8.8585
8.862625
8.869075
8.870975
8.89105
8.891175
8.89405
8.9058
8.907225
8.931725
8.953625
8.9578
8.9588
8.959225
8.97735
9.035675
9.0624
9.066875
9.0872
9.11335
9.123975
9.136525
9.1415
9.1528
9.2081
9.23175
9.2548
9.25745
9.285425
9.3008
9.3148
9.316875
9.34605
9.35405
9.366375
9.392925
9.41405
9.421625
9.471
9.486075
9.495775
9.5711
9.61775
9.632575
9.64695
9.654075
9.6617
9.6727
9.678925
9.68245
9.697075
9.71425
9.748975
9.785825
9.806
9.80645
9.8119
9.855075
9.8837
9.8934
9.9063
9.92725
9.945725
9.96595
9.97365
9.978525
9.982925
9.995625
560
