1.005475
1.01815
1.032275
1.03775
1.085975
1.09905
1.107825
1.122825
1.1486
1.174
1.20385
1.2146
1.229575
1.2521
1.26915
1.276325
1.276625
1.2995
1.305175
1.318225
1.3242
1.34465
1.3673
1.3857
1.399075
1.401725
1.407725
1.416175
1.424625
1.42565
1.43
1.448275
1.45815
1.4958
1.528025
1.538025
1.60235
1.603675
1.66675
1.672425
1.6755
1.679275
1.724575
1.734175
1.76465
1.765075
1.767
1.770525
1.77515
1.779
1.802875
1.81825
1.834575
1.93475
1.948425
1.953025
1.953325
1.966175
1.972825
1.985825
2.01225
2.0139
2.0215
2.035475
2.047875
2.049325
2.056025
2.086225
2.1082
2.112775
2.11515
2.115175
2.132525
2.1408
2.161025
2.17315
2.198025
2.24525
2.2548
2.274725
2.2812
2.2841
2.28445
2.39155
2.4219
2.4718
2.484375
2.484425
2.489675
2.536025
2.539075
2.5996
2.60615
2.612075
2.613625
2.614225
2.678575
2.70445
2.71845
2.725675
2.730575
2.7349
2.7409
2.750675
2.776375
2.78995
2.7902
2.795475
2.795775
2.79775
2.8259
2.872575
2.872925
2.875475
2.953625
2.96605
2.999525
3.01905
3.03815
3.0516
3.051625
3.08205
3.085575
3.103275
3.105625
3.109725
3.121025
3.168725
3.1803
3.2327
3.24515
3.252175
3.26195
3.282425
3.28575
3.289
3.311625
3.318575
3.3562
3.364725
3.373925
3.384175
3.39425
3.394525
3.4095
3.411075
3.42065
3.422675
3.43645
3.44505
3.46985
3.472175
3.518125
3.525425
3.535675
3.55805
3.572325
3.5994
3.626175
3.63245
3.638625
3.651375
3.657825
3.66355
3.673275
3.69325
3.705775
3.728825
3.737575
3.772875
3.774275
3.7823
3.80935
3.83205
3.832625
3.83285
3.8654
3.90795
3.911675
3.917925
3.928125
3.93225
3.934025
3.940125
3.9521
3.9759
3.990925
3.99325
4.00055
4.0103
4.023
4.0268
4.0449
4.0543
4.062
4.0998
4.1261
4.134425
4.14045
4.161875
4.20145
4.217525
4.233775
4.284525
4.317275
4.35795
4.376775
4.377975
4.3786
4.39525
4.396025
4.396425
4.405125
4.438425
4.471925
4.475325
4.476325
4.48965
4.514075
4.536175
4.55955
4.58375
4.592675
4.59585
4.605975
4.6199
4.63505
4.63845
4.646675
4.65325
4.660775
4.672325
4.680425
4.684725
4.6925
4.722075
4.724325
4.7291
4.73515
4.73915
4.74115
4.772825
4.78465
4.79365
4.803075
4.80545
4.838475
4.8539
4.8926
4.8977
4.8993
4.912475
4.946325
4.95425
4.95995
4.965525
4.98375
4.999925
5.001175
5.020125
5.038825
5.044775
5.059175
5.07695
5.082025
5.08905
5.089375
5.09485
5.1337
5.172075
5.1946
5.1987
5.19925
5.219825
5.22485
5.2283
5.264275
5.312025
5.325025
5.350175
5.379175
5.3832
5.3869
5.393425
5.427175
5.433575
5.449675
5.46185
5.478475
5.479275
5.4793
5.4862
5.48705
5.4884
5.511075
5.512625
5.5267
5.54365
5.547475
5.557425
5.5621
5.58545
5.59375
5.6052
5.613525
5.627975
5.639
5.641575
5.6426
5.672025
5.6884
5.70775
5.7093
5.7347
5.748475
5.75025
5.7557
5.7727
5.773125
5.784425
5.7863
5.793
5.79855
5.806775
5.817425
5.817775
5.833225
5.86615
5.8901
5.9576
5.96665
5.9998
6.014
6.02785
6.03715
6.04145
6.05645
6.086775
6.0983
6.103075
6.131625
6.14305
6.1461
6.15755
6.165225
6.175475
6.204725
6.2146
6.231525
6.2403
6.276425
6.307175
6.350675
6.37435
6.396025
6.396675
6.439375
6.4697
6.4825
6.498675
6.49885
6.49935
6.505625
6.508475
6.5115
6.51655
6.538375
6.550325
6.564825
6.5784
6.589425
6.590725
6.626475
6.627375
6.687375
6.70005
6.729575
6.738775
6.73985
6.761375
6.7827
6.786875
6.78885
6.793
6.795525
6.80775
6.82495
6.864275
6.871925
6.8792
6.893025
6.9059
6.932125
6.963275
6.96565
6.969575
6.9749
6.989925
7.0187
7.02555
7.031375
7.058125
7.0692
7.10805
7.129525
7.1406
7.157025
7.158275
7.1714
7.1821
7.188975
7.193275
7.274625
7.2831
7.300875
7.319725
7.357775
7.38085
7.39075
7.409975
7.462525
7.489575
7.490725
7.5067
7.555575
7.585375
7.58745
7.593525
7.59925
7.604925
7.61505
7.6254
7.631075
7.63195
7.6544
7.6596
7.663075
7.6663
7.687175
7.6955
7.70125
7.713525
7.7279
7.73735
7.74075
7.74375
7.75165
7.78385
7.7972
7.834125
7.8342
7.859075
7.86605
7.878375
7.893025
7.90475
7.910825
7.914075
7.9143
7.940075
7.97055
7.972775
7.97545
7.999125
8.00015
8.02725
8.044975
8.04765
8.0557
8.069375
8.069525
8.07675
8.106425
8.1107
8.1123
8.134975
8.1392
8.156425
8.17305
8.185975
8.19495
8.202725
8.20765
8.2145
8.230575
8.2498
8.257275
8.26815
8.285475
8.298825
8.300275
8.322525
8.340175
8.369825
8.378525
8.408975
8.414025
8.432325
8.43685
8.466125
8.476175
8.487725
8.5209
8.5231
8.524125
8.531675
8.603675
8.66
8.67595
8.695775
8.70185
8.7097
8.71375
8.74845
8.7567
8.76995
8.7866
8.78945
8.7931
8.806575
8.825775
8.859975
8.8651
8.897175
8.9012
8.946325
8.96285
8.963025
8.965125
8.98255
9.00085
9.0126
9.01495
9.0428
9.05245
9.085275
9.08925
9.164825
9.1746
9.182925
9.19805
9.228725
9.25595
9.27795
9.32195
9.350225
9.35685
9.365175
9.373825
9.3806
9.384125
9.4112
9.4144
9.436725
9.4727
9.4931
9.54205
9.5431
9.573425
9.5907
9.65
9.65515
9.6901
9.7055
9.71495
9.725675
9.7332
9.75755
9.8015
9.8103
9.82495
9.825475
9.8579
9.885475
9.928625
9.9408
9.948775
9.960325
9.994325
9.9955
9.997275
581
