1.011575
1.015125
1.0169
1.030125
1.04555
1.060075
1.111825
1.11205
1.187275
1.20405
1.212625
1.22145
1.22175
1.2359
1.253125
1.27945
1.28185
1.303825
1.305325
1.3377
1.347625
1.3559
1.3713
1.38435
1.397875
1.399175
1.4374
1.45205
1.4666
1.499325
1.51055
1.535
1.58415
1.59115
1.626175
1.6284
1.63625
1.6705
1.671175
1.681275
1.699475
1.723525
1.752425
1.754825
1.785125
1.8271
1.8519
1.852075
1.86255
1.8795
1.895025
1.9271
1.941325
1.9514
1.959925
1.973825
2.00345
2.0124
2.035275
2.059925
2.10565
2.115725
2.16305
2.186875
2.192125
2.208925
2.280875
2.3126
2.35605
2.3763
2.3853
2.388975
2.4205
2.4307
2.4323
2.44255
2.45165
2.455625
2.4809
2.501025
2.539075
2.544875
2.551025
2.554525
2.57305
2.577025
2.5788
2.589675
2.5986
2.644675
2.6538
2.67585
2.70115
2.707225
2.7354
2.7383
2.767225
2.769325
2.778425
2.784625
2.7966
2.808675
2.811625
2.818575
2.834975
2.8467
2.920975
2.926225
2.940975
2.969275
2.972425
3.0031
3.003725
3.007375
3.023925
3.041225
3.0419
3.079075
3.12735
3.1359
3.147375
3.179325
3.1986
3.20095
3.202625
3.207675
3.212975
3.275725
3.276175
3.296425
3.302325
3.310925
3.3136
3.328125
3.331675
3.3525
3.357975
3.39955
3.481225
3.484325
3.51475
3.53585
3.53995
3.5745
3.581275
3.59435
3.6122
3.67135
3.68245
3.68765
3.68945
3.701775
3.719425
3.726875
3.76595
3.77295
3.773325
3.79685
3.800625
3.813925
3.82935
3.862075
3.869
3.8691
3.87015
3.885375
3.89015
3.916375
3.94165
3.966425
3.970375
3.982325
3.992525
4.00795
4.0452
4.075125
4.080925
4.087
4.094225
4.12055
4.126775
4.132
4.160725
4.1654
4.184375
4.202525
4.2044
4.25695
4.25775
4.266575
4.270475
4.2747
4.332225
4.343025
4.34945
4.400525
4.402475
4.4026
4.41175
4.429875
4.432975
4.433925
4.458275
4.46335
4.5006
4.51725
4.54175
4.553875
4.5887
4.6042
4.608525
4.617725
4.624175
4.634675
4.639125
4.64375
4.649925
4.657325
4.6996
4.71795
4.731625
4.758925
4.76025
4.767925
4.78305
4.7835
4.78635
4.786725
4.806375
4.825325
4.825625
4.827125
4.870825
4.87375
4.91135
4.91365
4.940125
4.965975
4.98135
4.9925
4.9969
5.00265
5.0458
5.06025
5.066225
5.0684
5.082125
5.11855
5.1204
5.141075
5.14715
5.15665
5.16875
5.1738
5.179375
5.181825
5.1958
5.1999
5.205725
5.209875
5.22865
5.2347
5.253625
5.254
5.26775
5.2731
5.273925
5.3139
5.33685
5.338525
5.357
5.380275
5.40365
5.404125
5.423575
5.43255
5.43815
5.4401
5.475125
5.509725
5.518975
5.5639
5.56825
5.5806
5.584375
5.591975
5.60625
5.61425
5.646975
5.651575
5.657425
5.67005
5.6792
5.687
5.784275
5.78435
5.7961
5.80855
5.8588
5.875925
5.876525
5.900925
5.951525
5.97355
5.9886
6.02835
6.07355
6.075175
6.08575
6.09805
6.128425
6.16875
6.179525
6.20415
6.2224
6.233275
6.247575
6.247925
6.24985
6.2522
6.296675
6.30815
6.3325
6.369125
6.38465
6.3991
6.451275
6.483625
6.489525
6.50595
6.526525
6.527975
6.558125
6.5631
6.598125
6.612125
6.613475
6.67575
6.725725
6.73605
6.7468
6.74825
6.835775
6.8402
6.851875
6.857775
6.870525
6.952975
6.954925
6.973525
6.97825
6.985375
6.986025
7.035525
7.036475
7.04625
7.06705
7.090625
7.103175
7.1072
7.145575
7.1675
7.1689
7.17005
7.1711
7.177
7.195225
7.19535
7.1991
7.22755
7.2442
7.2712
7.302675
7.3061
7.3205
7.3281
7.332825
7.37885
7.39285
7.403875
7.42185
7.462175
7.475925
7.476925
7.5313
7.55265
7.570925
7.61535
7.6194
7.643525
7.686
7.7198
7.738025
7.77455
7.775575
7.785325
7.789375
7.81505
7.820525
7.8258
7.855675
7.8769
7.87835
7.88755
7.9187
7.942625
7.9505
7.956625
7.9986
8.033825
8.035725
8.05785
8.083625
8.103825
8.134375
8.140125
8.14775
8.1639
8.1662
8.175425
8.2004
8.209125
8.22745
8.31795
8.338275
8.343825
8.348125
8.349075
8.36395
8.40235
8.5387
8.5415
8.542375
8.5646
8.59515
8.6033
8.609625
8.62455
8.652175
8.6735
8.67585
8.690075
8.707225
8.721925
8.72405
8.7595
8.76605
8.7686
8.780375
8.784525
8.7866
8.79535
8.809175
8.810925
8.8257
8.830475
8.8337
8.8508
8.8589
8.877
8.90935
8.91325
8.92355
8.932725
8.946775
8.947725
8.961425
8.97675
9.015725
9.016425
9.06515
9.070675
9.09405
9.1241
9.143625
9.18765
9.188975
9.213175
9.2164
9.217425
9.260525
9.26125
9.2667
9.27105
9.281475
9.295675
9.3105
9.347425
9.3526
9.362375
9.395725
9.3974
9.41785
9.531475
9.532875
9.544
9.594025
9.62425
9.63705
9.64015
9.658375
9.664575
9.685225
9.70945
9.7197
9.728875
9.734975
9.7582
9.7798
9.781525
9.80905
9.8213
9.824275
9.86065
9.88205
9.904625
9.9161
9.951175
9.957125
9.9719
9.9795
9.99385
9.994425
523
