1.015375
1.0538
1.0649
1.07555
1.08825
1.22515
1.229075
1.23535
1.24845
1.250975
1.2628
1.27315
1.2756
1.283875
1.28465
1.29945
1.323625
1.330625
1.336575
1.412325
1.429175
1.452275
1.455225
1.521625
1.550125
1.5761
1.623675
1.64445
1.6522
1.6744
1.696925
1.70225
1.72285
1.743625
1.77545
1.79225
1.833225
1.836925
1.837875
1.847325
1.847975
1.851675
1.953325
1.96025
1.968625
1.97895
1.979525
2.001825
2.00185
2.00855
2.026625
2.0318
2.05245
2.06975
2.073075
2.109275
2.11055
2.12465
2.14355
2.1511
2.16415
2.1944
2.2235
2.23355
2.2458
2.25285
2.25385
2.27205
2.27435
2.281425
2.32025
2.32305
2.362625
2.365975
2.38565
2.394425
2.396675
2.3999
2.449325
2.45355
2.468425
2.4729
2.492675
2.492975
2.517425
2.532075
2.53985
2.58555
2.590475
2.59455
2.594925
2.5985
2.6249
2.670825
2.71715
2.71765
2.7473
2.7978
2.79925
2.833625
2.850125
2.854975
2.88795
2.888075
2.89115
2.90785
2.92135
2.92515
2.9353
2.9468
2.986475
3.022075
3.0297
3.059225
3.0611
3.069725
3.13135
3.13515
3.13575
3.140625
3.1736
3.177725
3.19655
3.236025
3.242325
3.25265
3.263075
3.284325
3.2873
3.3251
3.326825
3.32685
3.329825
3.330575
3.336775
3.34075
3.350975
3.376025
3.3804
3.38195
3.43045
3.436775
3.442475
3.4606
3.465625
3.488325
3.51175
3.53885
3.542925
3.563525
3.57995
3.63335
3.67515
3.71035
3.74835
3.777575
3.7838
3.78735
3.80625
3.868475
3.873325
3.91875
3.924875
3.927175
3.93085
3.9399
3.956375
3.986225
4.047525
4.1026
4.1438
4.1445
4.170975
4.189275
4.2105
4.2392
4.272075
4.277375
4.311775
4.345775
4.348925
4.34945
4.365
4.38325
4.410425
4.462325
4.471475
4.491575
4.51215
4.512275
4.559225
4.572525
4.605275
4.6072
4.612125
4.6156
4.6172
4.6284
4.629175
4.630175
4.64135
4.656525
4.66445
4.67345
4.683775
4.700325
4.7012
4.70425
4.7069
4.709325
4.7403
4.746925
4.777425
4.8121
4.825175
4.83345
4.8536
4.880425
4.927175
4.95525
4.964275
4.977175
4.985825
4.9913
5.09895
5.1057
5.115475
5.1157
5.1204
5.12265
5.196175
5.203375
5.20545
5.2222
5.25835
5.288275
5.32155
5.34695
5.358375
5.359225
5.3643
5.37215
5.375875
5.37925
5.3856
5.390325
5.393525
5.420325
5.43215
5.45235
5.488675
5.512
5.519125
5.549775
5.56
5.565375
5.579375
5.5921
5.595
5.613975
5.655875
5.69085
5.701925
5.702425
5.7086
5.721025
5.739125
5.747975
5.752275
5.78635
5.800175
5.82755
5.835375
5.843325
5.844875
5.875225
5.90815
5.920275
5.9208
5.92095
5.956875
5.980075
5.982075
5.9826
5.9888
6.013425
6.02795
6.050975
6.05795
6.065025
6.1209
6.14935
6.18535
6.201675
6.2212
6.2375
6.242025
6.274175
6.2751
6.34385
6.355075
6.378675
6.381925
6.386225
6.403325
6.4037
6.44165
6.441825
6.445
6.4489
6.518925
6.54725
6.556425
6.56295
6.5915
6.607625
6.63515
6.641175
6.642075
6.65015
6.65865
6.688025
6.721675
6.730475
6.7386
6.7468
6.770075
6.844075
6.85495
6.8597
6.85985
6.865025
6.8713
6.87655
6.87785
6.887825
6.89265
6.91375
6.918325
6.939625
6.946375
6.97295
6.98655
7.002975
7.136175
7.1455
7.163775
7.1896
7.2177
7.243025
7.29085
7.2914
7.3118
7.3137
7.31735
7.337925
7.349
7.358675
7.375125
7.38305
7.388325
7.41305
7.443475
7.446
7.480175
7.4833
7.493825
7.5023
7.53455
7.5346
7.540575
7.543175
7.553925
7.5601
7.568325
7.64275
7.6647
7.665
7.693275
7.701
7.70215
7.7282
7.743175
7.753325
7.77165
7.775175
7.77955
7.797925
7.802725
7.802975
7.805825
7.8485
7.87335
7.9226
7.9298
7.947875
7.9773
8.013375
8.018725
8.022175
8.022925
8.027025
8.032375
8.0578
8.06275
8.065325
8.094375
8.0959
8.1111
8.124475
8.138525
8.1873
8.214425
8.23305
8.23955
8.250475
8.265825
8.26925
8.2727
8.27825
8.2805
8.2867
8.289025
8.28925
8.315875
8.353875
8.3793
8.385225
8.386425
8.425325
8.425725
8.43775
8.43815
8.468
8.50165
8.526125
8.5651
8.56535
8.57865
8.58905
8.59445
8.59475
8.59905
8.6089
8.614225
8.627125
8.642875
8.67335
8.69475
8.700225
8.702375
8.773825
8.817125
8.8215
8.82165
8.82425
8.846825
8.85465
8.8707
8.875125
8.880525
8.904425
8.908675
8.9208
8.923125
8.928275
8.9725
8.9854
9.00615
9.01515
9.027
9.034025
9.034675
9.055275
9.064225
9.078575
9.09125
9.1289
9.1729
9.202175
9.2041
9.207875
9.208375
9.21535
9.2156
9.2279
9.252225
9.26975
9.27515
9.2758
9.2949
9.3432
9.34425
9.3527
9.355775
9.375225
9.39825
9.419575
9.4227
9.46615
9.470525
9.478125
9.488825
9.530575
9.562275
9.5868
9.628125
9.65335
9.657075
9.670925
9.6893
9.7014
9.706975
9.7222
9.72795
9.76135
9.78055
9.8262
9.83625
9.848225
9.850325
9.85515
9.867325
9.905325
9.9241
9.97145
9.986
9.990825
528
