1.025675
1.02925
1.04065
1.0456
1.06535
1.06655
1.0678
1.074275
1.0852
1.0966
1.101875
1.1107
1.117025
1.124325
1.124525
1.161575
1.179025
1.18705
1.19675
1.234975
1.238925
1.278175
1.30825
1.32605
1.346575
1.392475
1.393725
1.4194
1.439225
1.47855
1.4954
1.5034
1.507275
1.515
1.52085
1.52995
1.534875
1.584925
1.586775
1.603
1.62085
1.6252
1.62855
1.64025
1.6575
1.671275
1.699675
1.702175
1.70545
1.7099
1.734325
1.748675
1.75775
1.762425
1.76305
1.7887
1.795575
1.908525
1.94615
1.95815
1.965275
1.98045
1.982275
1.9853
2.080625
2.0982
2.1018
2.15485
2.168725
2.186725
2.1914
2.2241
2.238825
2.2394
2.240075
2.261525
2.269
2.271025
2.27835
2.2948
2.32
2.3265
2.3304
2.33315
2.337825
2.3423
2.360325
2.38135
2.3967
2.41255
2.4275
2.428675
2.461625
2.463925
2.465275
2.484075
2.517775
2.53575
2.5426
2.57525
2.6071
2.6177
2.6283
2.6309
2.6452
2.649975
2.66305
2.700625
2.700725
2.707825
2.7094
2.7178
2.7565
2.76605
2.78665
2.8453
2.854625
2.858325
2.899225
2.906925
2.916375
2.916675
2.9342
2.966925
2.9712
2.974075
2.980875
3.002975
3.031975
3.046375
3.04655
3.04875
3.11445
3.12065
3.1271
3.129475
3.1497
3.1541
3.162875
3.16715
3.171775
3.176475
3.195
3.20485
3.213525
3.2345
3.255525
3.2775
3.291825
3.292475
3.294925
3.3061
3.347675
3.363925
3.366775
3.370925
3.3851
3.391875
3.4098
3.44145
3.45135
3.458025
3.466375
3.46965
3.485125
3.488525
3.5206
3.531825
3.545225
3.579375
3.583725
3.585025
3.62295
3.643225
3.681625
3.7281
3.7339
3.777275
3.823275
3.8755
3.880875
3.930375
3.9376
4.014625
4.02045
4.041675
4.067025
4.076175
4.0804
4.1331
4.163975
4.18105
4.181825
4.203525
4.209175
4.2285
4.23865
4.256275
4.2573
4.2993
4.308025
4.3504
4.365
4.37215
4.394875
4.403875
4.4166
4.4176
4.419825
4.423375
4.4373
4.47055
4.48235
4.4958
4.50315
4.56165
4.590075
4.64655
4.6728
4.6743
4.723525
4.7422
4.77995
4.795875
4.8034
4.866625
4.876975
4.88235
4.886975
4.89175
4.893375
4.9674
4.992875
5.0044
5.025325
5.027825
5.08945
5.0912
5.09335
5.102425
5.109575
5.11125
5.12095
5.143775
5.162425
5.1965
5.20905
5.2205
5.2223
5.2342
5.2596
5.262675
5.278525
5.2801
5.2816
5.28415
5.30745
5.323
5.3424
5.361625
5.3652
5.383375
5.4014
5.422775
5.4342
5.43595
5.442825
5.44825
5.49145
5.508175
5.523975
5.5637
5.59005
5.597875
5.606075
5.60715
5.625975
5.643425
5.65325
5.670375
5.670675
5.686625
5.689375
5.6914
5.699575
5.755225
5.759575
5.778025
5.8137
5.81395
5.821325
5.824025
5.831525
5.854625
5.900975
5.912525
5.917525
5.9177
5.922975
5.930375
5.94585
5.95385
5.956875
5.9635
5.9856
5.9902
6.00355
6.013375
6.031775
6.05415
6.09385
6.098175
6.129575
6.129825
6.133025
6.152925
6.170925
6.20575
6.22215
6.2238
6.243925
6.2538
6.254675
6.299425
6.325175
6.345025
6.35605
6.3952
6.410775
6.422
6.424725
6.44495
6.475825
6.47695
6.4837
6.528125
6.560425
6.56385
6.607725
6.616175
6.625675
6.640825
6.641025
6.648375
6.665025
6.674625
6.67685
6.6836
6.753175
6.7601
6.78005
6.82875
6.83895
6.8712
6.871375
6.8921
6.8963
6.924325
6.931075
6.94035
6.9427
6.948775
6.9516
6.97055
6.975025
6.975375
6.9973
7.032225
7.043425
7.043525
7.076075
7.082325
7.100825
7.115225
7.1246
7.1532
7.16015
7.165675
7.180775
7.182025
7.19725
7.200025
7.230675
7.2505
7.255575
7.27425
7.326775
7.36355
7.375375
7.377825
7.38605
7.41715
7.420275
7.424175
7.441525
7.4482
7.458025
7.508525
7.5278
7.5294
7.5972
7.60575
7.610825
7.614675
7.625375
7.62815
7.6305
7.6671
7.6816
7.6818
7.695725
7.70975
7.71835
7.7207
7.724875
7.762775
7.767325
7.76915
7.776875
7.788425
7.8775
7.87875
7.9186
7.925075
7.927925
7.929775
7.940825
7.967425
7.98705
7.99625
8.075825
8.085375
8.087775
8.09915
8.10845
8.109125
8.146025
8.152575
8.207725
8.208675
8.210425
8.2228
8.233825
8.23505
8.2717
8.274975
8.309375
8.314625
8.3264
8.329375
8.32975
8.3506
8.371125
8.423775
8.465375
8.496075
8.50235
8.558825
8.57035
8.5823
8.591575
8.62045
8.6365
8.63715
8.6414
8.644925
8.6549
8.6585
8.675375
8.68005
8.69155
8.697125
8.710125
8.71855
8.733425
8.74095
8.754025
8.755575
8.7583
8.766675
8.79975
8.800775
8.836875
8.84805
8.8794
8.880925
8.919125
8.92085
8.933025
8.958475
8.96905
8.97815
9.012125
9.036175
9.041175
9.0504
9.064025
9.0653
9.067325
9.076675
9.0854
9.08545
9.1125
9.125575
9.13265
9.14415
9.165875
9.191825
9.25005
9.253075
9.2652
9.26625
9.27735
9.298175
9.303725
9.3085
9.328575
9.331925
9.346275
9.3607
9.3897
9.400625
9.4033
9.426725
9.437925
9.4464
9.455075
9.4581
9.45905
9.48045
9.50205
9.533025
9.53735
9.554475
9.5887
9.603075
9.61725
9.6389
9.656275
9.659675
9.667325
9.691575
9.75375
9.75865
9.785
9.822025
9.843625
9.8833
9.893675
9.920475
9.9222
9.93765
9.975075
9.98085
9.99805
9.99865
556
