1.005375
1.018775
1.03265
1.06195
1.06475
1.09025
1.1155
1.13185
1.1368
1.167625
1.17
1.177725
1.179125
1.1825
1.185925
1.18845
1.22525
1.24505
1.2628
1.263875
1.27565
1.280925
1.313
1.3393
1.343975
1.3549
1.419375
1.445325
1.4459
1.4533
1.4718
1.475575
1.4866
1.5171
1.537425
1.548975
1.5697
1.58525
1.5934
1.593725
1.60945
1.65845
1.688275
1.6916
1.705725
1.710225
1.710275
1.710475
1.71585
1.717175
1.758875
1.772125
1.776875
1.83255
1.834125
1.834375
1.85935
1.866725
1.889025
1.894825
1.906075
1.921975
1.92785
1.9317
1.9479
1.996125
2.004025
2.016725
2.022575
2.042375
2.065775
2.066025
2.067875
2.1067
2.1213
2.169125
2.18505
2.212375
2.21475
2.235425
2.257975
2.264075
2.26725
2.275325
2.2906
2.2908
2.29325
2.3056
2.340375
2.347425
2.361025
2.37395
2.380075
2.38145
2.397975
2.410475
2.415825
2.417475
2.42715
2.443875
2.4638
2.47675
2.479475
2.489075
2.49005
2.50735
2.521175
2.5237
2.537125
2.5379
2.5549
2.55895
2.58025
2.605825
2.6354
2.63645
2.687525
2.7494
2.756225
2.7855
2.8046
2.807225
2.8104
2.8136
2.814975
2.8267
2.837825
2.840475
2.840525
2.84845
2.872475
2.881075
2.91935
2.919675
2.92445
2.951475
2.95375
2.9595
2.963525
3.003025
3.023825
3.027775
3.101775
3.1817
3.208175
3.210125
3.2227
3.24105
3.261925
3.267725
3.303575
3.32025
3.341475
3.3465
3.35265
3.3542
3.356475
3.3604
3.392
3.41345
3.4138
3.417125
3.42255
3.4349
3.43545
3.443575
3.46995
3.479175
3.541425
3.545175
3.549275
3.579375
3.61415
3.626625
3.65115
3.6821
3.694375
3.698375
3.701875
3.703075
3.75385
3.753975
3.75445
3.767725
3.767975
3.785975
3.80495
3.82415
3.858825
3.9068
3.93665
3.974675
3.97585
4.013375
4.04245
4.056075
4.058725
4.09515
4.096525
4.11275
4.112825
4.145025
4.14825
4.1551
4.159425
4.164675
4.166525
4.178675
4.183675
4.229575
4.232675
4.286675
4.29215
4.298375
4.2994
4.3396
4.351175
4.364625
4.401525
4.410625
4.41725
4.420275
4.427575
4.441925
4.482625
4.4908
4.495275
4.49805
4.5191
4.54545
4.5649
4.611975
4.61235
4.613675
4.619275
4.62085
4.659175
4.661475
4.670725
4.695825
4.721575
4.729075
4.730925
4.742425
4.811825
4.853525
4.887775
4.9021
4.910725
4.95995
4.995725
5.00425
5.0506
5.1126
5.1208
5.138425
5.13845
5.20255
5.21025
5.211275
5.222075
5.266275
5.286925
5.30415
5.332775
5.337225
5.3529
5.39715
5.3982
5.4221
5.474575
5.49155
5.49355
5.5328
5.552575
5.589925
5.599
5.620575
5.62805
5.63125
5.6497
5.690525
5.696325
5.709525
5.7392
5.7524
5.764425
5.7947
5.8154
5.821325
5.833675
5.839525
5.853725
5.857675
5.8619
5.892
5.937225
5.954725
5.98665
6.003525
6.005275
6.005525
6.028325
6.030975
6.03855
6.058225
6.06345
6.0661
6.06915
6.072675
6.097975
6.116875
6.13175
6.134075
6.1352
6.1633
6.177
6.18285
6.199825
6.23045
6.237175
6.243125
6.279325
6.2842
6.284975
6.292275
6.295175
6.3196
6.4023
6.44055
6.4562
6.525325
6.52685
6.547
6.55245
6.561775
6.604375
6.6113
6.61845
6.648825
6.68335
6.68605
6.6879
6.70455
6.710675
6.7125
6.729525
6.753225
6.760225
6.760825
6.767275
6.767675
6.78075
6.789875
6.829275
6.847825
6.8581
6.870625
6.892325
6.907275
6.9154
6.926625
6.968175
6.97205
6.99145
7.0081
7.040825
7.045225
7.06325
7.071025
7.10595
7.1128
7.11695
7.12695
7.146625
7.2504
7.262
7.285575
7.30285
7.3029
7.307275
7.314575
7.330875
7.34905
7.3641
7.3665
7.428375
7.430975
7.455875
7.4644
7.4731
7.488325
7.50705
7.523675
7.5277
7.52985
7.535725
7.55205
7.553375
7.56685
7.58615
7.661025
7.67075
7.708475
7.715075
7.715425
7.72565
7.727525
7.7312
7.764725
7.77575
7.787375
7.791675
7.82375
7.825175
7.8532
7.8649
7.90045
7.920725
7.9385
7.974175
7.98315
7.9845
7.98815
8.012675
8.044325
8.04685
8.0525
8.05785
8.116625
8.14515
8.187
8.2143
8.2297
8.24235
8.2756
8.2988
8.338725
8.33915
8.3706
8.442575
8.44825
8.455275
8.468925
8.470875
8.49775
8.502125
8.5022
8.50315
8.5264
8.570975
8.619175
8.6224
8.636025
8.636325
8.667925
8.6759
8.683675
8.6839
8.7091
8.71095
8.717375
8.7645
8.810525
8.82155
8.830825
8.86255
8.873
8.8781
8.90845
8.921975
8.929425
8.940475
8.9633
9.0136
9.031075
9.056275
9.064025
9.075
9.079975
9.113225
9.13455
9.152675
9.185925
9.18725
9.1875
9.201375
9.2037
9.21545
9.225225
9.2524
9.304525
9.31625
9.355275
9.363225
9.38915
9.39345
9.393525
9.397325
9.407975
9.422925
9.427425
9.43075
9.4478
9.4835
9.486225
9.4906
9.492225
9.4976
9.5276
9.5916
9.603375
9.609025
9.629825
9.64415
9.6699
9.6983
9.704325
9.715725
9.7171
9.7283
9.729375
9.739075
9.746025
9.750925
9.7608
9.779525
9.786725
9.7963
9.8134
9.823375
9.86455
9.88155
9.902625
9.92325
9.9388
9.941375
9.951075
9.955225
9.9678
9.97365
541
