1.0064
1.02315
1.037025
1.061675
1.067
1.078625
1.08285
1.0919
1.104475
1.12165
1.2038
1.207225
1.2343
1.261825
1.266675
1.283375
1.2953
1.3055
1.307325
1.3111
1.32165
1.33185
1.336575
1.341125
1.40485
1.4076
1.41795
1.4735
1.47465
1.532775
1.5561
1.566825
1.5722
1.57635
1.5872
1.5952
1.620375
1.645375
1.65635
1.660375
1.674025
1.6753
1.687625
1.701375
1.709
1.72435
1.7303
1.735025
1.741425
1.818725
1.823275
1.8538
1.8569
1.86495
1.876075
1.887075
1.90215
1.91825
1.9535
1.95725
1.96075
1.96295
1.97755
2.00975
2.03525
2.05055
2.10595
2.10895
2.116
2.117625
2.199625
2.22455
2.2398
2.259375
2.2793
2.30075
2.3346
2.36275
2.3876
2.39605
2.402825
2.40475
2.420825
2.453025
2.520575
2.524775
2.539375
2.542625
2.5645
2.6232
2.625225
2.684075
2.685775
2.707025
2.70775
2.717225
2.736375
2.75515
2.766725
2.772875
2.805325
2.865975
2.875325
2.87915
2.882825
2.89385
2.894025
2.928125
2.9291
2.99025
2.9935
2.998125
3.006475
3.025725
3.029225
3.062875
3.066075
3.0814
3.092025
3.099575
3.118975
3.127525
3.14085
3.15365
3.172675
3.190875
3.191425
3.19795
3.20135
3.20255
3.2214
3.226625
3.230625
3.23495
3.236825
3.243275
3.253825
3.280825
3.29135
3.2955
3.3116
3.3682
3.378275
3.3931
3.403475
3.427825
3.43105
3.4545
3.463125
3.47845
3.490925
3.4995
3.501225
3.56885
3.583475
3.587
3.587275
3.58785
3.592675
3.610725
3.6482
3.663975
3.6824
3.70565
3.730925
3.76235
3.799
3.807125
3.828475
3.8512
3.856225
3.8606
3.8784
3.87945
3.883075
3.88805
3.901525
3.901625
3.9223
3.934275
3.93455
3.93995
3.940875
3.944775
3.951425
3.9556
3.959575
3.961425
4.016375
4.0196
4.039675
4.049625
4.0523
4.06735
4.1219
4.12695
4.12825
4.1296
4.143725
4.146375
4.152075
4.203825
4.259425
4.3014
4.3376
4.352175
4.35995
4.364075
4.380275
4.39235
4.398425
4.481075
4.499125
4.509525
4.512
4.52105
4.528125
4.5618
4.593
4.5948
4.5981
4.598175
4.600025
4.608125
4.633675
4.654825
4.655075
4.680725
4.705775
4.7079
4.72365
4.73775
4.739925
4.740075
4.78795
4.79735
4.8017
4.8226
4.828775
4.844975
4.880375
4.89625
4.90925
4.92185
4.929125
4.97505
4.979125
4.996625
4.99815
5.02115
5.02155
5.0283
5.083025
5.084875
5.092725
5.096925
5.143725
5.14415
5.14555
5.1547
5.179375
5.1799
5.22075
5.227675
5.242225
5.24965
5.26425
5.2771
5.2805
5.3129
5.323275
5.333925
5.341025
5.3446
5.345825
5.3504
5.363425
5.38285
5.3865
5.42065
5.431975
5.453975
5.48565
5.50725
5.514975
5.5211
5.524425
5.5344
5.5364
5.54575
5.568775
5.5782
5.581825
5.601875
5.61655
5.63465
5.6654
5.694175
5.707475
5.71445
5.714725
5.7154
5.7287
5.740225
5.755675
5.76125
5.848
5.853525
5.866675
5.9253
5.95045
5.958975
5.97435
6.010725
6.0648
6.075575
6.07995
6.091575
6.117425
6.1431
6.160475
6.1851
6.219
6.2365
6.2403
6.2624
6.2701
6.28075
6.28485
6.3058
6.30845
6.313125
6.323075
6.333925
6.341525
6.346975
6.347275
6.34735
6.3932
6.396625
6.399325
6.439475
6.44325
6.4739
6.483025
6.491825
6.500825
6.51525
6.5377
6.538575
6.548175
6.5689
6.58635
6.591375
6.6056
6.606
6.645575
6.65265
6.670475
6.710675
6.716225
6.718825
6.724
6.733775
6.740075
6.7593
6.781525
6.819975
6.844
6.847625
6.883625
6.9445
6.944675
6.947925
6.987525
7.011175
7.027975
7.04545
7.05235
7.0694
7.10655
7.112
7.132675
7.151975
7.186975
7.207575
7.212575
7.21435
7.2252
7.277025
7.299775
7.31575
7.317025
7.349775
7.353475
7.362025
7.372575
7.393025
7.3981
7.4065
7.4077
7.41435
7.41825
7.436825
7.44955
7.452275
7.489175
7.508325
7.50835
7.512275
7.5211
7.525575
7.562525
7.589475
7.59605
7.6117
7.615725
7.646475
7.696925
7.697775
7.71385
7.741925
7.75185
7.761
7.76615
7.803875
7.809625
7.862525
7.869225
7.896925
7.90575
7.91635
7.917725
7.935925
7.94735
7.96325
7.9922
7.99975
8.02015
8.036025
8.036925
8.08235
8.15635
8.1586
8.1772
8.1864
8.188125
8.225175
8.249925
8.25035
8.2731
8.314075
8.32215
8.3452
8.395925
8.398225
8.41805
8.44855
8.456325
8.457525
8.476775
8.481825
8.5262
8.52925
8.533375
8.538525
8.5401
8.54435
8.5497
8.56565
8.578
8.58505
8.596475
8.599425
8.644875
8.654425
8.66805
8.691575
8.722075
8.8277
8.837025
8.8808
8.881525
8.88175
8.88335
8.88445
8.884725
8.888675
8.88985
8.892525
8.91605
8.923525
8.93865
8.946925
8.968025
8.9727
9.011925
9.021075
9.034275
9.037225
9.0582
9.0618
9.084425
9.085175
9.092825
9.1391
9.16555
9.174225
9.18695
9.1891
9.2058
9.209475
9.211225
9.216125
9.2197
9.2267
9.2368
9.240375
9.24665
9.26665
9.272975
9.29325
9.31355
9.315025
9.3185
9.349325
9.3554
9.3635
9.381225
9.388475
9.409275
9.413
9.41765
9.4206
9.476225
9.513175
9.52695
9.5431
9.5614
9.581425
9.586025
9.590775
9.629725
9.648075
9.6487
9.671875
9.680175
9.7125
9.72165
9.765325
9.7669
9.7687
9.770025
9.7736
9.794425
9.8294
9.891275
9.896625
9.919525
9.954375
9.954425
9.981225
562
