1.01365
1.026225
1.03965
1.059775
1.0746
1.11015
1.113
1.1343
1.137825
1.145475
1.15505
1.1849
1.1859
1.19575
1.227175
1.251875
1.2589
1.30965
1.330775
1.3386
1.33945
1.340225
1.3413
1.377025
1.401725
1.422125
1.4264
1.4276
1.45705
1.5327
1.539625
1.54125
1.55625
1.578625
1.60015
1.60225
1.618225
1.62365
1.646175
1.703025
1.74305
1.786075
1.791175
1.804475
1.83365
1.839
1.848275
1.853975
1.86215
1.87165
1.8993
1.905325
1.923575
1.984775
1.993125
1.994775
2.00055
2.02255
2.0734
2.083275
2.0858
2.098275
2.101625
2.1036
2.20975
2.2289
2.2327
2.24625
2.251375
2.254225
2.2558
2.28095
2.2815
2.303775
2.305025
2.3397
2.341
2.342275
2.3567
2.37385
2.3776
2.3865
2.386575
2.395675
2.416975
2.444075
2.4462
2.506775
2.530725
2.53395
2.559425
2.593925
2.6228
2.628725
2.651
2.6732
2.675175
2.6871
2.692975
2.71095
2.759875
2.795525
2.805
2.819975
2.82405
2.8435
2.84565
2.849625
2.8511
2.856925
2.86065
2.8689
2.87695
2.87805
2.881675
2.8828
2.9274
2.92985
2.93395
2.937925
2.986
2.9903
3.003125
3.0389
3.0488
3.0502
3.065
3.0725
3.07955
3.116125
3.117275
3.1222
3.126875
3.128075
3.16595
3.17435
3.189175
3.201675
3.206325
3.218
3.230825
3.231875
3.235775
3.24
3.257675
3.2603
3.283075
3.28505
3.3107
3.3167
3.34515
3.360075
3.3893
3.445525
3.492025
3.52005
3.565375
3.57
3.622175
3.63325
3.6436
3.65535
3.6901
3.690475
3.708175
3.71035
3.724675
3.74055
3.741125
3.77705
3.777075
3.777775
3.7822
3.79915
3.82075
3.82655
3.83205
3.84205
3.850975
3.877075
3.89595
3.915
3.915075
3.930225
3.9449
3.9465
3.960675
3.965325
3.967025
3.97545
3.981775
4.00535
4.0209
4.021
4.023375
4.02695
4.058175
4.063425
4.0743
4.08795
4.098025
4.10075
4.124325
4.159475
4.166525
4.1817
4.19495
4.215275
4.215925
4.22015
4.238625
4.238775
4.2388
4.2458
4.247575
4.262025
4.2918
4.2982
4.327025
4.333675
4.3533
4.373625
4.42645
4.444775
4.4468
4.455
4.4571
4.4796
4.52405
4.533425
4.540475
4.5959
4.59805
4.639425
4.643775
4.64605
4.6505
4.65115
4.666075
4.73125
4.78935
4.8098
4.831275
4.84935
4.854625
4.854875
4.887225
4.9112
4.91985
4.932
4.951825
4.994525
4.9978
5.006975
5.0179
5.084725
5.087025
5.0908
5.091025
5.1106
5.140325
5.19
5.198975
5.1996
5.202625
5.2269
5.227825
5.23855
5.25215
5.263675
5.279225
5.297725
5.311275
5.311925
5.374925
5.37985
5.3951
5.479625
5.48165
5.510625
5.539525
5.549925
5.623225
5.62405
5.63245
5.63385
5.647425
5.65775
5.6701
5.6854
5.691025
5.714325
5.731275
5.7574
5.763525
5.8326
5.849025
5.8804
5.8807
5.881875
5.89455
5.910275
5.919725
5.93845
5.9504
5.95045
5.9807
5.990275
6.001625
6.0038
6.00695
6.00735
6.0222
6.02515
6.1058
6.115975
6.123875
6.151625
6.164075
6.208175
6.22005
6.23855
6.2529
6.27105
6.312475
6.34185
6.34605
6.36435
6.374625
6.38305
6.40965
6.41035
6.4201
6.420825
6.423675
6.4349
6.4459
6.504175
6.543525
6.549775
6.56015
6.5716
6.61175
6.6183
6.633125
6.647275
6.65015
6.654425
6.66285
6.686325
6.704075
6.755925
6.79675
6.80005
6.834875
6.83645
6.9041
6.932875
6.935725
6.989175
6.995
7.005025
7.033675
7.040325
7.1388
7.1421
7.14365
7.14465
7.15015
7.157675
7.162725
7.169425
7.175675
7.19585
7.209625
7.212
7.2347
7.261475
7.2706
7.27925
7.28935
7.308975
7.313975
7.3269
7.337825
7.39375
7.426625
7.4701
7.47585
7.484775
7.486525
7.498025
7.53
7.578625
7.602075
7.60655
7.615825
7.6191
7.6276
7.630575
7.6431
7.65735
7.663425
7.663625
7.671
7.6829
7.684625
7.6972
7.739375
7.7427
7.746875
7.7562
7.759475
7.763725
7.779625
7.7833
7.7939
7.81105
7.837025
7.866025
7.870525
7.9081
7.9259
7.931925
7.94645
7.9476
7.95995
7.965175
7.980875
8.038725
8.04015
8.04115
8.0654
8.070875
8.077625
8.0835
8.08525
8.108025
8.127775
8.143375
8.162525
8.2
8.207425
8.217925
8.21885
8.2546
8.277275
8.28185
8.30235
8.3028
8.303975
8.3558
8.366975
8.391525
8.431375
8.45035
8.452875
8.478
8.4859
8.497425
8.51895
8.5245
8.52905
8.5692
8.58795
8.60405
8.6314
8.6413
8.65085
8.7014
8.757225
8.85875
8.904925
8.90805
8.928625
8.93065
8.955925
8.963425
8.98335
8.9853
8.988125
8.995525
9.019125
9.03285
9.039575
9.040875
9.05995
9.077075
9.094675
9.1133
9.130575
9.146525
9.190925
9.237225
9.24415
9.246875
9.251175
9.2832
9.287925
9.290875
9.3367
9.345925
9.353325
9.3747
9.40145
9.4117
9.433875
9.4362
9.44945
9.4894
9.4973
9.5028
9.52265
9.52375
9.527975
9.5583
9.584225
9.608325
9.65935
9.663175
9.668925
9.6838
9.696675
9.764775
9.779875
9.789375
9.796875
9.823375
9.837225
9.84885
9.89705
9.921475
9.9243
9.92965
9.960775
9.9676
9.967975
9.97805
9.997325
539
