1.0059
1.0192
1.0494
1.052575
1.073
1.206025
1.2184
1.222
1.250725
1.26625
1.2749
1.2791
1.286225
1.31165
1.318575
1.343425
1.435025
1.444475
1.51715
1.5281
1.5298
1.5339
1.5363
1.545375
1.551925
1.55465
1.569675
1.582375
1.5888
1.591775
1.632525
1.64195
1.6531
1.66485
1.69155
1.69195
1.7302
1.76085
1.768175
1.846375
1.879675
1.897975
1.9126
1.92315
1.954575
1.968475
2.02355
2.076875
2.09575
2.097625
2.160225
2.20605
2.206775
2.2278
2.23835
2.253575
2.281325
2.295425
2.30255
2.31015
2.367975
2.38805
2.4174
2.42855
2.43725
2.455625
2.4613
2.489775
2.504525
2.5201
2.5409
2.547925
2.54805
2.5518
2.573475
2.589825
2.6047
2.63115
2.66845
2.6881
2.692525
2.6975
2.750475
2.7533
2.782525
2.812025
2.81805
2.821575
2.8588
2.859825
2.88325
2.941
2.97575
2.98215
2.9842
3.00025
3.0181
3.031725
3.049475
3.05565
3.056625
3.074225
3.078525
3.0925
3.095875
3.11715
3.120525
3.122775
3.132075
3.161275
3.176
3.176675
3.1795
3.2183
3.225725
3.231025
3.24105
3.25205
3.27195
3.276525
3.29165
3.298475
3.301675
3.327
3.3365
3.33855
3.34895
3.384575
3.400525
3.406075
3.430425
3.433675
3.5122
3.532775
3.54535
3.597275
3.60225
3.61715
3.623925
3.6338
3.6402
3.664875
3.672825
3.6732
3.7496
3.7825
3.79625
3.819125
3.8294
3.83295
3.84795
3.861
3.86785
3.906675
3.922325
3.9627
3.9729
3.9781
3.98055
3.993575
3.99365
3.9948
4.00625
4.0177
4.066075
4.075475
4.0803
4.0986
4.12655
4.160575
4.192025
4.1945
4.20165
4.237875
4.246625
4.268325
4.281175
4.291275
4.325925
4.335775
4.3526
4.373
4.377075
4.384325
4.38545
4.4179
4.4449
4.4454
4.4503
4.452625
4.514975
4.52975
4.534475
4.5503
4.557225
4.565075
4.571775
4.5764
4.58485
4.58655
4.5887
4.607225
4.614175
4.632225
4.64625
4.650725
4.674025
4.69915
4.704875
4.7155
4.72575
4.754525
4.761175
4.76805
4.776275
4.77885
4.806425
4.842425
4.84435
4.85475
4.881425
4.8887
4.89835
4.909325
4.93065
4.9485
4.95095
4.966575
5.00965
5.016625
5.022375
5.026725
5.037325
5.046675
5.06875
5.082175
5.0857
5.0911
5.101175
5.110225
5.13205
5.13755
5.151725
5.1595
5.165575
5.17165
5.206475
5.209775
5.2119
5.246925
5.2488
5.265075
5.280525
5.284425
5.28455
5.3096
5.337975
5.388975
5.416475
5.432125
5.44685
5.464975
5.4746
5.489225
5.539175
5.5769
5.582525
5.6026
5.618975
5.621275
5.641
5.6547
5.67045
5.7174
5.731125
5.755975
5.76795
5.7761
5.8048
5.865025
5.87355
5.8897
5.89665
5.90575
5.9364
5.9385
5.9793
5.989025
5.989875
6.000675
6.00155
6.00755
6.0156
6.016775
6.034575
6.064025
6.0793
6.09545
6.118375
6.146475
6.148275
6.155025
6.161175
6.20725
6.2191
6.223575
6.236625
6.2487
6.2542
6.25755
6.275875
6.2818
6.292975
6.314625
6.31525
6.3562
6.36675
6.379425
6.3804
6.409375
6.4137
6.42605
6.446475
6.4495
6.452525
6.473175
6.531475
6.556425
6.5839
6.60025
6.60615
6.640025
6.673925
6.674725
6.687625
6.713875
6.715125
6.726825
6.729575
6.760375
6.8331
6.8553
6.86365
6.8704
6.88105
6.92685
6.927175
6.990325
7.01195
7.02315
7.029425
7.042475
7.047625
7.063925
7.069425
7.071175
7.07285
7.078975
7.088525
7.101675
7.115275
7.1176
7.1394
7.1411
7.158025
7.16225
7.219975
7.2526
7.25845
7.2659
7.275925
7.286175
7.29335
7.311375
7.31215
7.313
7.31605
7.325625
7.3281
7.333225
7.372125
7.377775
7.399875
7.41125
7.435
7.449075
7.486525
7.507275
7.507975
7.509925
7.52075
7.527275
7.5326
7.54265
7.554075
7.558625
7.567625
7.581475
7.583575
7.6006
7.62585
7.652125
7.655625
7.7247
7.74425
7.7569
7.7837
7.813975
7.82915
7.8292
7.8322
7.847425
7.886775
7.89475
7.923275
7.938225
7.948425
7.95355
8.022
8.03065
8.090525
8.099125
8.101525
8.140975
8.142375
8.16005
8.176475
8.1818
8.204025
8.21115
8.212475
8.251825
8.266975
8.27955
8.291575
8.302775
8.3029
8.3044
8.352675
8.358225
8.36635
8.3752
8.3801
8.403225
8.404475
8.404575
8.41015
8.4112
8.43025
8.4307
8.4424
8.457425
8.4746
8.47825
8.51025
8.5486
8.5511
8.55455
8.5583
8.619375
8.69675
8.69775
8.708825
8.773225
8.822775
8.823025
8.859475
8.890275
8.903275
9.02995
9.046825
9.066325
9.075875
9.089075
9.099275
9.118475
9.1276
9.163775
9.1642
9.169475
9.175175
9.1944
9.20245
9.223425
9.248325
9.2699
9.288725
9.29075
9.302175
9.302325
9.3179
9.322825
9.3801
9.394625
9.413225
9.439025
9.453725
9.461175
9.4805
9.538725
9.54385
9.54685
9.548825
9.554925
9.589725
9.618825
9.624775
9.635275
9.6707
9.677325
9.6901
9.715675
9.76195
9.771225
9.796575
9.798075
9.79855
9.831075
9.842
9.86045
9.873175
9.879375
9.885275
9.8902
9.900275
9.9163
9.952875
9.95565
9.9608
9.961425
9.985575
9.9928
9.99405
533
