1.003025
1.044675
1.120825
1.130175
1.170475
1.18585
1.191575
1.2139
1.22
1.2209
1.234925
1.2519
1.274025
1.3043
1.31605
1.319
1.33245
1.34835
1.363025
1.3799
1.3825
1.394175
1.405575
1.405975
1.46925
1.483375
1.48795
1.4956
1.514625
1.520525
1.524325
1.536875
1.561175
1.561375
1.579525
1.579725
1.618175
1.653675
1.66575
1.6698
1.672175
1.6964
1.710175
1.71155
1.781725
1.788975
1.8371
1.84395
1.968025
1.989825
2.0004
2.0786
2.12965
2.14015
2.148075
2.155025
2.166975
2.26795
2.26895
2.284325
2.29155
2.30365
2.31285
2.322
2.352375
2.3605
2.381525
2.434075
2.436475
2.45105
2.459075
2.52245
2.541175
2.5416
2.54165
2.551225
2.591125
2.608425
2.64375
2.670875
2.686425
2.70245
2.7027
2.711675
2.714425
2.71995
2.721475
2.72415
2.737125
2.759
2.7859
2.8194
2.8253
2.84785
2.8572
2.860225
2.88
2.90305
2.912125
2.9465
2.959025
3.012625
3.022675
3.051925
3.077025
3.108875
3.140925
3.14495
3.15865
3.1941
3.203825
3.255675
3.33285
3.343425
3.35105
3.351775
3.3589
3.376875
3.41965
3.44475
3.452375
3.45865
3.462225
3.477125
3.481375
3.5276
3.53525
3.536675
3.539625
3.54915
3.5528
3.56435
3.5652
3.5986
3.627475
3.63175
3.635175
3.650925
3.668675
3.682025
3.6941
3.7188
3.721775
3.741425
3.7877
3.808525
3.82475
3.838375
3.8431
3.874
3.9215
3.927625
3.933675
3.952375
3.9551
3.95565
3.95735
4.005875
4.027125
4.038875
4.0492
4.057325
4.059925
4.077225
4.081675
4.08185
4.091475
4.109925
4.14225
4.1659
4.166575
4.1778
4.211
4.274
4.27725
4.2921
4.314025
4.326525
4.329175
4.329425
4.3454
4.346075
4.350125
4.352375
4.39085
4.394275
4.5104
4.529425
4.54
4.540875
4.554925
4.56035
4.56425
4.581425
4.583475
4.588425
4.593225
4.604275
4.644125
4.6862
4.73235
4.7368
4.753
4.76805
4.777275
4.78245
4.790225
4.844225
4.85985
4.8717
4.872825
4.898525
4.89865
4.90015
4.924475
4.9411
4.945575
4.95625
5.018375
5.022375
5.0495
5.066975
5.076
5.1177
5.2019
5.20465
5.216925
5.224725
5.270425
5.27145
5.2868
5.2971
5.304475
5.304675
5.30625
5.3111
5.349525
5.356225
5.3587
5.3653
5.37915
5.38035
5.393625
5.3992
5.4004
5.40355
5.4444
5.461025
5.50805
5.5348
5.5576
5.562275
5.562875
5.563875
5.5664
5.577375
5.596675
5.606175
5.6286
5.6328
5.6454
5.6705
5.671075
5.6742
5.67445
5.7019
5.769025
5.7818
5.8239
5.8341
5.843375
5.8469
5.863325
5.86665
5.916775
5.94405
5.956175
5.986575
5.99755
6.009925
6.01465
6.015125
6.022325
6.025325
6.027775
6.041525
6.067975
6.09955
6.119075
6.182275
6.2381
6.246475
6.282625
6.289725
6.296475
6.3118
6.319275
6.33955
6.34
6.401525
6.415325
6.428275
6.43205
6.44295
6.447825
6.507425
6.510525
6.511975
6.5164
6.518725
6.52595
6.5418
6.557075
6.564475
6.582525
6.6002
6.602825
6.62575
6.6283
6.635
6.636025
6.705275
6.726725
6.738325
6.767975
6.77715
6.7809
6.807975
6.814175
6.823725
6.83715
6.8702
6.870325
6.870425
6.87115
6.883
6.90675
6.91475
6.9152
6.9454
6.96955
6.975175
6.979775
6.983875
7.014225
7.03
7.036625
7.03915
7.0425
7.051025
7.053975
7.0779
7.11675
7.137175
7.13925
7.1858
7.212225
7.238875
7.239875
7.302025
7.327925
7.32865
7.330275
7.33485
7.368925
7.36925
7.3968
7.400275
7.407325
7.4166
7.440275
7.469725
7.483175
7.4928
7.503075
7.52575
7.52635
7.54785
7.555075
7.579575
7.590875
7.607725
7.61175
7.61635
7.6279
7.6304
7.669475
7.676125
7.688775
7.70385
7.72445
7.72575
7.735525
7.746525
7.74795
7.783825
7.81745
7.828425
7.8513
7.85965
7.870175
7.898325
7.907925
7.9244
7.9265
7.9271
7.93165
7.941825
7.9627
7.995125
8.00725
8.030225
8.118575
8.125925
8.132375
8.15695
8.15975
8.18115
8.18135
8.1887
8.203
8.23595
8.254575
8.264025
8.307175
8.36525
8.3679
8.37025
8.38775
8.390875
8.406025
8.4086
8.409275
8.422275
8.42675
8.44655
8.487325
8.540175
8.55675
8.568975
8.600325
8.60335
8.607725
8.6269
8.64785
8.684975
8.69375
8.703925
8.7046
8.71545
8.725875
8.73015
8.735
8.749075
8.766675
8.7756
8.7945
8.817125
8.837925
8.855225
8.8932
8.9284
8.94595
8.9593
8.983375
8.9894
8.996025
9.010925
9.01145
9.01605
9.041075
9.0424
9.044
9.070775
9.0788
9.098875
9.11315
9.127125
9.134725
9.1523
9.186525
9.209825
9.2264
9.233075
9.243725
9.25015
9.251075
9.29255
9.322875
9.328475
9.330375
9.350875
9.3652
9.3736
9.395525
9.435625
9.442175
9.47025
9.477525
9.479675
9.503325
9.5132
9.51475
9.515975
9.51725
9.5298
9.55
9.583525
9.64785
9.65225
9.695275
9.703375
9.7036
9.711475
9.717625
9.738975
9.744075
9.75005
9.777
9.784575
9.8036
9.82325
9.860525
9.868575
9.8862
9.940175
9.979825
9.981725
9.996675
529
