1.017025
1.0175
1.028825
1.0342
1.05445
1.056425
1.07805
1.107
1.115075
1.1343
1.13935
1.162325
1.1634
1.1669
1.17235
1.1843
1.19625
1.20235
1.219275
1.23935
1.283125
1.306125
1.3675
1.37165
1.3853
1.41425
1.42365
1.447725
1.454375
1.459025
1.476625
1.48565
1.518125
1.52995
1.582025
1.599275
1.661375
1.668325
1.67665
1.676675
1.6828
1.7161
1.71835
1.75635
1.75805
1.80895
1.81915
1.8387
1.84695
1.944275
1.944575
1.946025
1.948625
1.99065
2.005925
2.044125
2.07765
2.0779
2.09675
2.130325
2.13175
2.14515
2.16985
2.178225
2.184025
2.2109
2.220975
2.2827
2.28385
2.298475
2.31745
2.367575
2.37725
2.38805
2.3933
2.40535
2.405725
2.413375
2.426775
2.4832
2.491975
2.4936
2.52725
2.539425
2.551825
2.5613
2.56335
2.566125
2.570525
2.5834
2.5998
2.61655
2.669675
2.717925
2.72105
2.729875
2.73905
2.797975
2.81065
2.82525
2.849
2.8611
2.866225
2.881875
2.897575
2.897725
2.919475
2.93615
2.968075
2.970925
2.975875
2.9996
3.028675
3.040025
3.040375
3.073375
3.0779
3.091525
3.134175
3.1539
3.166825
3.1687
3.174
3.18245
3.23905
3.24675
3.252375
3.309325
3.30985
3.332
3.33335
3.349925
3.35835
3.35895
3.3691
3.37165
3.4165
3.459925
3.49335
3.50485
3.5071
3.522125
3.55535
3.555475
3.565475
3.570425
3.588025
3.59515
3.651725
3.665175
3.673675
3.7088
3.71275
3.714225
3.720425
3.730025
3.7434
3.745175
3.755025
3.7559
3.7605
3.778575
3.79075
3.825625
3.833925
3.8423
3.844475
3.84605
3.8623
3.8693
3.877075
3.879725
3.934125
3.934625
3.9366
3.9417
3.959325
3.967975
3.975925
4.015825
4.044825
4.09055
4.0942
4.127475
4.1358
4.13685
4.169375
4.208025
4.2267
4.249675
4.3017
4.3033
4.312275
4.326775
4.3321
4.34995
4.3907
4.4079
4.420275
4.442525
4.443625
4.453825
4.493375
4.507125
4.57165
4.593075
4.63405
4.6423
4.67905
4.68125
4.702975
4.710775
4.72395
4.7309
4.738875
4.75085
4.753125
4.793725
4.820025
4.879925
4.909225
4.917875
4.94195
4.948725
4.9581
5.0041
5.004975
5.0323
5.09645
5.1087
5.1518
5.176625
5.192125
5.2118
5.2498
5.280125
5.281575
5.29205
5.367275
5.40655
5.414875
5.4183
5.435125
5.5053
5.51795
5.531275
5.535425
5.54515
5.567875
5.574925
5.59215
5.59875
5.620925
5.6431
5.6525
5.65925
5.678575
5.72865
5.729375
5.752575
5.76345
5.769225
5.77285
5.785575
5.8193
5.866725
5.86725
5.8719
5.88735
5.894525
5.8972
5.897825
5.90875
5.9606
5.99865
6.01855
6.050825
6.084
6.08445
6.084475
6.128125
6.155575
6.1645
6.177175
6.181975
6.202025
6.219075
6.2354
6.2733
6.27815
6.291725
6.32465
6.33655
6.38255
6.3945
6.41555
6.483325
6.52555
6.54685
6.566725
6.570075
6.5934
6.611275
6.619025
6.643525
6.6438
6.69235
6.6965
6.702075
6.75395
6.762975
6.774575
6.829975
6.8403
6.84135
6.860225
6.87075
6.870875
6.87535
6.887275
6.906175
6.9156
6.9213
6.940125
6.9485
6.958675
6.990225
6.999975
7.0435
7.089875
7.0958
7.11385
7.11945
7.1198
7.136975
7.148125
7.1651
7.17145
7.1775
7.179125
7.198275
7.200875
7.203
7.214225
7.229275
7.274475
7.2754
7.29695
7.32585
7.346375
7.362325
7.36895
7.369625
7.375325
7.376525
7.390975
7.401375
7.418575
7.4199
7.435725
7.4392
7.443225
7.4489
7.466975
7.4762
7.494025
7.540225
7.5576
7.5665
7.578325
7.606025
7.60785
7.625825
7.6518
7.665275
7.707425
7.730975
7.733625
7.735225
7.757775
7.7821
7.8124
7.8297
7.83425
7.8508
7.864875
7.871075
7.876575
7.883675
7.9247
7.934275
7.98475
8.0047
8.01395
8.017025
8.020225
8.0464
8.061375
8.061975
8.062525
8.07105
8.07815
8.11095
8.11395
8.1288
8.128825
8.170025
8.184225
8.21755
8.25845
8.279625
8.281
8.299525
8.309125
8.3139
8.359475
8.38425
8.432275
8.4471
8.4547
8.472525
8.523
8.54435
8.565225
8.56595
8.6121
8.625625
8.638575
8.646975
8.6684
8.688925
8.694475
8.705825
8.70935
8.718275
8.75035
8.79655
8.83215
8.8395
8.8434
8.881425
8.899975
8.9001
8.901575
8.9209
8.929225
8.951025
8.9625
8.964625
8.987675
8.98905
8.992625
9.02305
9.0444
9.053775
9.06865
9.0827
9.088125
9.1239
9.194275
9.197875
9.239525
9.25345
9.26175
9.276525
9.280425
9.343425
9.3436
9.350775
9.366775
9.367625
9.40865
9.411125
9.416925
9.422025
9.447825
9.524
9.53305
9.549675
9.59075
9.60245
9.647275
9.655375
9.6823
9.685075
9.696275
9.709225
9.7389
9.75045
9.751125
9.818275
9.82175
9.833175
9.856525
9.865525
9.887925
9.899275
9.90705
9.907775
9.917975
9.924525
9.9376
9.9651
9.96805
9.98625
505
