1.01615
1.044225
1.063425
1.067075
1.08915
1.110975
1.1369
1.13695
1.192125
1.213275
1.213825
1.243425
1.2444
1.298525
1.318425
1.3194
1.33625
1.36685
1.381625
1.393575
1.42415
1.443375
1.4525
1.464925
1.488225
1.51255
1.53845
1.5518
1.569125
1.57495
1.584525
1.5907
1.629975
1.6504
1.666625
1.690425
1.7244
1.758475
1.767625
1.775875
1.782475
1.809275
1.823225
1.8365
1.838925
1.84615
1.8475
1.85385
1.8541
1.856375
1.856475
1.908875
1.9439
1.94965
1.967875
1.976425
2.014775
2.01555
2.0167
2.024025
2.05635
2.0742
2.0826
2.09305
2.096975
2.099275
2.111275
2.1132
2.117125
2.1221
2.1352
2.14575
2.149575
2.1711
2.189475
2.202125
2.225
2.225925
2.231325
2.32065
2.32795
2.333725
2.339925
2.3571
2.35905
2.367775
2.392175
2.401375
2.401675
2.4398
2.443525
2.46545
2.470225
2.473775
2.493225
2.498975
2.52265
2.531275
2.5627
2.614925
2.6367
2.640075
2.664625
2.67425
2.686725
2.7362
2.73765
2.757275
2.77385
2.811925
2.814825
2.8286
2.835675
2.839125
2.863225
2.873175
2.880425
2.8852
2.920775
2.928025
2.95805
2.959725
2.960675
2.975375
2.9823
2.982875
2.98395
3.006625
3.0316
3.04155
3.0957
3.099775
3.135275
3.140525
3.180625
3.19525
3.2132
3.256675
3.257425
3.3026
3.31465
3.323925
3.3324
3.345125
3.347125
3.352175
3.401525
3.403175
3.411
3.435725
3.4422
3.443675
3.44755
3.4605
3.480025
3.484675
3.496325
3.52415
3.527025
3.538725
3.53955
3.550775
3.56995
3.5806
3.589275
3.596825
3.603025
3.611525
3.61275
3.61665
3.64795
3.725725
3.749825
3.751
3.881425
3.9044
3.93425
3.93505
3.942325
3.949825
3.956325
3.992475
4.024
4.0272
4.089
4.0967
4.105825
4.1708
4.181025
4.184025
4.190625
4.192025
4.194375
4.209475
4.2224
4.22995
4.236725
4.236975
4.25555
4.27635
4.3138
4.317875
4.32895
4.361325
4.364725
4.381525
4.40645
4.406925
4.413725
4.42455
4.4417
4.46105
4.466875
4.486125
4.492325
4.49575
4.501175
4.513525
4.51735
4.524125
4.541675
4.5603
4.6032
4.609825
4.615725
4.625925
4.679275
4.690975
4.7308
4.733
4.740775
4.752925
4.7657
4.797475
4.80355
4.805375
4.818775
4.818975
4.82725
4.840975
4.843875
4.84525
4.86335
4.87005
4.871725
4.879075
4.888
4.91155
4.9189
4.919675
4.925175
4.9502
4.955725
4.970575
4.989525
4.99605
5.001025
5.009075
5.00945
5.04905
5.060175
5.086
5.10945
5.1114
5.1303
5.131975
5.13935
5.160025
5.186325
5.2072
5.210325
5.2161
5.235775
5.246275
5.25295
5.25555
5.257225
5.3008
5.31195
5.317
5.3411
5.34375
5.345275
5.3712
5.413925
5.44085
5.441025
5.50225
5.5101
5.532725
5.539225
5.55225
5.596825
5.60585
5.6059
5.63315
5.696975
5.70625
5.73205
5.73615
5.7431
5.775575
5.79055
5.80055
5.81405
5.819625
5.82525
5.84165
5.848175
5.8599
5.865175
5.880675
5.9029
5.9155
5.91635
5.934925
5.94245
5.946025
5.974375
5.988525
5.995475
5.9974
6.02465
6.0272
6.05755
6.07835
6.078825
6.079725
6.09175
6.096275
6.119
6.1528
6.16915
6.174075
6.183225
6.18835
6.1957
6.1968
6.2216
6.242675
6.268975
6.2796
6.28175
6.312325
6.312475
6.33025
6.337975
6.3776
6.402325
6.41095
6.414825
6.432025
6.44135
6.451575
6.489275
6.50035
6.56295
6.58365
6.599575
6.60025
6.652075
6.667575
6.69865
6.7313
6.7366
6.783025
6.786875
6.849825
6.9072
6.9079
6.910225
6.939225
6.9464
6.960775
6.98535
7.0021
7.017925
7.0408
7.046925
7.10445
7.14765
7.18065
7.1915
7.211475
7.224075
7.25365
7.2963
7.3017
7.30515
7.3059
7.316075
7.34755
7.368775
7.386425
7.39125
7.407575
7.412725
7.42615
7.443975
7.4474
7.452075
7.456775
7.46025
7.497575
7.5145
7.523075
7.542175
7.544225
7.5509
7.55935
7.5695
7.5965
7.62275
7.648025
7.6573
7.6577
7.71215
7.74615
7.748575
7.754025
7.78095
7.7878
7.790525
7.806325
7.807475
7.81515
7.83945
7.8617
7.886475
7.9011
7.9032
7.949975
7.95535
8.01235
8.03415
8.043375
8.072925
8.1239
8.127425
8.135
8.19755
8.203975
8.215
8.2396
8.245825
8.25085
8.281025
8.283875
8.320675
8.33445
8.341125
8.358625
8.364525
8.372375
8.3792
8.401725
8.40505
8.42115
8.422775
8.422825
8.452775
8.47615
8.508475
8.559825
8.58275
8.601325
8.60885
8.609025
8.684475
8.722125
8.7481
8.788375
8.800975
8.805075
8.81755
8.8417
8.847825
8.856725
8.85915
8.9131
8.9253
8.968375
8.970525
8.970825
8.981725
8.99865
9.008425
9.035775
9.043675
9.045525
9.0605
9.07
9.071825
9.073
9.074025
9.1045
9.10485
9.13305
9.136975
9.15825
9.244275
9.33305
9.33565
9.345625
9.374625
9.3879
9.4109
9.4388
9.470925
9.476075
9.504925
9.523175
9.527575
9.5618
9.566325
9.574175
9.5871
9.595925
9.597775
9.5978
9.601075
9.6013
9.61535
9.640325
9.6617
9.6656
9.667375
9.67485
9.690875
9.703875
9.724625
9.7399
9.7716
9.7757
9.7943
9.8015
9.82085
9.839825
9.841725
9.843825
9.844675
9.859125
9.901625
9.9108
9.93195
9.932625
9.9525
9.962725
548
