1.0206
1.0347
1.0498
1.06325
1.096125
1.113375
1.118625
1.258725
1.28425
1.3422
1.347075
1.362675
1.3766
1.411175
1.427125
1.435825
1.4489
1.4668
1.472325
1.4809
1.4934
1.5148
1.519625
1.52005
1.52415
1.55935
1.58135
1.599625
1.609525
1.619875
1.62515
1.634875
1.6434
1.659925
1.71195
1.744875
1.7584
1.76165
1.784725
1.80855
1.843375
1.8537
1.863625
1.883075
1.890575
1.895725
1.900875
1.912775
1.917625
1.9228
1.931875
1.936775
1.9482
1.952375
1.95795
2.006575
2.0143
2.01915
2.0341
2.040125
2.045525
2.0551
2.0932
2.162675
2.16425
2.181925
2.2124
2.217675
2.219775
2.2211
2.248675
2.26205
2.277475
2.28055
2.306275
2.312525
2.3203
2.321975
2.3255
2.3303
2.3312
2.334375
2.35405
2.398575
2.418925
2.429675
2.45205
2.471625
2.5024
2.5164
2.531675
2.540975
2.5447
2.573875
2.582525
2.59465
2.597125
2.605175
2.617525
2.62625
2.626875
2.66775
2.6826
2.7005
2.72535
2.75965
2.76895
2.77045
2.777925
2.791725
2.792875
2.79735
2.79855
2.812
2.831125
2.835375
2.836125
2.843825
2.856375
2.8579
2.86745
2.920125
2.9587
2.979275
3.054375
3.068525
3.0755
3.083675
3.1056
3.138975
3.1637
3.16855
3.170475
3.1722
3.210025
3.232075
3.238525
3.272075
3.290775
3.2951
3.296325
3.2998
3.327475
3.32915
3.33145
3.33485
3.35145
3.37445
3.379575
3.39645
3.416575
3.421725
3.44035
3.451125
3.470175
3.493525
3.504875
3.5256
3.53965
3.543475
3.5534
3.569675
3.575975
3.6207
3.6466
3.6489
3.671225
3.672675
3.67315
3.708925
3.721125
3.737125
3.74025
3.7424
3.749
3.838675
3.854175
3.8585
3.86195
3.901425
3.9307
3.947875
3.971875
4.012775
4.02115
4.044275
4.0636
4.077425
4.1177
4.12795
4.15565
4.16155
4.168475
4.215725
4.2347
4.24725
4.25445
4.262825
4.26575
4.274325
4.278375
4.301775
4.3098
4.309925
4.316425
4.319225
4.345375
4.345825
4.349075
4.350525
4.353
4.35375
4.359425
4.395625
4.40355
4.404825
4.405375
4.405775
4.40765
4.453725
4.52795
4.5326
4.532725
4.546
4.558225
4.56145
4.562875
4.57655
4.576775
4.5843
4.606575
4.619175
4.721625
4.724175
4.746475
4.749
4.764775
4.800225
4.802375
4.803625
4.836925
4.86215
4.8788
4.879325
4.879375
4.889375
4.909825
4.909925
4.911
4.918225
4.9278
4.9501
4.9639
4.973
4.985925
5.012625
5.0299
5.054025
5.075975
5.081425
5.083425
5.08995
5.091625
5.10655
5.12295
5.13095
5.1487
5.151875
5.1578
5.209925
5.2169
5.22315
5.262025
5.282075
5.296175
5.2975
5.306675
5.3074
5.317825
5.3235
5.36115
5.390775
5.395275
5.4003
5.4319
5.433075
5.45
5.4716
5.490925
5.5184
5.526925
5.536675
5.537375
5.540175
5.5441
5.583275
5.60985
5.612875
5.62355
5.639075
5.64235
5.6502
5.65475
5.704475
5.7182
5.7234
5.759075
5.761475
5.787975
5.805275
5.8179
5.8446
5.84725
5.8923
5.893825
5.905675
5.9286
5.94125
5.94225
5.984025
5.98935
6.005125
6.0071
6.02445
6.04085
6.080425
6.095175
6.099475
6.1349
6.1379
6.144725
6.166375
6.17765
6.192175
6.229125
6.233875
6.24475
6.265775
6.2683
6.268825
6.2744
6.2971
6.316825
6.3211
6.322325
6.350425
6.3763
6.382225
6.391375
6.440925
6.488325
6.4905
6.501375
6.501975
6.508875
6.5212
6.537125
6.543975
6.544275
6.547875
6.55215
6.5536
6.564125
6.5653
6.613325
6.627025
6.639675
6.6413
6.6508
6.688875
6.69295
6.727225
6.72835
6.746275
6.7522
6.7552
6.757825
6.762025
6.766125
6.769425
6.78815
6.823475
6.831
6.83755
6.865275
6.867425
6.8853
6.905475
6.9115
6.929525
6.9321
6.934275
6.99415
6.99495
7.01055
7.014725
7.02
7.04095
7.051325
7.05275
7.060775
7.069275
7.0706
7.074125
7.08285
7.096125
7.103625
7.1091
7.11115
7.1438
7.149775
7.17125
7.24835
7.252925
7.253
7.281925
7.29225
7.3015
7.304075
7.3172
7.3192
7.329175
7.380025
7.40105
7.401375
7.416825
7.456825
7.457925
7.462375
7.471
7.500675
7.50425
7.524325
7.5439
7.55025
7.578625
7.587675
7.5893
7.589825
7.611925
7.61245
7.6174
7.635875
7.639975
7.64675
7.676375
7.683225
7.717875
7.72575
7.748125
7.81635
7.838375
7.86225
7.8647
7.8683
7.868375
7.911825
7.913325
7.95205
8.00705
8.0237
8.027675
8.04295
8.050275
8.089025
8.129625
8.182175
8.23515
8.240725
8.2466
8.255675
8.2653
8.28525
8.3086
8.312
8.322725
8.33505
8.33795
8.33915
8.352375
8.3584
8.37135
8.374
8.378925
8.422625
8.445225
8.45585
8.45955
8.480475
8.498225
8.5259
8.533
8.584925
8.597375
8.618725
8.6558
8.66035
8.6616
8.670475
8.6709
8.675125
8.68305
8.69975
8.7015
8.71005
8.7123
8.736975
8.747475
8.7687
8.782425
8.8363
8.859825
8.880825
8.893625
8.90385
8.92055
8.92065
8.936675
8.98045
8.99435
9.014375
9.0355
9.04645
9.0643
9.0907
9.098025
9.1636
9.177775
9.188675
9.21975
9.2421
9.2462
9.27475
9.30275
9.30415
9.317225
9.34475
9.37995
9.379975
9.383425
9.386125
9.4354
9.444325
9.47075
9.4728
9.49735
9.5349
9.5414
9.56805
9.61135
9.62695
9.6422
9.64535
9.6756
9.7161
9.7425
9.74765
9.76695
9.811925
9.878075
9.88415
9.89355
9.901925
9.92465
9.932
9.9364
9.952025
9.971575
568
