1.02195
1.031775
1.03845
1.053525
1.06595
1.073475
1.075025
1.10225
1.11185
1.12995
1.14905
1.150875
1.171125
1.1754
1.1902
1.218525
1.2296
1.235525
1.25015
1.293775
1.319675
1.3487
1.366325
1.372025
1.445025
1.4649
1.4826
1.50035
1.5297
1.5556
1.56385
1.56415
1.573875
1.574
1.574425
1.576375
1.5865
1.59475
1.598225
1.60625
1.618825
1.653675
1.65825
1.668175
1.683325
1.779475
1.819225
1.8239
1.8268
1.8461
1.86305
1.864725
1.8817
1.89835
1.934375
1.960525
1.969425
2.024225
2.03045
2.039
2.0514
2.090925
2.09395
2.108825
2.12965
2.1304
2.13545
2.1441
2.14435
2.199975
2.24885
2.26045
2.2645
2.275225
2.2946
2.29575
2.302525
2.317625
2.318525
2.33015
2.3388
2.367925
2.385
2.395775
2.416825
2.4546
2.458025
2.467
2.489925
2.49165
2.5305
2.532425
2.53835
2.5403
2.5472
2.564675
2.5661
2.567925
2.579825
2.5852
2.603425
2.603875
2.609
2.62105
2.6611
2.68925
2.712375
2.719475
2.74215
2.75085
2.820625
2.828725
2.85145
2.853525
2.872925
2.91025
2.9188
2.921525
2.971675
2.9964
3.05245
3.0845
3.1469
3.1571
3.1717
3.206075
3.24825
3.281825
3.28475
3.3085
3.30945
3.333875
3.34955
3.34965
3.353375
3.36085
3.366375
3.368975
3.375925
3.386625
3.394475
3.404525
3.42895
3.44885
3.469225
3.4789
3.499625
3.5134
3.517625
3.523975
3.542275
3.545425
3.561675
3.58275
3.584025
3.586425
3.62565
3.65055
3.651075
3.6621
3.670825
3.69055
3.70825
3.709575
3.739125
3.752425
3.7564
3.775125
3.7774
3.802
3.824125
3.836275
3.838775
3.842075
3.8469
3.855525
3.865425
3.88585
3.888275
3.89415
3.910775
3.918675
3.9254
3.925425
3.934525
3.942675
3.9452
3.94955
3.963825
3.9918
4.016875
4.048325
4.0694
4.10055
4.101225
4.10315
4.108525
4.1117
4.113175
4.132
4.1353
4.15165
4.1737
4.197825
4.204475
4.2109
4.2242
4.2594
4.292825
4.30635
4.31575
4.323325
4.342575
4.373375
4.404125
4.419275
4.43085
4.4626
4.543325
4.57055
4.5941
4.599225
4.6589
4.700325
4.717075
4.724125
4.76715
4.7768
4.7779
4.792025
4.8123
4.8209
4.847725
4.85195
4.85685
4.867525
4.90605
4.912975
4.931875
4.94115
4.96695
5.0115
5.076125
5.10485
5.181075
5.187725
5.2194
5.237875
5.23905
5.24935
5.27055
5.283225
5.2942
5.31485
5.352
5.371575
5.371675
5.3775
5.389425
5.3917
5.393725
5.4304
5.4606
5.4646
5.467425
5.4852
5.486525
5.496
5.51155
5.527675
5.532975
5.5435
5.562
5.5719
5.598725
5.5991
5.6126
5.6539
5.656475
5.660725
5.6625
5.665025
5.66685
5.684025
5.7292
5.73815
5.7661
5.78545
5.7941
5.850225
5.86385
5.8703
5.88705
5.904375
5.90785
5.91295
5.91725
5.93285
5.945725
5.950825
5.958275
5.967325
5.98175
6.005475
6.0293
6.037925
6.072575
6.075325
6.09395
6.12595
6.141975
6.14715
6.16595
6.17315
6.20245
6.20975
6.217725
6.218
6.223675
6.234725
6.237675
6.2634
6.294625
6.306025
6.325975
6.336225
6.345825
6.347875
6.3594
6.35975
6.366125
6.374375
6.4336
6.4617
6.5509
6.578825
6.586675
6.590725
6.611825
6.6217
6.622625
6.662225
6.66295
6.700975
6.72105
6.739575
6.742075
6.8082
6.8282
6.8507
6.86525
6.8998
6.907125
6.91245
6.933225
6.96975
6.98355
6.992725
7.012075
7.039875
7.059275
7.0816
7.094625
7.102375
7.1024
7.10275
7.124425
7.124625
7.1438
7.14395
7.15995
7.16115
7.199325
7.206325
7.223625
7.256325
7.275875
7.314175
7.322125
7.3224
7.324975
7.343075
7.34805
7.376075
7.38905
7.394675
7.4006
7.41225
7.459925
7.462425
7.472325
7.4795
7.49415
7.5018
7.5079
7.522525
7.53995
7.56395
7.56535
7.572475
7.573775
7.5893
7.65175
7.655525
7.663975
7.669825
7.692075
7.696475
7.726225
7.74895
7.760525
7.765425
7.785325
7.799125
7.81345
7.88395
7.9078
7.939575
7.9405
7.9886
8.0022
8.02285
8.060175
8.067025
8.07065
8.082525
8.089125
8.1
8.16425
8.172975
8.192375
8.198675
8.20415
8.210425
8.21595
8.219425
8.233025
8.2354
8.25545
8.256225
8.264225
8.313075
8.328375
8.329375
8.33715
8.3382
8.3477
8.352725
8.3922
8.414275
8.422875
8.42745
8.46615
8.4855
8.506
8.5456
8.5541
8.586075
8.591575
8.60515
8.630575
8.643875
8.6498
8.655725
8.66105
8.686775
8.70555
8.71875
8.7398
8.767475
8.778
8.810575
8.82475
8.83595
8.854325
8.86485
8.88055
8.881
8.88395
8.9123
8.91805
8.967975
8.9892
8.99505
8.995325
9.0336
9.034225
9.03455
9.035
9.056175
9.065
9.068375
9.0933
9.1091
9.109225
9.1264
9.14085
9.150475
9.15175
9.16275
9.19405
9.2035
9.2056
9.2182
9.2211
9.24575
9.2747
9.2956
9.3457
9.354675
9.3666
9.38405
9.399375
9.411225
9.4181
9.4394
9.543175
9.5892
9.60735
9.614325
9.629075
9.631075
9.64945
9.659475
9.659775
9.668475
9.67165
9.6917
9.749825
9.76535
9.78455
9.805
9.811675
9.815125
9.834125
9.848225
9.848625
9.93155
9.965225
9.97765
9.9976
541
