1.01975
1.0381
1.078475
1.1478
1.153375
1.15685
1.187025
1.188075
1.1908
1.201775
1.218075
1.232675
1.256825
1.2606
1.26505
1.286975
1.287225
1.294375
1.3075
1.3197
1.352825
1.353975
1.3617
1.363575
1.379925
1.3907
1.395725
1.418875
1.441925
1.449275
1.45215
1.4932
1.49605
1.510675
1.51115
1.517175
1.520075
1.526
1.528525
1.531025
1.551975
1.583925
1.6236
1.626375
1.6534
1.6657
1.66595
1.676625
1.680625
1.70545
1.70945
1.744125
1.748075
1.763
1.767925
1.77195
1.7807
1.8006
1.831275
1.8521
1.8695
1.8719
1.912125
1.9194
1.92305
1.93235
1.935875
1.941875
1.945025
1.986825
1.987875
2.02455
2.03175
2.032175
2.040025
2.084725
2.107125
2.107975
2.1104
2.124675
2.128925
2.131025
2.13255
2.133875
2.139925
2.1502
2.165
2.199975
2.2004
2.216925
2.224125
2.2327
2.399725
2.416775
2.423175
2.4239
2.424425
2.460575
2.461
2.461375
2.488675
2.51155
2.518625
2.5373
2.592575
2.62945
2.643775
2.645
2.64915
2.6495
2.66445
2.7248
2.7373
2.815125
2.82995
2.83535
2.83795
2.853925
2.857425
2.858875
2.87325
2.880725
2.885125
2.887575
2.926
2.9261
2.949525
2.952775
2.984075
2.99445
3.02795
3.09965
3.1488
3.15995
3.17045
3.17085
3.172575
3.1803
3.183975
3.194575
3.216875
3.2715
3.275325
3.279925
3.29605
3.30915
3.316225
3.3216
3.3228
3.38075
3.39365
3.419
3.422775
3.42705
3.455775
3.464875
3.469625
3.477625
3.5277
3.5826
3.587925
3.59115
3.6185
3.67455
3.6786
3.7329
3.77445
3.78215
3.792975
3.7971
3.819875
3.830375
3.87165
3.901475
3.92835
3.936725
3.944025
3.949875
3.951625
3.956775
3.958175
3.9644
3.975075
3.978625
4.04425
4.051975
4.054625
4.0748
4.130575
4.153375
4.1553
4.1822
4.19795
4.1997
4.210725
4.218725
4.2341
4.2721
4.2739
4.278975
4.307225
4.3108
4.349725
4.395925
4.414825
4.449975
4.47595
4.509675
4.5593
4.563975
4.57105
4.574025
4.590225
4.594025
4.60705
4.61085
4.627375
4.6519
4.663775
4.699275
4.754725
4.77705
4.77755
4.780175
4.7827
4.79805
4.811275
4.82585
4.8376
4.838325
4.8496
4.852625
4.860025
4.876325
4.899375
4.9095
4.9152
4.936375
4.942575
4.989075
4.994925
4.99885
5.021225
5.027475
5.03015
5.0328
5.035125
5.04195
5.044475
5.05435
5.057475
5.06265
5.071075
5.0971
5.09775
5.107375
5.1188
5.12065
5.159675
5.169475
5.199725
5.2216
5.223
5.226175
5.2614
5.26485
5.284375
5.294925
5.331625
5.357625
5.38235
5.402825
5.40725
5.424825
5.42485
5.444725
5.454275
5.45605
5.46345
5.528875
5.5339
5.563625
5.59835
5.6169
5.6196
5.67425
5.732425
5.740325
5.742075
5.761175
5.777425
5.784125
5.8185
5.819625
5.826675
5.8593
5.887475
5.920825
5.931275
5.955175
5.966275
5.9828
6.0025
6.0129
6.026575
6.0404
6.052025
6.058525
6.064375
6.1233
6.13545
6.151825
6.164625
6.1934
6.1971
6.213725
6.2169
6.240675
6.251825
6.279625
6.305525
6.31005
6.326475
6.356425
6.36725
6.372125
6.3789
6.383125
6.423125
6.4266
6.45755
6.488325
6.49125
6.49285
6.497475
6.50815
6.510325
6.5237
6.5509
6.576175
6.58665
6.634425
6.69535
6.697825
6.7197
6.732875
6.838325
6.840475
6.84685
6.861775
6.874575
6.878425
6.88165
6.8981
6.92905
6.941
6.942375
6.9756
6.98025
6.9804
6.982425
6.995
7.03075
7.03315
7.05135
7.067925
7.06835
7.08435
7.09535
7.1177
7.1556
7.172175
7.17275
7.208025
7.23685
7.26225
7.2653
7.266975
7.292
7.297975
7.3154
7.35425
7.356775
7.367475
7.37315
7.39115
7.394
7.40995
7.423325
7.4701
7.471075
7.479575
7.495
7.49865
7.510575
7.5232
7.536475
7.5604
7.576225
7.59785
7.603425
7.6061
7.638075
7.6655
7.66895
7.678975
7.700875
7.816175
7.88395
7.974175
8.015075
8.038875
8.06445
8.12105
8.1235
8.123825
8.12525
8.154525
8.1633
8.179
8.203875
8.2116
8.242525
8.273325
8.277275
8.282025
8.2838
8.299775
8.306675
8.3151
8.3198
8.3207
8.328675
8.332675
8.3422
8.355625
8.3574
8.3705
8.39885
8.409175
8.42435
8.486075
8.496125
8.5182
8.5419
8.545975
8.549425
8.564075
8.5652
8.56825
8.5909
8.624775
8.628575
8.694575
8.701425
8.76075
8.762375
8.82105
8.84105
8.856475
8.868875
8.874825
8.877775
8.879125
8.882025
8.94265
8.9687
8.986525
8.987125
8.998775
9.012225
9.022325
9.029875
9.033
9.055175
9.108225
9.12405
9.14075
9.1638
9.185475
9.2094
9.231375
9.248725
9.251725
9.2597
9.281825
9.2952
9.322175
9.324875
9.33025
9.34145
9.384675
9.39505
9.43045
9.4661
9.468725
9.48295
9.520975
9.534775
9.540775
9.549225
9.5789
9.5886
9.5971
9.6065
9.6133
9.632775
9.679475
9.68095
9.707125
9.7191
9.73965
9.754
9.76645
9.778675
9.7863
9.794175
9.8008
9.8117
9.8273
9.847325
9.851825
9.85405
9.8636
9.877025
9.90895
9.938525
9.950325
9.95565
9.979
9.98245
531
