1.00455
1.045425
1.049175
1.073125
1.081825
1.088625
1.112875
1.1155
1.15895
1.172725
1.1987
1.199825
1.213975
1.21445
1.23035
1.246375
1.263275
1.29125
1.3145
1.315
1.316775
1.32025
1.339975
1.34865
1.367875
1.374675
1.3828
1.4107
1.42255
1.472825
1.478925
1.4826
1.4975
1.5047
1.5109
1.5245
1.54665
1.563575
1.56375
1.57715
1.616
1.62565
1.629175
1.668475
1.67455
1.68115
1.68695
1.690525
1.6912
1.691675
1.69205
1.7056
1.710025
1.71805
1.72065
1.740925
1.7959
1.8092
1.82305
1.832675
1.8663
1.8758
1.892225
1.8993
1.9215
1.926725
1.9407
1.94225
1.9424
1.9468
1.9712
1.97705
1.993325
2.03825
2.038775
2.043775
2.057475
2.060725
2.062325
2.06405
2.178375
2.188175
2.193925
2.20025
2.2038
2.22145
2.274375
2.278325
2.3055
2.3289
2.3554
2.38075
2.38525
2.391875
2.392175
2.41075
2.412775
2.46345
2.495025
2.51025
2.527175
2.529175
2.531425
2.547975
2.554375
2.5553
2.56455
2.576425
2.58675
2.64535
2.653125
2.6827
2.6843
2.744375
2.744575
2.75025
2.761375
2.7774
2.7813
2.833425
2.879225
2.898675
2.899
2.9257
2.95875
3.0218
3.03755
3.054425
3.0766
3.086475
3.130075
3.1349
3.144875
3.1625
3.183
3.183825
3.184275
3.18455
3.1894
3.19645
3.241125
3.26785
3.2788
3.28015
3.290575
3.309875
3.34555
3.3545
3.371725
3.375225
3.3822
3.405575
3.41625
3.43095
3.4401
3.445575
3.45785
3.46615
3.484925
3.4875
3.48925
3.5256
3.528425
3.53345
3.555725
3.570275
3.5708
3.590075
3.591725
3.594825
3.61735
3.6203
3.62825
3.7286
3.7502
3.765625
3.7712
3.791425
3.7989
3.803325
3.8223
3.831425
3.831875
3.847425
3.85265
3.9124
3.9125
3.9307
3.984675
3.991575
4.016175
4.02145
4.023625
4.057825
4.063875
4.091775
4.09685
4.109875
4.125125
4.133125
4.1375
4.178975
4.18705
4.188175
4.2155
4.21655
4.261075
4.2636
4.272125
4.320775
4.3385
4.35395
4.3621
4.36405
4.390725
4.406
4.43045
4.438975
4.472875
4.50165
4.52625
4.55025
4.55915
4.567225
4.575975
4.5764
4.5829
4.583125
4.61285
4.63775
4.63825
4.63905
4.655875
4.657675
4.660075
4.66255
4.663925
4.6749
4.704025
4.733425
4.742025
4.748075
4.753075
4.790025
4.838725
4.855525
4.978525
4.981625
4.981925
4.98555
5.017525
5.0201
5.020275
5.02435
5.03875
5.104875
5.1095
5.121075
5.137375
5.14515
5.1741
5.1884
5.203675
5.22425
5.232125
5.2332
5.2389
5.243425
5.2461
5.258575
5.2654
5.282475
5.314925
5.3315
5.34565
5.3473
5.3616
5.3973
5.397725
5.4126
5.424475
5.4428
5.444725
5.448175
5.449875
5.487675
5.511
5.5118
5.53255
5.539475
5.546525
5.56055
5.564325
5.572775
5.57375
5.577975
5.585425
5.585725
5.585875
5.607925
5.608225
5.624275
5.63945
5.66
5.660425
5.691175
5.69935
5.706325
5.70665
5.728075
5.74165
5.7436
5.749325
5.75055
5.752875
5.7956
5.802725
5.80495
5.85285
5.8719
5.877625
5.87835
5.92505
5.934125
5.943325
5.963075
5.97235
5.9783
5.990375
6.00035
6.007925
6.011125
6.022375
6.037875
6.0476
6.0622
6.07315
6.1512
6.179275
6.1913
6.199525
6.2074
6.208075
6.212475
6.2202
6.223475
6.2257
6.228375
6.258475
6.2928
6.298925
6.29945
6.30455
6.3126
6.3317
6.366075
6.391325
6.39195
6.39275
6.39445
6.41045
6.43235
6.464325
6.4789
6.491
6.525675
6.549025
6.55545
6.582675
6.611675
6.626725
6.673
6.690525
6.696075
6.7145
6.7419
6.780375
6.794825
6.7956
6.802175
6.803225
6.820625
6.850125
6.870425
6.8753
6.904275
6.9112
6.938775
6.946275
6.955725
6.991225
7.019575
7.044225
7.054825
7.0635
7.07105
7.0785
7.1004
7.109675
7.130725
7.144975
7.1558
7.1893
7.200425
7.205525
7.2201
7.2225
7.229825
7.231675
7.24825
7.258725
7.265075
7.27165
7.276975
7.303675
7.3541
7.361375
7.38715
7.404575
7.41275
7.42755
7.431175
7.459075
7.461775
7.468375
7.5305
7.5499
7.562675
7.56635
7.6281
7.63765
7.642175
7.6512
7.6524
7.704975
7.7117
7.712
7.726425
7.743475
7.7642
7.8003
7.81385
7.81715
7.8331
7.841925
7.851775
7.85295
7.87515
7.8771
7.87945
7.8976
7.923975
7.932425
7.941525
7.979225
7.98155
7.986675
8.07575
8.07805
8.078325
8.0794
8.0819
8.084675
8.08835
8.09325
8.149425
8.1683
8.1755
8.193375
8.2052
8.231225
8.254875
8.2663
8.271375
8.28995
8.30335
8.3391
8.351275
8.360375
8.370575
8.390325
8.3926
8.4061
8.4089
8.416575
8.41715
8.42005
8.42135
8.42305
8.462775
8.4628
8.4739
8.481025
8.5039
8.5308
8.535125
8.538475
8.571275
8.577625
8.583275
8.612275
8.6279
8.630025
8.6352
8.653575
8.67255
8.67665
8.680375
8.7268
8.74395
8.756025
8.821175
8.82955
8.862675
8.903475
8.9071
8.9224
8.927025
8.92715
8.9323
8.951525
8.989175
9.0036
9.012
9.021125
9.08885
9.091
9.0973
9.12555
9.12865
9.1368
9.150825
9.155975
9.1571
9.2108
9.2256
9.24775
9.250625
9.307875
9.3121
9.333725
9.392875
9.406825
9.4254
9.435075
9.495375
9.4965
9.499
9.504425
9.505225
9.5061
9.5174
9.53465
9.56805
9.575775
9.5828
9.638675
9.64355
9.650975
9.65965
9.66505
9.671875
9.68305
9.6903
9.697925
9.7024
9.7078
9.740525
9.748425
9.7602
9.799275
9.802375
9.8528
9.861375
9.897875
9.901275
9.914025
9.917775
9.92355
9.929525
9.9921
581
