1.038475
1.044175
1.058625
1.129425
1.15325
1.194175
1.20725
1.21715
1.219675
1.277875
1.28095
1.282625
1.28645
1.296275
1.302475
1.314575
1.374275
1.38735
1.38755
1.405475
1.421775
1.421975
1.42575
1.426025
1.444875
1.447375
1.4514
1.4792
1.48215
1.524325
1.56705
1.567725
1.610325
1.6218
1.6274
1.686075
1.698575
1.711575
1.712275
1.72975
1.7345
1.737525
1.747275
1.7572
1.758575
1.77115
1.8093
1.843675
1.86255
1.8816
1.88655
1.95275
1.978275
1.98165
1.997875
2.0221
2.025625
2.045475
2.0473
2.048575
2.068325
2.082
2.083675
2.110275
2.119575
2.15045
2.16385
2.167425
2.182525
2.184425
2.205475
2.2126
2.224275
2.24065
2.249575
2.271925
2.28855
2.296275
2.29945
2.301725
2.305325
2.335875
2.384125
2.389425
2.3901
2.403575
2.44565
2.492025
2.532475
2.55315
2.55605
2.575125
2.592375
2.6082
2.608825
2.6114
2.61425
2.63065
2.6453
2.653125
2.6671
2.673725
2.707425
2.746575
2.75075
2.7973
2.818575
2.8212
2.836475
2.8727
2.8911
2.8944
2.984525
3.003725
3.010725
3.02315
3.04725
3.0498
3.055025
3.05795
3.104325
3.143025
3.208375
3.23135
3.277925
3.2807
3.284475
3.287225
3.33125
3.3545
3.360075
3.36585
3.3877
3.392225
3.400075
3.40335
3.412075
3.4537
3.46945
3.477475
3.500925
3.51295
3.517625
3.524325
3.529475
3.530175
3.550275
3.579
3.603125
3.608275
3.621975
3.622975
3.626325
3.63055
3.63065
3.666425
3.669475
3.673225
3.68035
3.68695
3.69125
3.721525
3.724675
3.746275
3.78195
3.7865
3.809675
3.824
3.90255
3.91465
3.91545
3.938275
3.999125
4.00855
4.0248
4.0257
4.036325
4.0497
4.06325
4.09225
4.13565
4.159025
4.199125
4.2054
4.218125
4.2313
4.24245
4.253525
4.258125
4.26915
4.271975
4.283275
4.2887
4.29215
4.30915
4.337825
4.358875
4.371925
4.41105
4.449575
4.455925
4.480325
4.5092
4.5181
4.5265
4.5308
4.53175
4.53465
4.5424
4.566525
4.56925
4.579475
4.582
4.594725
4.5973
4.620575
4.6228
4.636375
4.66475
4.67225
4.7148
4.72505
4.72595
4.73075
4.7397
4.7553
4.809575
4.830925
4.831925
4.84445
4.875325
4.902975
4.924075
4.93655
4.940475
4.95355
4.9988
5.0059
5.031425
5.03965
5.044425
5.04845
5.05435
5.05785
5.070675
5.085075
5.0869
5.170825
5.198125
5.2169
5.235675
5.24925
5.27315
5.27725
5.28435
5.306575
5.3151
5.316975
5.366825
5.37295
5.385275
5.42425
5.427975
5.4574
5.469175
5.477525
5.47865
5.480925
5.483825
5.519225
5.53225
5.547175
5.573575
5.596675
5.60985
5.622925
5.64095
5.641125
5.64265
5.647125
5.6964
5.71235
5.713175
5.7377
5.752825
5.7676
5.7807
5.7818
5.81105
5.819325
5.85275
5.869925
5.891475
5.911575
6.009275
6.023725
6.0284
6.0362
6.0434
6.043725
6.04555
6.07645
6.10225
6.103375
6.113525
6.11625
6.127125
6.1411
6.149825
6.15865
6.169625
6.173375
6.200275
6.220425
6.231675
6.2344
6.23785
6.2433
6.244575
6.29975
6.339
6.35845
6.378625
6.3958
6.401075
6.44005
6.441275
6.445625
6.446125
6.44795
6.4488
6.4759
6.479925
6.4883
6.5167
6.5224
6.530225
6.54075
6.551025
6.5982
6.607
6.62125
6.62575
6.628225
6.634425
6.6351
6.6679
6.66915
6.71145
6.7728
6.790125
6.807375
6.811275
6.8201
6.83215
6.8354
6.85405
6.8641
6.903475
6.920325
6.952375
6.9852
6.9941
7.01975
7.02525
7.030275
7.064875
7.083425
7.084575
7.091475
7.10685
7.109625
7.1395
7.170575
7.197475
7.20335
7.213625
7.221475
7.2231
7.223775
7.224025
7.23635
7.24655
7.263375
7.2973
7.36115
7.385975
7.389775
7.4009
7.40895
7.416375
7.4214
7.469325
7.49925
7.54065
7.5691
7.59105
7.60655
7.6186
7.69725
7.70095
7.7096
7.713325
7.74385
7.755675
7.780375
7.783975
7.8077
7.811125
7.816875
7.82205
7.829275
7.85675
7.865475
7.867375
7.890425
7.904575
7.9198
7.929125
7.93325
7.9393
7.952875
7.9734
7.985175
7.9888
8.00465
8.01175
8.022
8.0223
8.024175
8.024475
8.03595
8.050425
8.0551
8.056675
8.082975
8.089525
8.1005
8.107075
8.11315
8.1364
8.139075
8.155125
8.1586
8.16185
8.170675
8.19125
8.2045
8.221275
8.232525
8.233825
8.2505
8.2621
8.277775
8.28415
8.297975
8.3009
8.33615
8.34825
8.36705
8.401675
8.422275
8.427775
8.452925
8.4535
8.46935
8.474375
8.48515
8.48805
8.51085
8.515625
8.5188
8.532475
8.547775
8.555425
8.5624
8.61685
8.663
8.69655
8.754025
8.76065
8.767025
8.7812
8.817425
8.820625
8.83605
8.870425
8.8714
8.8822
8.883675
8.9292
8.951625
8.967925
8.9752
8.993425
8.9987
9.0092
9.023875
9.02785
9.0378
9.0513
9.052925
9.0881
9.09645
9.169575
9.1782
9.19755
9.2102
9.228275
9.229325
9.261725
9.28325
9.3204
9.320675
9.325225
9.3342
9.35205
9.3594
9.377325
9.39455
9.407
9.40895
9.409125
9.425625
9.4458
9.4513
9.466125
9.46665
9.49475
9.517175
9.520975
9.525725
9.53835
9.544775
9.581425
9.585475
9.611125
9.62925
9.636925
9.6563
9.6695
9.6698
9.6748
9.681575
9.7336
9.73425
9.7356
9.740775
9.7425
9.75405
9.82675
9.833875
9.8365
9.839825
9.86925
9.879375
9.904625
9.925575
9.928525
9.963075
560
