1.02355
1.059825
1.069875
1.074575
1.100825
1.11245
1.117275
1.14675
1.149675
1.151825
1.164175
1.1908
1.1942
1.199075
1.1999
1.200525
1.218525
1.2253
1.25345
1.2599
1.262575
1.290925
1.31425
1.31835
1.342625
1.356175
1.35865
1.372275
1.392575
1.39285
1.4044
1.40975
1.4263
1.441925
1.454075
1.456725
1.471525
1.50645
1.52895
1.536075
1.571575
1.572725
1.58835
1.58925
1.609
1.6485
1.653275
1.66545
1.684675
1.6884
1.69345
1.707225
1.707325
1.725325
1.7276
1.7339
1.755225
1.7638
1.7761
1.78455
1.795625
1.819575
1.8303
1.85755
1.8812
1.887625
1.8911
1.9051
1.90545
1.930575
1.95405
1.969025
1.9751
1.97745
1.983775
1.98805
2.0039
2.04015
2.054525
2.057175
2.06535
2.074475
2.0892
2.122525
2.1264
2.12835
2.132575
2.142675
2.1518
2.1685
2.202225
2.223875
2.2308
2.24995
2.252325
2.255375
2.279125
2.2922
2.345725
2.351925
2.368775
2.374825
2.394
2.40275
2.408475
2.4403
2.4496
2.450625
2.451525
2.479875
2.506975
2.508125
2.540125
2.556475
2.583825
2.585475
2.605725
2.6176
2.6196
2.6634
2.67295
2.6874
2.691975
2.693
2.7093
2.7328
2.736975
2.77285
2.791875
2.82105
2.834475
2.842175
2.851425
2.8887
2.911075
2.9597
3.034575
3.046625
3.071475
3.073175
3.135025
3.15225
3.161275
3.1853
3.221025
3.2537
3.257575
3.37625
3.377925
3.3892
3.408475
3.425475
3.432175
3.444325
3.510325
3.51565
3.549325
3.5755
3.585575
3.5928
3.596175
3.600125
3.61845
3.627825
3.6761
3.688125
3.726725
3.7364
3.741
3.7801
3.7878
3.7981
3.8437
3.846325
3.88885
3.89065
3.906825
3.90805
3.91485
3.93855
3.946475
3.96565
3.968125
3.972425
4.015225
4.01585
4.03205
4.037625
4.0558
4.065225
4.0828
4.103475
4.151975
4.15405
4.15605
4.162325
4.1934
4.212225
4.220525
4.2477
4.260475
4.2733
4.28965
4.3096
4.311025
4.33005
4.338125
4.35275
4.3752
4.395675
4.404875
4.405125
4.417575
4.4185
4.434975
4.477775
4.497925
4.51365
4.514775
4.532575
4.537825
4.540675
4.5472
4.581575
4.603875
4.604875
4.627775
4.661725
4.670375
4.697125
4.714925
4.71795
4.724325
4.7356
4.73625
4.768325
4.78695
4.7899
4.806025
4.829175
4.88965
4.906925
4.943825
4.960825
4.96365
5.02545
5.0313
5.03655
5.039075
5.082275
5.0953
5.109775
5.123525
5.152025
5.15885
5.172825
5.1866
5.187525
5.226125
5.23245
5.2486
5.2628
5.273225
5.2849
5.30865
5.310225
5.369725
5.384625
5.43325
5.4511
5.474325
5.49245
5.5179
5.525325
5.53105
5.5352
5.54225
5.563575
5.570925
5.5842
5.615775
5.6511
5.661675
5.6651
5.714725
5.715
5.746275
5.770825
5.7721
5.78715
5.79595
5.79775
5.8236
5.82545
5.8457
5.8504
5.85935
5.867275
5.87505
5.878575
5.886
5.916075
5.9387
5.9558
5.95865
5.9879
5.9976
6.0179
6.027325
6.054975
6.07375
6.095475
6.120575
6.123475
6.135825
6.1368
6.14395
6.1469
6.15415
6.1699
6.176225
6.184925
6.1868
6.205425
6.213275
6.237275
6.245375
6.250675
6.273875
6.296425
6.37015
6.382975
6.395175
6.436975
6.439425
6.44515
6.46335
6.465875
6.48315
6.483375
6.5038
6.508275
6.51585
6.550975
6.55415
6.567675
6.571625
6.579325
6.58355
6.597775
6.6441
6.6767
6.6768
6.69505
6.708475
6.718925
6.725475
6.732425
6.771975
6.811375
6.814675
6.832825
6.85045
6.8508
6.85735
6.889375
6.901725
6.903725
6.90575
6.912
6.916575
6.919325
6.9259
6.944
6.9607
6.9618
6.9662
6.977625
6.994725
7.00065
7.0067
7.012925
7.039975
7.062025
7.1188
7.132825
7.1486
7.149825
7.16775
7.2298
7.2348
7.24545
7.260625
7.2666
7.290025
7.30265
7.30355
7.305775
7.33355
7.41205
7.412525
7.4463
7.46055
7.464175
7.51885
7.53045
7.53265
7.57935
7.580875
7.599
7.5995
7.602125
7.60825
7.62095
7.629175
7.632725
7.6432
7.65215
7.711625
7.730425
7.74615
7.74885
7.7657
7.829525
7.862775
7.87475
7.8932
7.95745
8.012175
8.042375
8.084275
8.094225
8.10775
8.11485
8.120425
8.14715
8.15925
8.1646
8.18535
8.192375
8.196925
8.200975
8.218
8.248225
8.255275
8.28905
8.30715
8.3184
8.320625
8.32325
8.3487
8.362775
8.3733
8.3871
8.4046
8.41555
8.429875
8.446175
8.464
8.466375
8.514925
8.543175
8.565025
8.5713
8.60215
8.622625
8.62315
8.62425
8.626525
8.62675
8.6547
8.659025
8.668475
8.679675
8.68615
8.7065
8.71305
8.720375
8.739225
8.764375
8.770925
8.773025
8.779875
8.84395
8.8486
8.848875
8.856425
8.903675
8.9454
8.984475
8.985975
8.988225
8.993375
9.010425
9.015
9.046075
9.057325
9.0653
9.07485
9.08745
9.1201
9.13075
9.139675
9.150425
9.165825
9.168175
9.188875
9.22875
9.231075
9.2393
9.25225
9.26465
9.28755
9.293975
9.31295
9.3475
9.372725
9.3966
9.3974
9.41185
9.4169
9.419225
9.43265
9.4422
9.462825
9.483175
9.48395
9.513875
9.522425
9.52465
9.52615
9.532525
9.544575
9.562525
9.57155
9.5778
9.627575
9.630825
9.650575
9.65615
9.682875
9.6912
9.745575
9.751025
9.79215
9.8262
9.84635
9.846775
9.8534
9.86285
9.865525
9.894375
9.898925
9.93745
9.947075
9.94755
9.989225
557
