1.046225
1.048175
1.08345
1.1191
1.120125
1.1476
1.148275
1.1557
1.17105
1.183
1.20135
1.2029
1.20815
1.221025
1.242925
1.244875
1.270625
1.285275
1.309725
1.3212
1.329325
1.3295
1.3382
1.353925
1.356125
1.3701
1.38295
1.386775
1.409525
1.4147
1.438175
1.439725
1.44675
1.450575
1.45325
1.457725
1.45865
1.459625
1.488725
1.5033
1.5251
1.538175
1.54475
1.556375
1.56995
1.5986
1.60015
1.60545
1.6167
1.622275
1.6296
1.63545
1.639775
1.6468
1.695075
1.6959
1.699575
1.700275
1.71935
1.772575
1.774475
1.785275
1.802425
1.8037
1.83925
1.8507
1.859475
1.863325
1.865875
1.917875
1.989475
1.99595
1.99735
2.0003
2.003725
2.012625
2.0129
2.038025
2.0416
2.054375
2.1031
2.109125
2.12855
2.13455
2.147675
2.18245
2.188775
2.195475
2.2162
2.2319
2.2485
2.257425
2.301125
2.384725
2.429325
2.46695
2.488775
2.514825
2.519025
2.5419
2.5987
2.6005
2.60975
2.6201
2.6362
2.644075
2.645725
2.650175
2.67635
2.6844
2.690125
2.6963
2.71715
2.731775
2.732125
2.74775
2.751775
2.75925
2.7724
2.78625
2.810175
2.8187
2.8596
2.889225
2.911025
2.917325
2.9237
2.92435
2.9562
2.96865
2.9755
2.982025
3.00205
3.0121
3.04115
3.0651
3.0749
3.099525
3.113875
3.134075
3.150075
3.15485
3.17555
3.177575
3.180075
3.194925
3.199625
3.2271
3.26715
3.287375
3.297025
3.29825
3.36515
3.3968
3.39905
3.399425
3.451475
3.47415
3.4759
3.48415
3.51615
3.5315
3.534025
3.546175
3.5672
3.5726
3.610725
3.6155
3.623125
3.62765
3.682125
3.682325
3.710025
3.720825
3.722375
3.7268
3.736125
3.754025
3.758025
3.789475
3.79605
3.848625
3.855625
3.915425
3.9238
3.951025
3.98595
3.990325
3.999325
4.0428
4.045275
4.054475
4.054725
4.0582
4.0615
4.066825
4.073875
4.0766
4.0772
4.128625
4.140875
4.140975
4.14285
4.1661
4.188275
4.19435
4.19815
4.200725
4.2097
4.22165
4.224425
4.231825
4.237225
4.23725
4.26605
4.278575
4.322375
4.33775
4.342875
4.364375
4.4043
4.4062
4.422825
4.440975
4.4871
4.4966
4.514275
4.542525
4.55285
4.6374
4.6775
4.684075
4.68655
4.6997
4.7497
4.75185
4.754875
4.771425
4.7792
4.780675
4.80955
4.812125
4.821675
4.829375
4.84425
4.867575
4.870225
4.87335
4.896425
4.91295
4.920875
4.9223
4.929875
4.96315
4.982025
4.98725
5.0119
5.012425
5.027
5.05445
5.072525
5.1117
5.116525
5.122075
5.144575
5.195325
5.217825
5.21895
5.225825
5.235675
5.2413
5.248675
5.249
5.254525
5.264075
5.268775
5.278725
5.312225
5.349
5.387725
5.406425
5.415475
5.425625
5.4264
5.435425
5.442875
5.445375
5.46145
5.47005
5.4747
5.490325
5.509225
5.51735
5.56285
5.58365
5.6093
5.633825
5.640575
5.642675
5.68805
5.71365
5.741475
5.745825
5.757575
5.80395
5.817125
5.8203
5.824775
5.873125
5.879175
5.9203
5.940725
5.95005
5.977025
5.98855
5.99515
5.9998
6.00645
6.0749
6.08835
6.09825
6.102
6.106975
6.11005
6.1131
6.1276
6.18065
6.2162
6.223125
6.239825
6.2574
6.26245
6.293825
6.321025
6.356925
6.3666
6.3729
6.376775
6.395
6.411425
6.422975
6.4303
6.43665
6.4464
6.46245
6.4851
6.51565
6.516275
6.5174
6.55215
6.589625
6.5925
6.597475
6.60495
6.60675
6.607775
6.620075
6.647175
6.6621
6.66615
6.679625
6.684325
6.687025
6.706825
6.72645
6.75205
6.7647
6.79225
6.822825
6.83025
6.853325
6.85545
6.857475
6.87175
6.889525
6.90965
6.935
6.963825
6.972625
6.973825
6.9857
6.988125
7.000225
7.00895
7.0728
7.089975
7.1062
7.1242
7.193525
7.203425
7.255625
7.268175
7.2735
7.3165
7.3339
7.354475
7.36935
7.377825
7.38675
7.4316
7.43975
7.4425
7.448975
7.471425
7.472075
7.476175
7.4909
7.50685
7.527
7.530475
7.559675
7.5642
7.610975
7.630425
7.635275
7.63545
7.651225
7.65165
7.657275
7.6622
7.6696
7.7047
7.71215
7.7874
7.793525
7.8026
7.803825
7.8231
7.82925
7.832025
7.85575
7.894575
7.895675
7.8957
7.939775
7.964275
7.989675
8.033475
8.0412
8.051875
8.060875
8.06895
8.125775
8.143225
8.1477
8.15065
8.1786
8.1857
8.243075
8.266025
8.271375
8.274175
8.286225
8.2974
8.32415
8.35215
8.355575
8.409425
8.443975
8.4672
8.484125
8.49865
8.514325
8.519825
8.534025
8.54205
8.548225
8.556075
8.572775
8.598125
8.6112
8.6146
8.638825
8.641025
8.643075
8.64675
8.6646
8.6771
8.680175
8.6975
8.74515
8.7658
8.788575
8.818475
8.8192
8.84635
8.846675
8.84815
8.8684
8.88545
8.893975
8.8945
8.90375
8.919025
8.9571
8.979425
8.986575
8.998075
9.000725
9.001325
9.006325
9.036775
9.07485
9.0771
9.0982
9.132725
9.14345
9.164075
9.171175
9.186725
9.2061
9.2173
9.2226
9.289625
9.2988
9.32
9.327325
9.40125
9.401425
9.4498
9.45215
9.477175
9.5141
9.525075
9.553425
9.564575
9.579675
9.591175
9.5914
9.62525
9.629425
9.64205
9.68575
9.726625
9.774525
9.788825
9.790325
9.791575
9.79985
9.805825
9.810175
9.861025
9.8764
9.88915
9.89445
9.897925
9.902575
9.906475
9.913525
9.9246
9.924825
9.92805
9.99585
553
