1.0024
1.039275
1.046975
1.070325
1.1211
1.12145
1.137875
1.1382
1.160875
1.179975
1.27635
1.2911
1.293475
1.31305
1.334275
1.400225
1.4017
1.41935
1.4253
1.44195
1.451125
1.460475
1.4718
1.4777
1.48985
1.507075
1.512675
1.513075
1.51455
1.532525
1.5326
1.5351
1.54655
1.55455
1.5547
1.580725
1.603225
1.6121
1.612175
1.634125
1.635825
1.643675
1.6498
1.67495
1.68195
1.684475
1.718425
1.74185
1.7701
1.781325
1.7844
1.79655
1.8161
1.81915
1.82745
1.829175
1.849775
1.854325
1.86465
1.8837
1.894525
1.895775
1.904425
1.934
1.938
1.953575
1.9847
1.9906
2.018175
2.037425
2.04145
2.063625
2.0661
2.089775
2.109675
2.131575
2.132675
2.14095
2.176725
2.217625
2.22125
2.2507
2.2552
2.257075
2.2637
2.28405
2.2944
2.301925
2.3068
2.3281
2.357525
2.37615
2.40125
2.41465
2.4196
2.4435
2.45515
2.493375
2.497275
2.5865
2.6444
2.657425
2.663125
2.689325
2.69275
2.6978
2.709925
2.718925
2.749675
2.752525
2.75645
2.773375
2.786725
2.792525
2.8279
2.8291
2.86455
2.895225
2.908725
2.92765
2.93635
2.948425
2.96085
2.98855
2.9971
3.015725
3.0966
3.09935
3.11255
3.1201
3.12855
3.145525
3.1707
3.187075
3.1919
3.2135
3.222425
3.234925
3.240925
3.251175
3.280325
3.284775
3.28815
3.293675
3.309475
3.3121
3.322675
3.328175
3.36035
3.3653
3.41215
3.4146
3.4755
3.51035
3.559625
3.575375
3.59095
3.60265
3.6259
3.62915
3.65115
3.659225
3.664875
3.673175
3.6812
3.701925
3.716325
3.755075
3.776175
3.77645
3.79165
3.81765
3.818275
3.819825
3.857225
3.892825
3.897775
3.904125
3.91305
3.925075
3.928275
3.92885
3.95125
3.956675
3.95695
3.972075
3.976775
3.987775
4.001325
4.0021
4.010975
4.025125
4.0942
4.133225
4.1423
4.14795
4.158075
4.174425
4.2367
4.2754
4.3416
4.358775
4.362775
4.36955
4.369625
4.377675
4.38955
4.396125
4.41755
4.4208
4.42305
4.42355
4.437125
4.453875
4.5035
4.5041
4.504425
4.507175
4.5121
4.52225
4.5333
4.559225
4.57805
4.6028
4.620375
4.630975
4.646375
4.6499
4.6592
4.66575
4.688925
4.69805
4.71835
4.7483
4.748725
4.758725
4.76265
4.7706
4.82415
4.8541
4.854375
4.856625
4.85995
4.865775
4.901525
4.90765
4.9642
4.990775
5.0045
5.036175
5.068375
5.07005
5.072525
5.0852
5.1083
5.16055
5.199475
5.204075
5.206825
5.21735
5.223625
5.254925
5.26265
5.2771
5.31245
5.3129
5.315
5.357
5.368775
5.3691
5.402625
5.4516
5.452175
5.487725
5.522125
5.527375
5.545775
5.54925
5.555425
5.573475
5.5814
5.604775
5.64055
5.642725
5.644475
5.652275
5.721375
5.7814
5.7826
5.8423
5.91085
5.91275
5.9334
5.988675
5.996825
6.006875
6.019975
6.060225
6.06165
6.071125
6.0812
6.11915
6.121
6.125325
6.1433
6.14435
6.193525
6.24665
6.25195
6.282025
6.300375
6.306225
6.32495
6.331325
6.3751
6.378125
6.399025
6.414825
6.436675
6.441725
6.442575
6.4715
6.49485
6.50805
6.515625
6.526225
6.5373
6.542725
6.55405
6.643425
6.6583
6.67925
6.70025
6.768175
6.76985
6.785475
6.79535
6.815925
6.8516
6.8525
6.8662
6.869025
6.873525
6.898775
6.9389
6.95075
6.950975
6.951725
6.9825
6.99315
6.9948
7.0079
7.024875
7.10705
7.148125
7.168325
7.18245
7.1964
7.210375
7.2256
7.232075
7.2435
7.27235
7.318075
7.338875
7.342675
7.35
7.36145
7.365975
7.385875
7.423675
7.53195
7.53765
7.59305
7.601525
7.613
7.62555
7.6356
7.6425
7.65265
7.6603
7.703825
7.719425
7.76915
7.87675
7.927175
7.9351
7.9619
7.9719
7.99415
8.018125
8.054575
8.0591
8.0809
8.089475
8.102725
8.1191
8.131175
8.162325
8.19455
8.19545
8.223375
8.226625
8.228075
8.242575
8.271875
8.281925
8.290975
8.304225
8.322825
8.32435
8.365425
8.390025
8.43575
8.4442
8.459825
8.462075
8.4654
8.466675
8.491325
8.4933
8.513575
8.525625
8.534625
8.535475
8.561475
8.6042
8.60995
8.610875
8.61195
8.612125
8.679075
8.682225
8.691675
8.7228
8.756625
8.756775
8.773675
8.80305
8.803075
8.806875
8.83515
8.8414
8.854325
8.87015
8.88135
8.899
8.9191
8.960075
9.01345
9.0354
9.0599
9.0816
9.08545
9.129325
9.139525
9.1482
9.17555
9.179725
9.181525
9.185275
9.199
9.2022
9.221425
9.25295
9.26665
9.283725
9.295
9.29615
9.298625
9.3106
9.31175
9.32125
9.342
9.377
9.3837
9.386175
9.392525
9.414975
9.510425
9.516825
9.521775
9.5296
9.538775
9.540375
9.546275
9.55685
9.557825
9.571375
9.57625
9.581225
9.58485
9.58695
9.605
9.63505
9.652925
9.67095
9.729975
9.731625
9.740175
9.761
9.7639
9.76945
9.7821
9.796975
9.817975
9.83755
9.864075
9.8712
9.903525
9.9105
9.95215
9.96405
513
