1.006
1.039125
1.039875
1.062475
1.0639
1.07835
1.07945
1.087075
1.11455
1.11655
1.117525
1.11985
1.1213
1.139525
1.1425
1.169125
1.179
1.182675
1.19955
1.204575
1.234025
1.2355
1.26865
1.29055
1.313075
1.31535
1.3232
1.3617
1.408125
1.416475
1.428775
1.433325
1.441825
1.5093
1.52485
1.534
1.575875
1.577725
1.584025
1.58925
1.59265
1.60835
1.635875
1.681375
1.686225
1.688325
1.7109
1.7193
1.737275
1.737425
1.741675
1.7782
1.82985
1.842525
1.847475
1.857025
1.88245
1.8845
1.89705
1.9131
1.91365
1.933175
1.934275
1.9353
1.94885
1.950725
1.962675
1.96765
2.002625
2.012675
2.02965
2.048925
2.060375
2.104225
2.120625
2.156175
2.191775
2.196725
2.2097
2.222
2.223125
2.2319
2.233775
2.2402
2.256775
2.264175
2.264975
2.270425
2.339
2.342975
2.34715
2.35905
2.367
2.36785
2.378225
2.383025
2.3847
2.40585
2.409575
2.4208
2.423975
2.425375
2.436675
2.445275
2.47575
2.505525
2.5277
2.575775
2.5768
2.5828
2.617925
2.660175
2.66785
2.6908
2.7197
2.751075
2.765625
2.78115
2.802275
2.82475
2.86015
2.8632
2.869825
2.8895
2.896475
2.909725
2.920525
2.94565
2.9469
2.97065
3.0125
3.03175
3.076775
3.081125
3.095475
3.1017
3.110875
3.11655
3.128975
3.1319
3.14855
3.153675
3.162475
3.184775
3.218825
3.23375
3.2604
3.26895
3.270175
3.273075
3.283175
3.290075
3.333125
3.34475
3.352325
3.359075
3.36945
3.392525
3.40465
3.4152
3.426425
3.4456
3.4471
3.448925
3.4655
3.4678
3.47855
3.521175
3.551425
3.566525
3.579225
3.612975
3.62795
3.633875
3.641025
3.653475
3.6953
3.70805
3.72345
3.7535
3.765925
3.767725
3.77885
3.78255
3.791925
3.79665
3.832675
3.8561
3.869425
3.87265
3.89365
3.894575
3.8981
3.903475
3.9148
3.926625
3.9346
3.9348
3.955475
3.9586
3.9715
3.97665
3.985
3.98565
3.99065
3.9998
4.000425
4.04815
4.06085
4.06655
4.102225
4.119175
4.12995
4.148575
4.159
4.212225
4.22805
4.2425
4.2535
4.2569
4.277625
4.344525
4.358475
4.39595
4.425625
4.454125
4.465125
4.47185
4.47525
4.488
4.49105
4.493625
4.4979
4.5216
4.5456
4.55115
4.554425
4.565475
4.57935
4.5843
4.60605
4.612775
4.641375
4.65025
4.650575
4.6957
4.703325
4.718775
4.799525
4.808775
4.8191
4.839775
4.84455
4.851
4.856525
4.86735
4.891775
4.894675
4.896225
4.900775
4.9011
4.910225
4.922675
4.9264
4.9312
4.93265
4.962475
4.994625
5.019175
5.023475
5.02505
5.026
5.03315
5.0347
5.0352
5.040575
5.04875
5.05335
5.06105
5.063025
5.0709
5.07105
5.0839
5.0895
5.121675
5.12235
5.144575
5.150725
5.15435
5.154725
5.18955
5.209425
5.226275
5.24305
5.2691
5.346325
5.357025
5.37755
5.3994
5.4265
5.426675
5.434675
5.440725
5.44395
5.468775
5.490075
5.523075
5.54355
5.566925
5.59485
5.668025
5.6842
5.684925
5.71845
5.755875
5.7645
5.779625
5.78155
5.821325
5.862975
5.8646
5.8795
5.882775
5.88775
5.924675
5.925025
5.937225
5.956375
5.9687
5.990225
5.995675
6.008475
6.019025
6.031325
6.065525
6.08305
6.124625
6.129975
6.18855
6.19915
6.2028
6.229925
6.2403
6.2535
6.2539
6.26375
6.283175
6.31185
6.313175
6.3319
6.3647
6.418575
6.4202
6.43705
6.445825
6.45195
6.461725
6.467625
6.5277
6.548925
6.5513
6.5597
6.578225
6.584325
6.59175
6.62545
6.641525
6.667075
6.6689
6.6739
6.674075
6.682825
6.69265
6.695925
6.698775
6.769125
6.78155
6.78175
6.805775
6.839725
6.854625
6.8739
6.88035
6.88995
6.89385
6.922375
6.938625
6.94165
6.94905
6.94985
6.951075
6.990075
6.992825
7.022125
7.02365
7.03415
7.044175
7.045875
7.056225
7.1096
7.132825
7.135675
7.140925
7.15605
7.1891
7.21105
7.295825
7.2975
7.3008
7.308575
7.3275
7.335375
7.360525
7.361525
7.365775
7.4165
7.41695
7.4296
7.4447
7.45525
7.4566
7.468925
7.494925
7.502775
7.512725
7.519225
7.52985
7.559275
7.560425
7.5633
7.568
7.56855
7.6158
7.660725
7.683425
7.684075
7.71935
7.7599
7.78295
7.78945
7.79815
7.806475
7.830675
7.857275
7.8582
7.85895
7.871775
7.87735
7.892325
7.892575
7.9207
7.923325
7.93795
7.974675
7.9821
8.024775
8.030125
8.089775
8.093425
8.15915
8.181975
8.1983
8.204825
8.21225
8.25455
8.290625
8.298525
8.303575
8.30535
8.31325
8.3198
8.3243
8.342575
8.3617
8.36815
8.378825
8.3876
8.393175
8.400925
8.40485
8.41145
8.413475
8.4178
8.434925
8.437925
8.482125
8.49535
8.511675
8.53845
8.55395
8.563
8.563775
8.5765
8.5808
8.583775
8.62195
8.63025
8.642525
8.67375
8.6881
8.688375
8.698525
8.7026
8.749325
8.75825
8.821225
8.821875
8.8313
8.832725
8.8415
8.861575
8.865625
8.954775
8.967275
8.9953
9.0405
9.0541
9.073825
9.0848
9.09355
9.0954
9.106475
9.118375
9.151375
9.153325
9.160175
9.168375
9.239725
9.245375
9.248825
9.26505
9.26675
9.280925
9.2852
9.2957
9.311075
9.3302
9.3575
9.377475
9.39495
9.41045
9.41085
9.4136
9.4202
9.424025
9.437875
9.4809
9.55675
9.557275
9.56165
9.584525
9.59515
9.610175
9.618575
9.6225
9.639275
9.6524
9.684625
9.704825
9.706375
9.7115
9.72505
9.748575
9.7528
9.878375
9.8927
9.906975
9.910475
9.924875
9.945075
9.945475
9.973275
9.99725
573
