1.020775
1.03125
1.047325
1.0532
1.0621
1.072025
1.09025
1.10435
1.1092
1.1172
1.117275
1.13325
1.142775
1.160625
1.1635
1.184775
1.2189
1.236225
1.239625
1.240475
1.24155
1.26205
1.277675
1.3196
1.323125
1.3541
1.38065
1.386025
1.38875
1.408975
1.413
1.431225
1.443475
1.481325
1.5088
1.531325
1.534325
1.54395
1.548525
1.5669
1.58375
1.595175
1.596625
1.598625
1.6159
1.63755
1.6478
1.662775
1.683025
1.68365
1.68935
1.6917
1.7127
1.731375
1.732475
1.7468
1.755275
1.765575
1.772125
1.781425
1.804875
1.814075
1.824725
1.85055
1.8534
1.89005
1.96525
1.99075
2.00415
2.0161
2.04035
2.0546
2.0595
2.062275
2.06265
2.062925
2.065975
2.078025
2.086325
2.103625
2.106
2.14845
2.16055
2.177525
2.178525
2.206825
2.208175
2.220625
2.243375
2.245025
2.30595
2.32015
2.353225
2.36365
2.384475
2.404175
2.454375
2.4642
2.49925
2.503125
2.5453
2.5491
2.56315
2.60095
2.608275
2.6266
2.64725
2.6725
2.72405
2.724675
2.734975
2.7457
2.7483
2.75035
2.752425
2.7814
2.797475
2.805725
2.8339
2.8345
2.86
2.86355
2.86725
2.8803
2.889225
2.907
2.9483
2.95275
2.956725
2.975825
3.01395
3.034225
3.03595
3.065175
3.07395
3.09215
3.1056
3.17575
3.1975
3.203075
3.226675
3.242625
3.2928
3.304275
3.324725
3.3415
3.3532
3.382
3.40105
3.413825
3.41835
3.4186
3.426825
3.427075
3.43165
3.451225
3.48945
3.493825
3.4943
3.5613
3.56455
3.57175
3.578275
3.595975
3.610525
3.61495
3.625625
3.671175
3.6719
3.6857
3.692
3.726
3.7267
3.73205
3.7396
3.742975
3.74945
3.775975
3.7993
3.8051
3.88755
3.931625
3.9342
3.950125
3.97335
3.982825
3.991525
4.017025
4.01895
4.0338
4.0606
4.061
4.083525
4.087875
4.11685
4.126125
4.147075
4.158225
4.179725
4.20895
4.213125
4.216
4.2594
4.286625
4.287525
4.289025
4.29735
4.311325
4.31905
4.3273
4.3338
4.334575
4.3412
4.343475
4.353925
4.371775
4.385925
4.4031
4.40335
4.42
4.439575
4.4868
4.494825
4.499325
4.5167
4.5354
4.537475
4.568475
4.592225
4.65875
4.686475
4.724125
4.7264
4.7557
4.7636
4.80765
4.809025
4.8316
4.83455
4.853725
4.855875
4.897075
4.9098
4.91115
4.9191
4.920925
4.925825
4.93135
4.94525
4.95175
5.0307
5.040475
5.0828
5.1017
5.1038
5.110075
5.1395
5.14915
5.17005
5.18335
5.1934
5.22045
5.22345
5.236325
5.23705
5.26285
5.270475
5.29185
5.3172
5.354475
5.360975
5.378975
5.396525
5.405
5.405525
5.410425
5.41425
5.415225
5.417525
5.4249
5.460425
5.46255
5.5121
5.53735
5.551175
5.5774
5.5851
5.5857
5.618775
5.64255
5.68745
5.6959
5.69635
5.78005
5.782425
5.783025
5.78365
5.78865
5.792925
5.8003
5.8295
5.830475
5.85165
5.862275
5.890425
5.898075
5.909725
5.91195
5.92165
5.9333
5.94065
5.943925
5.950425
5.960825
5.980075
5.986625
6.010475
6.037225
6.044575
6.046175
6.07395
6.0807
6.09535
6.1021
6.1203
6.145175
6.1628
6.16995
6.20505
6.21325
6.21915
6.22105
6.221175
6.22325
6.230425
6.29545
6.30275
6.3175
6.32435
6.34175
6.353525
6.354875
6.3787
6.386875
6.390375
6.406275
6.4177
6.4207
6.4448
6.4649
6.4759
6.5087
6.547725
6.56505
6.5759
6.58685
6.6002
6.6293
6.633625
6.68845
6.71085
6.7258
6.730175
6.731275
6.731925
6.749025
6.754625
6.765125
6.765925
6.77725
6.8026
6.8446
6.8503
6.85225
6.85275
6.88685
6.90115
6.918125
6.934025
6.937925
6.9487
6.9503
6.9556
7.0035
7.009625
7.04005
7.11235
7.12945
7.139075
7.14925
7.1772
7.20225
7.2329
7.2589
7.266825
7.285875
7.287875
7.2929
7.314225
7.3217
7.328475
7.328775
7.359725
7.3632
7.369025
7.373925
7.387475
7.399375
7.414225
7.437425
7.465575
7.474075
7.489075
7.4964
7.525525
7.549625
7.553575
7.55585
7.57145
7.57265
7.5759
7.586575
7.59335
7.60275
7.609725
7.62925
7.640775
7.649575
7.657
7.659125
7.705775
7.744425
7.757275
7.7616
7.764575
7.78765
7.798125
7.798525
7.825675
7.830675
7.8469
7.8577
7.870025
7.8792
7.89695
7.9131
7.94845
7.968725
7.984125
7.98505
7.994
8.001175
8.00145
8.014625
8.0442
8.0544
8.073075
8.1396
8.141675
8.147625
8.1803
8.21
8.232025
8.239375
8.257725
8.260025
8.27665
8.335425
8.348475
8.358525
8.378075
8.384975
8.40135
8.41425
8.415
8.423225
8.43525
8.4406
8.450075
8.50455
8.516975
8.53645
8.5414
8.559975
8.56605
8.576575
8.57895
8.6168
8.620075
8.6308
8.656775
8.710025
8.729225
8.740675
8.752625
8.752925
8.7679
8.774575
8.7817
8.7875
8.795225
8.801025
8.807675
8.8344
8.874175
8.8877
8.89665
8.906375
8.908625
8.963875
8.984825
9.0369
9.03945
9.041075
9.05135
9.051475
9.06315
9.065925
9.07335
9.0757
9.0964
9.12485
9.1549
9.162975
9.175325
9.175575
9.1908
9.21535
9.227475
9.237175
9.277425
9.289675
9.298275
9.303025
9.30995
9.31105
9.32475
9.3376
9.35525
9.364
9.378325
9.380725
9.383025
9.389825
9.39665
9.398775
9.424925
9.45465
9.474675
9.490575
9.59095
9.6105
9.66365
9.687
9.695325
9.724275
9.742875
9.762675
9.81385
9.820275
9.838125
9.8543
9.8572
9.863925
9.885425
9.8891
9.89515
9.900925
9.947675
9.961725
9.96665
9.982525
572
