1.006025
1.013075
1.01575
1.0166
1.046725
1.0603
1.071675
1.081275
1.081575
1.082225
1.09955
1.1066
1.1098
1.12655
1.12915
1.13615
1.140175
1.142575
1.146475
1.1532
1.18895
1.190225
1.191575
1.208925
1.217725
1.224875
1.2514
1.252925
1.255075
1.264825
1.2943
1.3145
1.315325
1.371575
1.41775
1.430475
1.446
1.4469
1.4833
1.508275
1.576275
1.626175
1.63045
1.674225
1.675225
1.6818
1.691575
1.691725
1.724675
1.730175
1.73435
1.747525
1.753025
1.81075
1.81335
1.820375
1.825575
1.825725
1.8283
1.82875
1.836475
1.852825
1.858775
1.8801
1.9058
1.924175
1.924875
1.960075
1.96085
1.970425
1.973625
1.993625
2.037825
2.0929
2.130275
2.141325
2.15335
2.155625
2.163025
2.168175
2.1828
2.2123
2.22525
2.2378
2.283175
2.312975
2.333925
2.3359
2.340225
2.3424
2.3461
2.3496
2.3596
2.3638
2.382125
2.385525
2.4045
2.40505
2.409325
2.4483
2.4579
2.472575
2.50775
2.5259
2.55335
2.55635
2.576175
2.576675
2.58255
2.6244
2.638125
2.66545
2.66715
2.6775
2.682775
2.697875
2.698875
2.707525
2.707925
2.722675
2.7272
2.765625
2.7865
2.787025
2.7888
2.7941
2.804375
2.83155
2.83345
2.8667
2.879425
2.9123
2.922975
2.92485
2.940775
2.9533
2.9642
2.965125
2.9661
2.972975
2.992475
3.00615
3.07025
3.079825
3.1123
3.12725
3.142375
3.142625
3.14285
3.178175
3.182975
3.194675
3.21165
3.2199
3.2276
3.228375
3.247075
3.2733
3.276975
3.283425
3.34525
3.37045
3.3886
3.3936
3.3982
3.446375
3.468925
3.473
3.4747
3.482225
3.51495
3.524975
3.5617
3.57
3.587675
3.6005
3.602275
3.63
3.67165
3.68015
3.70145
3.736825
3.7372
3.740925
3.7518
3.753125
3.759025
3.79805
3.8044
3.806
3.814025
3.815475
3.81765
3.819825
3.847775
3.867125
3.880825
3.881675
3.925275
3.93205
3.944225
3.9802
3.980725
3.997625
4.04805
4.058
4.077
4.0891
4.1229
4.12365
4.142125
4.15925
4.1671
4.16835
4.16915
4.1709
4.195675
4.204025
4.223875
4.2669
4.267275
4.306375
4.315625
4.394725
4.441
4.44595
4.450125
4.463025
4.469825
4.483875
4.4842
4.52465
4.5467
4.548175
4.578875
4.582175
4.58885
4.6161
4.6622
4.682225
4.70465
4.729475
4.766075
4.773825
4.777125
4.794725
4.79845
4.8299
4.83525
4.84385
4.85815
4.91825
4.933775
4.935875
4.945475
4.951625
4.98445
4.99315
4.9934
5.005325
5.006975
5.009175
5.0187
5.021875
5.056525
5.061475
5.07955
5.0875
5.092625
5.093175
5.103725
5.110575
5.110825
5.1314
5.13215
5.175625
5.197325
5.246875
5.25565
5.2854
5.28735
5.29945
5.302325
5.302375
5.30835
5.396775
5.397275
5.42895
5.443075
5.48785
5.49695
5.580425
5.58505
5.59
5.602025
5.61675
5.63875
5.640625
5.64975
5.681925
5.6872
5.7132
5.713975
5.746625
5.779775
5.77985
5.780975
5.80065
5.803075
5.819475
5.864525
5.881625
5.88535
5.900625
5.951875
5.95335
5.96595
5.970725
6.006825
6.05715
6.093675
6.115275
6.127425
6.1313
6.1467
6.150175
6.15265
6.16465
6.17565
6.20555
6.2058
6.25
6.281225
6.2861
6.289025
6.301075
6.303925
6.324975
6.328225
6.369825
6.389875
6.420975
6.456825
6.460975
6.48125
6.50135
6.5143
6.5287
6.559625
6.56525
6.575125
6.6006
6.6158
6.623775
6.679325
6.731
6.7327
6.7517
6.752275
6.764025
6.78295
6.79175
6.792075
6.799075
6.8057
6.83345
6.841825
6.848625
6.88605
6.906525
6.9085
6.9158
6.9865
6.996625
7.00265
7.0074
7.02975
7.0789
7.08845
7.12025
7.1506
7.1508
7.161125
7.23165
7.25195
7.275425
7.2846
7.299975
7.33465
7.34285
7.350725
7.3678
7.38985
7.39335
7.40805
7.41115
7.459975
7.47115
7.4787
7.4865
7.5153
7.53195
7.5376
7.5417
7.59835
7.6013
7.609
7.625075
7.67575
7.697725
7.702075
7.73625
7.7822
7.792425
7.79475
7.8183
7.822975
7.833625
7.834375
7.8452
7.864675
7.874575
7.925125
7.952975
7.971075
8.02895
8.040875
8.050375
8.056425
8.071675
8.09705
8.1086
8.120125
8.1258
8.148075
8.1594
8.22195
8.230725
8.235575
8.2397
8.25745
8.276175
8.296925
8.302975
8.325875
8.328475
8.3589
8.369325
8.4139
8.432
8.433675
8.43425
8.48445
8.498425
8.547175
8.56025
8.566825
8.6113
8.623225
8.6506
8.6583
8.68225
8.697375
8.724625
8.7483
8.75525
8.755925
8.771425
8.771925
8.849875
8.889775
8.8905
8.912875
8.915475
8.932575
8.956125
8.959725
8.984725
8.996325
9.017775
9.04915
9.05735
9.10285
9.111275
9.11485
9.1499
9.1566
9.15905
9.162375
9.18315
9.189675
9.22355
9.2349
9.249025
9.2623
9.264325
9.2774
9.296075
9.307475
9.320525
9.373
9.39285
9.39365
9.399225
9.426925
9.432325
9.4584
9.462725
9.479025
9.53385
9.539075
9.55885
9.560575
9.572875
9.5808
9.589475
9.59385
9.609725
9.6186
9.62085
9.62675
9.626875
9.6466
9.655175
9.6645
9.686825
9.703825
9.714875
9.720725
9.73835
9.7399
9.7401
9.7619
9.76615
9.769525
9.7856
9.79365
9.794725
9.812175
9.823575
9.84075
9.84105
9.86405
9.86435
9.906125
9.912475
9.927475
9.9613
9.9835
9.989275
550
