1.020275
1.048475
1.073325
1.1087
1.11445
1.1161
1.117775
1.1203
1.130175
1.144475
1.145425
1.146125
1.157125
1.16475
1.1651
1.176325
1.2016
1.206225
1.235425
1.243925
1.245875
1.258075
1.2852
1.3078
1.32245
1.37755
1.37765
1.379825
1.383675
1.411825
1.431
1.457275
1.46305
1.468825
1.54055
1.55395
1.5783
1.6521
1.662025
1.667775
1.6685
1.680625
1.680875
1.7082
1.716825
1.7174
1.72545
1.738125
1.7431
1.766625
1.779725
1.788525
1.865825
1.894975
1.9164
1.9263
1.940425
1.97645
1.984225
2.010325
2.0215
2.021675
2.0995
2.124025
2.12475
2.15125
2.156775
2.164925
2.1756
2.190825
2.1933
2.19385
2.241575
2.24205
2.2607
2.264275
2.30275
2.380825
2.390975
2.39735
2.402625
2.405575
2.414725
2.4163
2.420525
2.425675
2.43755
2.4466
2.452275
2.4826
2.48335
2.48595
2.5243
2.5321
2.53495
2.536375
2.539075
2.5505
2.5599
2.566575
2.579775
2.58485
2.5907
2.6728
2.6808
2.69595
2.76265
2.776125
2.776825
2.82025
2.82825
2.8387
2.8781
2.87975
2.8977
2.903375
2.906125
2.9911
2.99695
3.0383
3.042725
3.044475
3.05795
3.071125
3.075125
3.1022
3.1125
3.1144
3.1391
3.1513
3.153675
3.161125
3.183675
3.20845
3.236125
3.237675
3.242575
3.270175
3.291425
3.3065
3.3351
3.380125
3.458
3.460875
3.471375
3.48955
3.4956
3.50255
3.5301
3.53955
3.564825
3.564925
3.57145
3.59875
3.621525
3.64405
3.646475
3.653475
3.7009
3.719125
3.74945
3.82525
3.83485
3.84595
3.864125
3.87955
3.8813
3.890775
3.901575
3.905075
3.92675
3.947975
3.949825
3.97475
3.99155
4.000575
4.001175
4.031425
4.03275
4.03645
4.046575
4.0565
4.059825
4.06015
4.080975
4.08965
4.0998
4.101575
4.1062
4.12795
4.137675
4.251675
4.266775
4.2794
4.32115
4.3417
4.351
4.3849
4.421275
4.425675
4.50725
4.523
4.5256
4.528075
4.535125
4.539
4.570625
4.574975
4.576975
4.5896
4.639775
4.646775
4.647525
4.651375
4.65625
4.658
4.6651
4.66585
4.6772
4.701175
4.73185
4.73365
4.745575
4.750825
4.758575
4.760725
4.833925
4.853725
4.85385
4.8687
4.9147
4.9207
4.96255
5.0261
5.0317
5.0372
5.038725
5.04335
5.075675
5.109625
5.1106
5.118925
5.133225
5.1807
5.18525
5.222925
5.23665
5.289175
5.305075
5.325775
5.358725
5.360175
5.37375
5.3848
5.42585
5.457275
5.4633
5.47035
5.4713
5.4764
5.484
5.48775
5.489225
5.49735
5.51995
5.5295
5.53145
5.536025
5.547975
5.574225
5.586075
5.608875
5.61855
5.66375
5.695175
5.701825
5.7024
5.729
5.7313
5.74725
5.764425
5.798625
5.810775
5.811275
5.832525
5.837875
5.880225
5.900625
5.912475
5.933025
5.93465
5.985275
6.01435
6.03725
6.0593
6.06075
6.060775
6.07545
6.086
6.100275
6.113225
6.116275
6.13355
6.137125
6.139175
6.19155
6.1934
6.244425
6.259975
6.292575
6.29635
6.30065
6.31675
6.330475
6.335975
6.38435
6.386775
6.406975
6.4098
6.4244
6.428475
6.45385
6.471125
6.475525
6.4817
6.49375
6.49485
6.508175
6.5242
6.545475
6.55865
6.5823
6.602425
6.63055
6.63225
6.671
6.689325
6.69665
6.71675
6.7243
6.727525
6.7419
6.756325
6.764825
6.771075
6.7726
6.81195
6.814125
6.84075
6.848875
6.860675
6.89915
6.951125
6.977125
6.984825
6.9912
7.014575
7.02985
7.03555
7.09775
7.1116
7.128475
7.12925
7.136225
7.143125
7.148675
7.1494
7.17825
7.181025
7.194175
7.209775
7.263875
7.27075
7.278975
7.290075
7.308425
7.32525
7.3343
7.360325
7.383175
7.39985
7.411025
7.43785
7.440175
7.44435
7.461075
7.48585
7.494625
7.54835
7.548675
7.548975
7.580575
7.594
7.614225
7.624675
7.659375
7.661175
7.722075
7.7265
7.732825
7.74255
7.743875
7.7588
7.76775
7.778825
7.785375
7.786375
7.801525
7.81965
7.8202
7.82905
7.910975
7.937525
7.9411
7.94885
7.956575
7.974375
7.983625
7.9839
7.990325
7.998725
8.0233
8.02735
8.035975
8.083475
8.094525
8.128425
8.1411
8.1421
8.149775
8.154075
8.158775
8.160275
8.17605
8.192625
8.2382
8.26435
8.29465
8.301025
8.32265
8.331725
8.3763
8.4152
8.4305
8.4342
8.456025
8.465825
8.468
8.472225
8.47245
8.486725
8.502825
8.530975
8.588875
8.60485
8.6376
8.64455
8.659125
8.698725
8.71425
8.723425
8.747975
8.778075
8.78375
8.7844
8.80495
8.82255
8.823925
8.854475
8.866
8.8866
8.903375
8.937925
8.953775
8.963925
8.96535
8.997825
9.001425
9.0025
9.00335
9.029075
9.047725
9.100575
9.108875
9.112425
9.12965
9.15695
9.163175
9.164775
9.169375
9.17735
9.1987
9.23595
9.300475
9.3416
9.35575
9.38705
9.403825
9.42625
9.439975
9.4618
9.468925
9.4794
9.49235
9.498025
9.50255
9.5178
9.55905
9.683175
9.68955
9.724325
9.736375
9.7851
9.78715
9.800075
9.804925
9.82955
9.846325
9.86605
9.887525
9.888475
9.907725
9.908675
9.9274
9.9317
9.937
9.941775
9.964125
9.974325
9.982575
9.9936
531
