1.012275
1.031775
1.03585
1.043125
1.054125
1.0758
1.081075
1.0833
1.08535
1.091675
1.112175
1.118775
1.1367
1.1445
1.1461
1.19015
1.241725
1.309925
1.3163
1.357625
1.36505
1.373275
1.392975
1.423725
1.473075
1.48425
1.5081
1.50925
1.522725
1.525
1.5291
1.5322
1.572075
1.57975
1.61505
1.653
1.66415
1.67925
1.680275
1.7101
1.76745
1.771225
1.773875
1.77405
1.780175
1.8212
1.82735
1.844675
1.8866
1.893025
1.9079
1.91045
1.9429
1.953825
1.956775
1.961525
1.964075
1.9792
1.9818
2.001375
2.01185
2.017225
2.05545
2.07695
2.1029
2.1178
2.122075
2.132925
2.1415
2.151175
2.168625
2.174375
2.17625
2.193325
2.1976
2.21505
2.226675
2.247175
2.269725
2.31735
2.344675
2.363675
2.403275
2.4091
2.41015
2.41785
2.444375
2.44905
2.461225
2.472775
2.487275
2.501375
2.510325
2.5265
2.52835
2.5308
2.54195
2.574
2.586625
2.6026
2.608875
2.640925
2.678275
2.6965
2.698025
2.7091
2.726675
2.7508
2.762275
2.762975
2.7809
2.797
2.80165
2.823675
2.826825
2.831425
2.8495
2.891
2.9083
2.919125
2.9727
2.9729
2.975925
2.986725
2.988275
2.990125
3.017125
3.0354
3.055975
3.056125
3.0661
3.074925
3.09535
3.10935
3.109525
3.122
3.131725
3.159225
3.176025
3.1779
3.184075
3.2196
3.2199
3.22315
3.249675
3.275975
3.2893
3.324325
3.346725
3.370275
3.3731
3.388325
3.4136
3.41655
3.425325
3.427725
3.53095
3.5374
3.54815
3.54835
3.554975
3.559225
3.56755
3.6235
3.629625
3.652
3.6591
3.66445
3.763625
3.785675
3.797575
3.81025
3.8237
3.82385
3.83475
3.8466
3.864425
3.875175
3.895325
3.89545
3.91605
3.9342
3.9705
3.97755
3.9905
4.023725
4.0304
4.0629
4.09615
4.09935
4.1201
4.155475
4.189625
4.194875
4.25025
4.309475
4.327225
4.342725
4.34345
4.37715
4.4223
4.456925
4.4708
4.5035
4.528125
4.558075
4.56135
4.589575
4.591775
4.595175
4.601425
4.641
4.6636
4.66595
4.6728
4.688975
4.694075
4.70715
4.71385
4.71875
4.727
4.733075
4.737575
4.737825
4.758925
4.7692
4.787275
4.82235
4.87
4.888475
4.891225
4.896225
4.916925
4.9198
4.920925
4.93505
4.953025
4.959975
4.97035
4.98095
5.012775
5.02435
5.047575
5.05035
5.070875
5.07955
5.089425
5.101825
5.1103
5.113375
5.1647
5.212575
5.216525
5.220225
5.23825
5.257175
5.3323
5.3377
5.381225
5.391475
5.413025
5.435825
5.437375
5.44465
5.457025
5.479325
5.535725
5.551475
5.55335
5.563475
5.5659
5.56655
5.566725
5.57385
5.579275
5.5895
5.59035
5.596075
5.606075
5.61675
5.6445
5.666325
5.68275
5.707325
5.707675
5.79585
5.8155
5.8333
5.84555
5.855825
5.882725
5.899475
5.918475
5.95115
6.0002
6.034225
6.0447
6.074425
6.079025
6.0982
6.11405
6.125925
6.1262
6.1303
6.15365
6.163425
6.17525
6.1852
6.1881
6.199025
6.215775
6.254425
6.285875
6.307275
6.3446
6.365875
6.4162
6.433725
6.441975
6.470525
6.50145
6.5087
6.5232
6.52355
6.547175
6.5557
6.596425
6.6411
6.6605
6.66525
6.6755
6.7011
6.717025
6.753675
6.773175
6.784025
6.826575
6.83895
6.8451
6.847875
6.849475
6.854575
6.857775
6.866375
6.866775
6.896675
6.9528
6.9565
6.957
6.96355
7.008075
7.02555
7.054175
7.090275
7.128725
7.131875
7.133625
7.13975
7.1571
7.1649
7.166
7.18825
7.217775
7.23065
7.287225
7.30885
7.3124
7.328825
7.345575
7.353025
7.39495
7.397025
7.40035
7.41215
7.41705
7.41785
7.424275
7.42635
7.462425
7.494425
7.4958
7.501225
7.509075
7.525725
7.5292
7.5738
7.575375
7.58885
7.591125
7.5932
7.59725
7.628025
7.647725
7.66125
7.6778
7.680225
7.682725
7.685225
7.705475
7.72825
7.74895
7.788775
7.788975
7.811825
7.8594
7.86555
7.8719
7.886475
7.913625
7.93235
7.94495
7.946375
7.9533
7.959775
7.97335
7.98625
8.002525
8.0057
8.026825
8.02845
8.031925
8.06435
8.06615
8.07635
8.079925
8.087125
8.1064
8.1077
8.11875
8.1197
8.1369
8.1402
8.18885
8.211475
8.22215
8.2298
8.24345
8.24395
8.245525
8.24965
8.253525
8.254175
8.2553
8.277275
8.287675
8.2881
8.29
8.297025
8.30245
8.3187
8.325075
8.32635
8.327325
8.3326
8.42935
8.444
8.501275
8.510675
8.536975
8.5534
8.604975
8.610125
8.635575
8.6688
8.695975
8.70915
8.739925
8.746
8.748775
8.788625
8.804975
8.816225
8.8184
8.843925
8.861225
8.862025
8.86925
8.8714
8.9557
8.96575
9.06485
9.07585
9.077375
9.118325
9.1234
9.128025
9.130375
9.13265
9.1481
9.1747
9.2087
9.2124
9.213525
9.2177
9.222175
9.245375
9.25365
9.2698
9.270375
9.271675
9.29125
9.29275
9.329
9.410575
9.41665
9.460825
9.462875
9.46855
9.48665
9.514925
9.52405
9.535275
9.569025
9.5975
9.624725
9.6439
9.6505
9.663275
9.699175
9.705025
9.7067
9.749875
9.761725
9.7833
9.7964
9.820375
9.83955
9.877775
9.923775
9.93115
9.93435
9.939975
9.948875
9.955775
9.973325
9.979575
9.997375
9.9984
538
