1.0204
1.0272
1.031475
1.03495
1.04245
1.04575
1.0521
1.05595
1.059425
1.069125
1.070075
1.0746
1.0883
1.10125
1.160925
1.184
1.1917
1.193425
1.213725
1.2184
1.23715
1.25405
1.258175
1.278625
1.279625
1.30355
1.311725
1.3245
1.348325
1.3566
1.372225
1.378025
1.383025
1.403375
1.4716
1.47185
1.5251
1.526775
1.5624
1.583325
1.600825
1.60785
1.620675
1.62975
1.656275
1.656475
1.6801
1.681925
1.68725
1.699525
1.7041
1.70465
1.717475
1.74455
1.770475
1.775625
1.814025
1.842075
1.84575
1.861675
1.8649
1.8676
1.89935
1.9059
1.9266
1.933525
1.945025
1.952175
1.955
1.991225
2.016475
2.0182
2.0402
2.07335
2.07495
2.083075
2.086525
2.0888
2.090325
2.15295
2.18405
2.1868
2.194975
2.22105
2.230425
2.239725
2.25305
2.288675
2.3067
2.31555
2.31755
2.322975
2.331825
2.447475
2.465075
2.498025
2.53755
2.549925
2.587325
2.650975
2.659625
2.6697
2.719725
2.73425
2.75125
2.7558
2.816125
2.826125
2.8378
2.839775
2.85705
2.8621
2.86885
2.8764
2.8975
2.903975
2.921025
2.943225
2.951425
2.96285
2.974425
3.021
3.052725
3.061475
3.0809
3.130925
3.1727
3.186975
3.194775
3.21285
3.2134
3.219825
3.22145
3.223025
3.244175
3.24635
3.2529
3.28625
3.327725
3.328175
3.334775
3.344725
3.347325
3.3501
3.353
3.356175
3.375325
3.378475
3.4478
3.458575
3.46815
3.485725
3.4869
3.5005
3.525225
3.550825
3.55255
3.5577
3.586875
3.6378
3.65005
3.6606
3.662225
3.700375
3.71835
3.7465
3.788125
3.817625
3.83955
3.8479
3.861
3.877925
3.900125
3.927975
3.93105
3.939225
3.9482
3.9527
3.96
3.99955
4.0023
4.005225
4.00525
4.01495
4.019625
4.027025
4.03455
4.036175
4.057225
4.065
4.0995
4.114775
4.118625
4.15745
4.166525
4.167575
4.1696
4.185375
4.18995
4.227525
4.241675
4.261375
4.267675
4.274875
4.283875
4.3122
4.312425
4.34225
4.3447
4.37375
4.3798
4.4571
4.482425
4.506125
4.506375
4.5157
4.5235
4.552725
4.587675
4.619175
4.627425
4.6656
4.676675
4.683025
4.684525
4.742725
4.792575
4.79705
4.805725
4.812775
4.832325
4.88325
4.89555
4.91145
4.91185
4.928925
4.938725
4.959225
5.01395
5.014475
5.01695
5.026975
5.028275
5.04235
5.09325
5.11535
5.1797
5.241
5.253975
5.2652
5.269425
5.28195
5.3004
5.328625
5.360825
5.379575
5.38665
5.40345
5.4148
5.416
5.42825
5.4383
5.459075
5.4597
5.472775
5.508925
5.519575
5.541625
5.593875
5.6029
5.608025
5.63145
5.63695
5.645925
5.64685
5.64955
5.66745
5.758325
5.7796
5.791475
5.79365
5.870125
5.87275
5.8729
5.89135
5.892825
5.911275
5.92655
5.953225
6.0337
6.06205
6.074775
6.093225
6.107625
6.1085
6.122525
6.135275
6.136975
6.144625
6.1799
6.24695
6.2511
6.271525
6.2954
6.311
6.3265
6.333375
6.336725
6.352775
6.359075
6.38005
6.381825
6.382425
6.39035
6.40735
6.42535
6.42815
6.446425
6.502975
6.506025
6.51365
6.52755
6.5474
6.55065
6.561025
6.585375
6.59835
6.613825
6.629025
6.629275
6.644325
6.7073
6.7294
6.729675
6.773025
6.782425
6.7835
6.78935
6.79015
6.834975
6.89775
6.921675
6.9474
6.9684
6.979075
7.00195
7.004225
7.047525
7.066525
7.06975
7.084125
7.1087
7.133775
7.160375
7.17295
7.1942
7.244025
7.257525
7.281025
7.30865
7.312025
7.31735
7.3262
7.3619
7.399775
7.40075
7.402175
7.4102
7.421425
7.454425
7.488075
7.512
7.518925
7.588575
7.590525
7.5972
7.633525
7.6552
7.679475
7.684625
7.70575
7.716225
7.71655
7.734
7.7429
7.744125
7.773775
7.813225
7.816425
7.842925
7.852075
7.856075
7.859175
7.86035
7.883225
7.895725
7.896675
7.89795
7.917025
7.925375
7.967375
8.0076
8.011775
8.0266
8.048875
8.053375
8.075475
8.088275
8.141725
8.16295
8.203075
8.2184
8.2215
8.22385
8.226425
8.228075
8.256875
8.2704
8.271075
8.28315
8.3346
8.343725
8.351825
8.3672
8.36915
8.39015
8.42535
8.4266
8.429475
8.446575
8.464
8.46765
8.483875
8.484675
8.49115
8.5444
8.5547
8.58125
8.5871
8.59235
8.600375
8.62085
8.640575
8.686475
8.687875
8.7617
8.80865
8.88515
8.92595
8.930575
8.978375
9.02085
9.021325
9.039925
9.064225
9.089275
9.108075
9.1154
9.1298
9.2076
9.2528
9.28345
9.29175
9.30485
9.31305
9.32245
9.3479
9.367525
9.380475
9.390575
9.40745
9.430975
9.44675
9.457425
9.477375
9.480575
9.5341
9.552975
9.55325
9.5554
9.555475
9.561075
9.587975
9.594675
9.632725
9.650275
9.669075
9.672225
9.674875
9.69145
9.699175
9.6997
9.7258
9.759675
9.76855
9.791475
9.842775
9.842825
9.847525
9.858275
9.88805
9.9188
502
