1.021075
1.06965
1.089475
1.106225
1.1155
1.120325
1.123375
1.15605
1.158975
1.187125
1.210025
1.22805
1.2648
1.2782
1.324925
1.397
1.39855
1.43545
1.44725
1.487425
1.497625
1.52255
1.53925
1.555925
1.55785
1.560075
1.57355
1.5792
1.585825
1.60785
1.6368
1.65225
1.658425
1.669275
1.676175
1.686225
1.692475
1.695025
1.707275
1.71255
1.73625
1.77065
1.776675
1.7774
1.8029
1.809525
1.837575
1.857175
1.871025
1.878
1.879125
1.917425
1.95945
1.9595
1.97985
1.9837
1.983925
1.9957
2.006325
2.029425
2.040925
2.042825
2.045125
2.048525
2.107575
2.108375
2.13075
2.142775
2.1664
2.1985
2.222975
2.241025
2.25205
2.258025
2.274525
2.276125
2.282025
2.291825
2.302825
2.329825
2.33105
2.376475
2.38965
2.42305
2.44045
2.455725
2.4575
2.462725
2.4917
2.50015
2.50485
2.523925
2.53625
2.540025
2.54215
2.5607
2.56765
2.599475
2.6234
2.631725
2.644125
2.645775
2.6564
2.661625
2.66735
2.668075
2.6756
2.683125
2.72135
2.735375
2.73665
2.770475
2.77835
2.7789
2.779075
2.7862
2.7973
2.80175
2.880325
2.883675
2.89795
2.91925
2.921675
2.925575
2.96865
2.987525
2.99475
3.024725
3.047075
3.048725
3.0537
3.0651
3.0656
3.084125
3.0893
3.100125
3.10455
3.118975
3.15095
3.164975
3.16885
3.197025
3.1975
3.197675
3.211025
3.219575
3.223575
3.237325
3.264525
3.274825
3.284725
3.2899
3.34295
3.349525
3.35315
3.380725
3.38725
3.4036
3.42455
3.44035
3.4474
3.455775
3.4789
3.4918
3.508825
3.520175
3.522175
3.533675
3.547075
3.55605
3.5921
3.613825
3.616925
3.665275
3.696525
3.6979
3.699625
3.705225
3.71345
3.714475
3.7418
3.751025
3.7682
3.78855
3.801025
3.815475
3.8225
3.8489
3.88565
3.8899
3.903425
3.9354
3.94005
3.960975
3.9789
3.9925
3.996675
4.010475
4.016025
4.023875
4.046175
4.0571
4.058275
4.072075
4.072625
4.0802
4.096
4.09905
4.111975
4.126275
4.153875
4.157225
4.15905
4.17895
4.18335
4.208425
4.256425
4.268925
4.2756
4.2789
4.285475
4.31675
4.319175
4.326375
4.334275
4.359925
4.360075
4.38015
4.383325
4.386375
4.388575
4.39525
4.4022
4.45635
4.500825
4.502775
4.54825
4.5583
4.593925
4.63525
4.642125
4.66865
4.694175
4.698875
4.708925
4.74985
4.755275
4.760575
4.780075
4.8035
4.80805
4.84095
4.866725
4.900075
4.920375
4.930175
4.940225
4.980025
4.984925
4.993275
5.002675
5.057825
5.07505
5.09425
5.097
5.130175
5.155275
5.173475
5.21285
5.21985
5.23235
5.238025
5.24815
5.2636
5.3149
5.31915
5.327725
5.334075
5.350025
5.37375
5.3795
5.382675
5.417675
5.435
5.464375
5.506175
5.51275
5.5242
5.529575
5.532875
5.53735
5.5399
5.5476
5.547925
5.56685
5.5681
5.578575
5.57895
5.611925
5.62285
5.629525
5.632125
5.63695
5.67065
5.68295
5.683025
5.72985
5.735275
5.743025
5.746625
5.752675
5.792
5.870425
5.891025
5.9045
6.061575
6.072525
6.08005
6.092075
6.098525
6.09935
6.124175
6.158475
6.171725
6.191325
6.199875
6.238675
6.310175
6.3237
6.355625
6.383375
6.4127
6.41315
6.416625
6.4208
6.421375
6.421625
6.440425
6.441625
6.45325
6.535975
6.537175
6.576925
6.585175
6.587325
6.599675
6.603825
6.63355
6.70725
6.714625
6.73465
6.7385
6.80655
6.82655
6.828975
6.832575
6.849075
6.863425
6.869
6.873925
6.892975
6.913525
6.92085
6.96525
6.969475
6.99905
7.006825
7.017
7.0355
7.03575
7.059325
7.078875
7.081225
7.144075
7.19165
7.202225
7.2232
7.223475
7.24215
7.265325
7.312225
7.31585
7.32045
7.33075
7.3388
7.3505
7.3555
7.3778
7.3887
7.3941
7.421475
7.465775
7.468325
7.486225
7.51175
7.51285
7.543375
7.5434
7.5696
7.6385
7.6516
7.654025
7.6568
7.661075
7.667275
7.688375
7.6894
7.73985
7.749875
7.75165
7.75225
7.753975
7.76765
7.76995
7.780375
7.817375
7.8524
7.8738
7.88805
7.906825
7.924925
7.9309
7.955525
7.958275
7.9663
7.9696
7.969925
7.986075
7.9904
8.031125
8.03715
8.0536
8.111825
8.116675
8.130775
8.135025
8.151225
8.167925
8.17745
8.247775
8.25675
8.265475
8.2699
8.272125
8.332175
8.392
8.4179
8.419525
8.427325
8.460175
8.47655
8.51065
8.5144
8.558725
8.57585
8.598325
8.616975
8.665275
8.66695
8.6737
8.685475
8.716125
8.735675
8.752775
8.766825
8.767
8.777425
8.82125
8.8836
8.890825
8.913675
8.91435
8.925975
8.944475
8.95045
8.961425
8.967325
8.97295
8.97665
8.980525
8.9992
9.008525
9.01565
9.098775
9.116125
9.1455
9.1515
9.157975
9.164125
9.16695
9.18855
9.1996
9.22705
9.254975
9.265025
9.28675
9.33235
9.339375
9.35515
9.35815
9.41335
9.4278
9.4385
9.4388
9.4953
9.537375
9.563
9.57075
9.627975
9.65235
9.65895
9.6732
9.718125
9.742775
9.759275
9.760775
9.769
9.777475
9.820425
9.8356
9.885425
9.917575
9.919925
9.9408
9.959925
9.963825
9.968725
9.989925
528
