1.02155
1.027875
1.02885
1.044475
1.052425
1.109875
1.12385
1.1244
1.131725
1.13585
1.13885
1.13965
1.1531
1.169825
1.187075
1.19105
1.212725
1.2607
1.2758
1.283275
1.292475
1.30665
1.338825
1.359
1.361625
1.371775
1.39565
1.40225
1.4063
1.41035
1.413525
1.4154
1.427025
1.42905
1.4454
1.45115
1.4543
1.4962
1.5039
1.52135
1.55225
1.59405
1.6058
1.620525
1.6331
1.6432
1.659825
1.66185
1.664375
1.69925
1.736975
1.737425
1.745675
1.771875
1.78925
1.789425
1.822725
1.834175
1.83525
1.84175
1.85695
1.859625
1.864825
1.8649
1.882975
1.893
1.89465
1.904275
1.914125
1.923675
1.9449
1.961575
1.98995
1.999525
2.00005
2.001075
2.042025
2.0704
2.088125
2.196075
2.2048
2.211
2.22065
2.23235
2.254975
2.26795
2.28875
2.2897
2.294775
2.3686
2.3699
2.380275
2.392075
2.393475
2.399975
2.4003
2.409275
2.41785
2.4292
2.445975
2.448625
2.45795
2.4619
2.5076
2.563675
2.578325
2.58435
2.59645
2.6091
2.629175
2.6782
2.684825
2.68845
2.707525
2.736275
2.7477
2.751275
2.758225
2.76305
2.770475
2.771875
2.8363
2.848025
2.86365
2.890875
2.904275
2.93105
2.9343
2.936275
2.9401
2.949325
2.979075
2.99185
3.020625
3.1227
3.12425
3.1288
3.21145
3.2157
3.21805
3.236725
3.25405
3.27235
3.312725
3.3157
3.323125
3.345325
3.3491
3.3513
3.364
3.39895
3.40755
3.41485
3.4187
3.43155
3.437825
3.443225
3.463375
3.503375
3.506375
3.51445
3.553625
3.55405
3.56485
3.583825
3.633925
3.6776
3.680325
3.6851
3.69565
3.71255
3.727925
3.7552
3.81325
3.818025
3.8451
3.86755
3.948125
3.9924
3.995325
4.00175
4.002
4.005475
4.00805
4.01305
4.0136
4.0399
4.04705
4.076075
4.07885
4.0817
4.108125
4.132775
4.157175
4.1588
4.173975
4.184275
4.185425
4.196425
4.20245
4.2155
4.23195
4.24725
4.2501
4.264925
4.2691
4.306375
4.33625
4.346775
4.3817
4.397925
4.408625
4.4088
4.433925
4.4437
4.4479
4.476275
4.477175
4.4952
4.500425
4.507375
4.5221
4.543175
4.546525
4.607025
4.61015
4.6258
4.6318
4.6532
4.66015
4.66655
4.677575
4.682875
4.6982
4.72045
4.757175
4.7674
4.77145
4.789325
4.867925
4.868
4.879025
4.930575
4.94725
4.949225
4.957525
4.960625
4.977025
4.996275
5.00345
5.0048
5.0274
5.03595
5.045975
5.07925
5.08235
5.0861
5.0878
5.1068
5.117725
5.1207
5.136625
5.14565
5.163475
5.168675
5.182825
5.1996
5.212875
5.216225
5.22285
5.2239
5.236025
5.245375
5.2454
5.278075
5.28565
5.289625
5.310075
5.33535
5.44125
5.442225
5.444725
5.449175
5.4588
5.494975
5.511975
5.5819
5.586425
5.62615
5.6281
5.6381
5.710125
5.730925
5.778
5.800725
5.8061
5.818775
5.837975
5.862325
5.903425
5.9037
5.924775
5.92815
5.951925
5.952975
5.964275
5.965525
5.967275
5.969325
5.974275
5.978
5.98855
6.020325
6.02835
6.05675
6.056775
6.059325
6.0666
6.14495
6.198375
6.22105
6.228425
6.229
6.2356
6.2379
6.256625
6.315875
6.37495
6.3918
6.4064
6.42035
6.4814
6.490675
6.4933
6.52515
6.534625
6.535325
6.551125
6.5566
6.597075
6.601325
6.607625
6.613175
6.65205
6.6592
6.663025
6.68845
6.6967
6.704975
6.706925
6.731775
6.74535
6.763175
6.801725
6.820075
6.8387
6.849775
6.8629
6.88985
6.919625
6.933075
6.9368
6.97335
6.98805
6.99115
6.9912
7.0294
7.072225
7.109825
7.113475
7.157125
7.21435
7.243025
7.258375
7.281175
7.2931
7.296825
7.3001
7.337925
7.3594
7.363
7.37415
7.38685
7.39955
7.403475
7.417175
7.4305
7.4396
7.456125
7.4797
7.481275
7.5249
7.540975
7.541775
7.548975
7.584225
7.58755
7.5989
7.62645
7.64195
7.6626
7.663175
7.686275
7.701375
7.70855
7.71275
7.73865
7.740525
7.7422
7.751675
7.763
7.767625
7.79295
7.797925
7.82435
7.8344
7.83505
7.835125
7.850825
7.87605
7.9116
7.92525
7.9261
7.936025
7.9364
7.999725
8.0423
8.049
8.08405
8.09305
8.13325
8.133425
8.157175
8.1841
8.188525
8.200875
8.21255
8.27655
8.278875
8.2803
8.280525
8.293525
8.3426
8.373125
8.393025
8.3956
8.45255
8.477125
8.484575
8.49445
8.548475
8.549325
8.5543
8.5848
8.64745
8.677025
8.679675
8.71195
8.713675
8.715525
8.73895
8.749275
8.783425
8.802325
8.811725
8.814225
8.9024
8.904575
8.9732
8.9939
9.01195
9.022025
9.0321
9.0467
9.04865
9.062325
9.07195
9.122775
9.152875
9.153225
9.17445
9.17495
9.176
9.195075
9.2388
9.23955
9.254725
9.26005
9.267125
9.285275
9.2964
9.29685
9.306125
9.320925
9.323125
9.32925
9.346725
9.367175
9.36835
9.379725
9.4131
9.44545
9.44965
9.457525
9.481075
9.488
9.488575
9.50735
9.514775
9.52205
9.531775
9.544125
9.55285
9.564975
9.57765
9.59925
9.6159
9.64295
9.654375
9.67175
9.6766
9.682925
9.688175
9.7144
9.734175
9.753025
9.75905
9.778825
9.786925
9.8047
9.81145
9.839275
9.854925
9.874875
9.8841
9.895425
9.930175
9.931925
9.9342
9.9445
9.949675
9.95015
9.958425
9.962175
9.974525
9.978025
9.985875
9.993325
548
