1.0267
1.038275
1.0449
1.048575
1.051875
1.0564
1.057725
1.0614
1.096
1.104375
1.161625
1.176875
1.212025
1.21435
1.25165
1.267
1.27205
1.27855
1.302475
1.38515
1.461625
1.47085
1.48255
1.49415
1.498125
1.5014
1.529125
1.54235
1.5521
1.564
1.59765
1.645175
1.647975
1.651675
1.661225
1.674325
1.683475
1.691825
1.694425
1.696475
1.70185
1.70615
1.7337
1.7457
1.746225
1.778975
1.781175
1.790575
1.79875
1.80205
1.8116
1.845075
1.859975
1.87535
1.881725
1.889125
1.8916
1.8937
1.939225
1.940075
1.947875
1.9608
1.961175
1.97095
2.023
2.06675
2.06945
2.0742
2.077975
2.0937
2.11305
2.11345
2.161025
2.162375
2.18375
2.1868
2.200275
2.20805
2.22365
2.232825
2.2465
2.264
2.279575
2.289975
2.29735
2.299775
2.30865
2.324775
2.353
2.35385
2.354225
2.357775
2.373125
2.378625
2.3894
2.389975
2.435925
2.456875
2.463075
2.463725
2.466975
2.4693
2.4733
2.4803
2.48895
2.494275
2.500225
2.5115
2.52005
2.533
2.56755
2.622225
2.642775
2.647275
2.651325
2.6725
2.694675
2.7186
2.729175
2.7431
2.77535
2.816775
2.819675
2.821425
2.8376
2.84065
2.848325
2.84965
3.0046
3.05825
3.09035
3.099575
3.1068
3.1284
3.13315
3.176075
3.17745
3.178025
3.18895
3.191825
3.1943
3.278575
3.2787
3.2929
3.293
3.2945
3.2994
3.319725
3.32805
3.331575
3.33405
3.348625
3.3582
3.383075
3.3984
3.404825
3.4235
3.443025
3.462825
3.46515
3.49105
3.497525
3.5037
3.529525
3.529725
3.54105
3.547875
3.560525
3.58125
3.593525
3.603525
3.613225
3.631075
3.638125
3.66625
3.691325
3.70175
3.73185
3.7451
3.748875
3.75195
3.75785
3.76905
3.7765
3.7819
3.79105
3.79115
3.7998
3.813475
3.81885
3.826925
3.865675
3.894025
3.8951
3.915675
3.9378
3.940125
3.961375
3.988775
4.0244
4.032525
4.065825
4.092675
4.104
4.12115
4.132275
4.1357
4.156325
4.1708
4.180225
4.188275
4.2254
4.2589
4.2828
4.282875
4.298075
4.3016
4.307525
4.308125
4.315125
4.3168
4.34605
4.3499
4.361725
4.452475
4.453025
4.45585
4.470975
4.4755
4.511225
4.5169
4.570725
4.59655
4.637475
4.6456
4.6472
4.64925
4.65405
4.68585
4.700225
4.7036
4.70435
4.7364
4.7638
4.78175
4.7877
4.7975
4.847375
4.8476
4.8484
4.8577
4.862025
4.863275
4.873125
4.8766
4.87865
4.886375
4.890725
4.890825
4.926675
4.98535
4.9862
5.00995
5.029575
5.04915
5.058125
5.085425
5.11345
5.119925
5.13495
5.13585
5.18785
5.2023
5.20375
5.209925
5.2309
5.2315
5.234825
5.24055
5.266425
5.29745
5.3329
5.345375
5.359
5.368775
5.369625
5.381925
5.4101
5.45275
5.463525
5.485975
5.49485
5.498525
5.5014
5.51105
5.5201
5.543
5.593925
5.61065
5.615325
5.633375
5.6454
5.677425
5.686675
5.696125
5.70745
5.713
5.752775
5.756775
5.76935
5.776175
5.7954
5.824
5.8266
5.8693
5.87685
5.88195
5.88235
5.89145
5.9062
5.9208
5.92175
5.9374
5.98775
6.01865
6.02635
6.029525
6.0496
6.0526
6.0604
6.110875
6.1348
6.1644
6.1785
6.1828
6.1944
6.2075
6.23715
6.251975
6.264625
6.324675
6.3997
6.4096
6.434775
6.4685
6.485
6.48985
6.507475
6.54185
6.55875
6.600125
6.61395
6.624525
6.62705
6.64585
6.707775
6.7115
6.7379
6.7482
6.761325
6.803725
6.804325
6.809225
6.8259
6.85245
6.85465
6.882675
6.891675
6.920825
6.923575
6.93405
6.95455
6.95905
6.997125
7.00815
7.011875
7.036025
7.046675
7.0611
7.10715
7.115375
7.121675
7.186125
7.19485
7.206175
7.24185
7.254875
7.260725
7.28135
7.2899
7.295375
7.297375
7.3016
7.30485
7.353825
7.367775
7.378225
7.413975
7.419275
7.4265
7.448625
7.4631
7.470275
7.504575
7.52565
7.528375
7.5296
7.544575
7.556975
7.615
7.616
7.65885
7.67415
7.67995
7.708775
7.71845
7.723375
7.727325
7.790125
7.79745
7.8032
7.82835
7.82935
7.835025
7.842725
7.847525
7.8647
7.917575
7.9374
7.95545
7.979675
7.98395
7.9944
8.0123
8.0145
8.0246
8.02995
8.036375
8.040875
8.079
8.1005
8.10205
8.1077
8.10955
8.129225
8.17105
8.1966
8.214575
8.254275
8.267725
8.26785
8.303925
8.305675
8.3086
8.32415
8.33335
8.347225
8.347525
8.351825
8.35415
8.3594
8.369
8.3866
8.4505
8.4645
8.46705
8.4903
8.5143
8.53635
8.5483
8.548525
8.5506
8.5544
8.56735
8.583025
8.5937
8.6205
8.624875
8.62915
8.641075
8.68395
8.7045
8.707775
8.7444
8.751
8.7672
8.8099
8.81835
8.825475
8.82795
8.837975
8.855225
8.862125
8.911425
8.9304
8.952275
9.017125
9.0197
9.02975
9.0423
9.057275
9.085175
9.105625
9.1159
9.131975
9.1457
9.147725
9.158275
9.21715
9.21955
9.234275
9.244175
9.25215
9.257125
9.259775
9.266275
9.2923
9.379275
9.482825
9.487825
9.493525
9.499025
9.53265
9.54325
9.547375
9.54905
9.5712
9.572675
9.609725
9.6196
9.631925
9.64205
9.644525
9.665275
9.672375
9.6766
9.695525
9.7031
9.738325
9.7442
9.779175
9.814325
9.825325
9.83015
9.85825
9.861975
9.8667
9.86845
9.877225
9.8941
9.9297
9.97295
9.9818
9.989975
554
