1.0428
1.081325
1.087475
1.087875
1.111025
1.12265
1.125875
1.1516
1.160475
1.16325
1.165325
1.18935
1.2339
1.249625
1.292075
1.3051
1.324125
1.329775
1.346125
1.367975
1.38825
1.392475
1.4143
1.42095
1.44675
1.461075
1.470775
1.475675
1.47715
1.47985
1.5002
1.515925
1.53175
1.580975
1.592925
1.606775
1.6175
1.667175
1.701775
1.705925
1.717675
1.728075
1.73365
1.78425
1.788025
1.795925
1.8146
1.8344
1.847525
1.854325
1.878975
1.90595
1.925725
1.936725
1.968625
1.98065
2.029675
2.067075
2.078575
2.083725
2.12835
2.13075
2.1329
2.1412
2.151725
2.155225
2.158525
2.173525
2.1798
2.2536
2.2611
2.272075
2.276725
2.31525
2.323625
2.3306
2.34765
2.348225
2.351925
2.358325
2.369525
2.4033
2.4061
2.412125
2.425375
2.452175
2.480825
2.593775
2.599
2.603475
2.61995
2.635725
2.69145
2.706275
2.72185
2.74995
2.766275
2.78685
2.791225
2.8576
2.86125
2.862275
2.88585
2.90955
2.9245
2.95725
2.96865
2.971975
2.99385
3.000475
3.00395
3.032425
3.036775
3.0432
3.049175
3.057975
3.06215
3.0749
3.085025
3.088775
3.09605
3.100975
3.118175
3.139575
3.17335
3.210625
3.2197
3.2204
3.22465
3.232925
3.252325
3.263475
3.28605
3.295975
3.3083
3.319125
3.350275
3.382775
3.38975
3.390575
3.407175
3.435875
3.45185
3.4638
3.4665
3.477125
3.480425
3.486525
3.56345
3.609525
3.60955
3.614325
3.62685
3.629475
3.631575
3.636075
3.645975
3.64845
3.656225
3.670075
3.68585
3.690425
3.717
3.7317
3.74605
3.753675
3.76655
3.789175
3.792975
3.794875
3.812175
3.817375
3.8368
3.844175
3.873975
3.8865
3.89155
3.905575
3.921125
3.924575
3.962525
3.971575
3.990725
4.0258
4.061975
4.07495
4.12795
4.140275
4.15465
4.194475
4.1983
4.199425
4.201625
4.222675
4.223625
4.271525
4.2746
4.28655
4.2892
4.2969
4.299075
4.30345
4.306625
4.307775
4.33185
4.360875
4.411175
4.4124
4.424775
4.455325
4.506375
4.6096
4.610125
4.6239
4.62615
4.655925
4.660425
4.664125
4.678275
4.6968
4.705775
4.72065
4.767575
4.788475
4.80525
4.823625
4.856125
4.86605
4.8698
4.872725
4.92745
4.952075
4.965575
4.968525
4.98045
4.983475
5.01445
5.0171
5.04375
5.07545
5.0949
5.141075
5.149575
5.1573
5.168175
5.17575
5.228825
5.24045
5.272325
5.273975
5.2814
5.29965
5.317075
5.336275
5.361625
5.3792
5.415825
5.417525
5.418475
5.4256
5.44125
5.44395
5.4479
5.44955
5.4882
5.50485
5.512925
5.544225
5.547325
5.605525
5.62015
5.635775
5.6488
5.6578
5.661125
5.662825
5.668075
5.6835
5.733225
5.7368
5.81415
5.822025
5.83035
5.88295
5.901175
5.930675
5.94705
5.94935
5.96085
5.9697
5.983025
5.9903
5.990625
5.99435
6.0068
6.03225
6.055425
6.057275
6.079475
6.108625
6.1527
6.16755
6.186475
6.199175
6.199625
6.200475
6.201925
6.218575
6.225625
6.246575
6.25405
6.25495
6.271175
6.2867
6.314675
6.34445
6.3823
6.3919
6.4035
6.4084
6.455175
6.4618
6.4739
6.4995
6.5067
6.5248
6.5285
6.557475
6.559825
6.59105
6.61725
6.625225
6.670725
6.722175
6.74005
6.7692
6.791375
6.7914
6.807375
6.82155
6.850675
6.86115
6.91665
6.930975
6.936375
6.960975
6.9817
6.989775
7.00425
7.038425
7.06725
7.091925
7.10105
7.138375
7.148675
7.16515
7.18135
7.184925
7.192675
7.197275
7.198475
7.2489
7.25475
7.27365
7.2853
7.29915
7.31495
7.31585
7.33185
7.332475
7.338825
7.34105
7.34855
7.36155
7.370225
7.39315
7.4218
7.480475
7.49125
7.4969
7.49965
7.502075
7.505275
7.528275
7.572475
7.5835
7.6309
7.673725
7.6984
7.7072
7.71505
7.73935
7.7507
7.771625
7.791325
7.8208
7.825525
7.844475
7.90565
7.911
7.921425
7.922075
7.936
7.960875
7.963725
7.9776
7.986275
7.9984
8.004975
8.01445
8.01695
8.0444
8.050125
8.066075
8.08375
8.10815
8.111225
8.141125
8.199125
8.202525
8.232975
8.279775
8.29035
8.302625
8.302925
8.308775
8.34185
8.343025
8.3521
8.355975
8.3708
8.381225
8.412475
8.41685
8.48125
8.507725
8.5126
8.513025
8.5236
8.529525
8.53755
8.550575
8.56465
8.5781
8.592
8.6061
8.6116
8.63135
8.6683
8.683125
8.68685
8.692175
8.697775
8.71375
8.723
8.732975
8.744925
8.7535
8.763925
8.765
8.77055
8.783625
8.7848
8.826
8.840075
8.842225
8.847875
8.867375
8.871775
8.90145
8.90165
8.9193
8.9248
8.931675
8.951625
8.960025
8.970425
8.981325
9.00535
9.005925
9.023125
9.0602
9.120575
9.13775
9.1379
9.172125
9.194425
9.2052
9.206625
9.21665
9.235825
9.23785
9.247875
9.2504
9.258025
9.260425
9.26615
9.2783
9.279275
9.318175
9.31875
9.319175
9.329675
9.341225
9.3589
9.364
9.38285
9.38595
9.39955
9.405575
9.406775
9.420125
9.421375
9.462775
9.4642
9.4864
9.505875
9.544925
9.56995
9.595575
9.59885
9.6111
9.61845
9.653275
9.660375
9.677925
9.679775
9.7217
9.73565
9.757275
9.7737
9.80395
9.81225
9.814975
9.84515
9.85755
9.874375
9.88635
9.894475
9.9097
9.930775
9.93315
9.9399
9.94105
9.956675
9.97275
9.974525
547
