1.0079
1.013875
1.06155
1.06445
1.069275
1.0696
1.074125
1.099825
1.1059
1.1091
1.128125
1.144525
1.190375
1.19475
1.1996
1.202825
1.213075
1.2223
1.226225
1.231125
1.2352
1.24845
1.30465
1.335075
1.34435
1.36125
1.36565
1.374
1.380525
1.3975
1.422425
1.4247
1.436325
1.436825
1.4514
1.455525
1.4773
1.478625
1.478925
1.5119
1.555325
1.557775
1.5798
1.6532
1.694875
1.7199
1.724725
1.734875
1.737475
1.7668
1.77435
1.796825
1.825275
1.83505
1.838475
1.839925
1.874925
1.919525
1.92245
1.927975
1.983375
1.985075
1.997925
2.007575
2.01785
2.0383
2.08465
2.1198
2.12855
2.13925
2.163575
2.179125
2.184975
2.205325
2.219375
2.227975
2.229875
2.241525
2.248875
2.261725
2.2875
2.3119
2.3246
2.327225
2.335625
2.3519
2.360075
2.372575
2.395725
2.431775
2.432475
2.448125
2.493575
2.51035
2.5123
2.518475
2.523075
2.56825
2.577325
2.58245
2.585475
2.591225
2.622575
2.634875
2.659975
2.668225
2.7222
2.73335
2.759775
2.7884
2.791575
2.79945
2.868425
2.890375
2.966325
2.97565
2.977
2.98475
2.99885
3.007675
3.017
3.055975
3.074625
3.075475
3.079575
3.089375
3.1277
3.175825
3.221725
3.23725
3.2403
3.26295
3.27335
3.287925
3.3003
3.335475
3.34725
3.3523
3.36485
3.366125
3.368575
3.369925
3.4052
3.43535
3.446325
3.553025
3.561575
3.5815
3.5902
3.5936
3.59645
3.608525
3.640825
3.65
3.679475
3.686475
3.7025
3.72595
3.728175
3.734275
3.74115
3.752975
3.8095
3.814825
3.8211
3.828925
3.85745
3.8666
3.885025
3.89495
3.945675
3.9518
3.959375
3.959475
3.96275
3.975425
3.9892
3.99465
4.000475
4.014
4.01935
4.02925
4.038125
4.047025
4.091
4.093275
4.0935
4.0982
4.107575
4.111075
4.1398
4.1569
4.157575
4.181325
4.187275
4.188425
4.19315
4.196825
4.23815
4.28205
4.29965
4.2999
4.354025
4.37445
4.421475
4.4222
4.4264
4.42765
4.45425
4.45575
4.460075
4.46065
4.4728
4.5595
4.567775
4.592225
4.61115
4.670875
4.7102
4.7316
4.736525
4.745175
4.763425
4.77835
4.888375
4.893
4.906975
4.924825
4.938375
4.939075
4.9671
4.97825
4.987075
4.9952
4.99815
5.0245
5.0443
5.06035
5.07445
5.093275
5.102725
5.10425
5.111275
5.113675
5.12395
5.1286
5.13195
5.136825
5.14525
5.150375
5.16705
5.17285
5.186425
5.18725
5.21995
5.22645
5.2419
5.2466
5.266025
5.268025
5.27445
5.28095
5.307275
5.325275
5.35575
5.36035
5.37645
5.399225
5.4427
5.468875
5.470175
5.4914
5.511675
5.5382
5.54035
5.571925
5.573075
5.606625
5.628775
5.6289
5.6315
5.631575
5.642025
5.646
5.64605
5.659425
5.663575
5.680325
5.6873
5.703275
5.7078
5.7459
5.782575
5.787475
5.8057
5.89545
5.928
5.9287
5.948025
5.9617
5.98325
6.048025
6.05345
6.054975
6.067175
6.085525
6.092175
6.1168
6.1189
6.12235
6.133525
6.171775
6.176475
6.23025
6.259575
6.2745
6.277775
6.2805
6.291125
6.292475
6.3102
6.331
6.344675
6.3658
6.385325
6.41205
6.4278
6.45215
6.48325
6.4911
6.50455
6.536475
6.54345
6.56185
6.569325
6.575375
6.58135
6.58215
6.601375
6.6255
6.6363
6.66885
6.679175
6.686125
6.750275
6.7541
6.7687
6.795225
6.795875
6.79745
6.801225
6.803325
6.803925
6.81275
6.840875
6.84745
6.85155
6.863175
6.867475
6.90075
6.90945
6.9313
6.93925
6.94895
6.95035
6.98195
7.011375
7.01345
7.019975
7.023675
7.033175
7.0332
7.04115
7.066425
7.0665
7.073425
7.078475
7.08165
7.086725
7.0888
7.090875
7.1004
7.135575
7.1761
7.2007
7.205775
7.207325
7.209625
7.2217
7.233225
7.2843
7.29135
7.30255
7.3067
7.316125
7.32095
7.3618
7.38325
7.39735
7.41905
7.42475
7.44465
7.4611
7.47035
7.513025
7.51945
7.52025
7.5503
7.55985
7.6213
7.6445
7.65735
7.660675
7.661375
7.69215
7.6993
7.7198
7.722575
7.749925
7.77065
7.7739
7.806325
7.822675
7.824225
7.841025
7.847775
7.857975
7.862625
7.879825
7.889575
7.95045
7.978875
7.9846
7.990525
7.998575
8.02265
8.027325
8.06665
8.06745
8.071
8.071075
8.112125
8.126825
8.13875
8.150925
8.167575
8.18745
8.19375
8.20185
8.213775
8.2222
8.242225
8.2622
8.27225
8.283125
8.28625
8.2875
8.2952
8.343325
8.36485
8.36935
8.3887
8.466675
8.468925
8.48085
8.5383
8.55455
8.598475
8.6232
8.641775
8.645375
8.667675
8.7001
8.7024
8.719025
8.739825
8.77725
8.7833
8.79295
8.794175
8.832925
8.86745
8.87115
8.8833
8.894625
8.9047
8.91675
8.93075
8.96505
9.0013
9.009325
9.013875
9.026925
9.043475
9.07805
9.122575
9.151025
9.163
9.165975
9.219075
9.2239
9.235025
9.244
9.266475
9.274975
9.326775
9.33815
9.39345
9.39595
9.42735
9.438225
9.478325
9.508325
9.52575
9.546025
9.549
9.559075
9.561925
9.6107
9.6132
9.643025
9.652225
9.675
9.681525
9.7074
9.748025
9.756375
9.763675
9.766125
9.7754
9.77795
9.783075
9.78385
9.79055
9.7932
9.797175
9.81855
9.845775
9.8505
9.853425
9.85945
9.871225
9.938725
9.9874
544
