1.0142
1.0486
1.0535
1.06045
1.113975
1.129525
1.1768
1.190025
1.22485
1.238775
1.260625
1.263475
1.28035
1.299
1.302275
1.314825
1.32325
1.334575
1.3399
1.3755
1.38875
1.4371
1.457525
1.46515
1.46585
1.476925
1.4817
1.486675
1.492325
1.52955
1.604725
1.65065
1.6539
1.6554
1.698875
1.7322
1.75865
1.76695
1.7985
1.8372
1.840475
1.844775
1.874725
1.888725
1.89545
1.899975
1.90315
1.908925
1.927075
1.93675
1.9458
1.949925
1.9541
1.965875
1.97525
1.981
1.98525
1.995075
2.00295
2.017825
2.02675
2.047
2.067775
2.0819
2.090425
2.0997
2.14055
2.148375
2.165975
2.18485
2.2171
2.242
2.24215
2.322575
2.3402
2.3625
2.430925
2.4324
2.49625
2.4982
2.49945
2.503625
2.50605
2.529525
2.533875
2.5512
2.56805
2.570375
2.637125
2.637225
2.675025
2.716925
2.7216
2.739575
2.7697
2.795675
2.813825
2.8371
2.86075
2.860925
2.881675
2.891725
2.893325
2.906275
2.90895
2.912275
2.9207
2.92285
2.925425
2.928525
2.9346
2.93675
2.93935
2.95925
2.978325
2.98195
2.9826
2.98345
3.0057
3.0291
3.0342
3.03875
3.04035
3.049525
3.050725
3.0719
3.09565
3.118
3.118675
3.137475
3.1499
3.174125
3.19365
3.23935
3.2602
3.27975
3.289475
3.307975
3.31585
3.3565
3.364025
3.3663
3.37255
3.387575
3.410025
3.427675
3.47495
3.490325
3.553425
3.559
3.5596
3.57515
3.578975
3.5957
3.669425
3.7105
3.7458
3.7539
3.7919
3.81485
3.833
3.83625
3.864175
3.866925
3.897275
3.905525
3.93185
3.93335
3.9352
3.939975
3.953575
4.002025
4.0082
4.0262
4.047
4.050875
4.107725
4.110475
4.14125
4.203725
4.236925
4.254425
4.2602
4.31285
4.344625
4.3447
4.35625
4.375125
4.375925
4.414125
4.418775
4.43
4.4318
4.478675
4.500025
4.5006
4.522525
4.5365
4.576575
4.58585
4.686225
4.70615
4.71855
4.729625
4.741075
4.7439
4.756875
4.7669
4.78555
4.787325
4.800575
4.811375
4.811725
4.811775
4.822625
4.83045
4.853375
4.892925
4.9136
4.952525
4.9726
4.972775
4.9788
4.999225
5.0026
5.009125
5.018625
5.0441
5.0611
5.0778
5.111325
5.12975
5.17
5.1882
5.2338
5.234325
5.235125
5.271925
5.275975
5.27735
5.3148
5.325225
5.339925
5.3933
5.4065
5.4166
5.424075
5.4284
5.45805
5.463925
5.499925
5.50175
5.503
5.511475
5.5181
5.527025
5.527975
5.547025
5.54765
5.549075
5.5592
5.575125
5.61855
5.628475
5.644225
5.660225
5.663625
5.666925
5.667125
5.6903
5.691125
5.71915
5.7372
5.758125
5.7631
5.81015
5.813375
5.8266
5.8329
5.844375
5.848025
5.85035
5.85355
5.855775
5.863875
5.8682
5.870625
5.87415
5.8807
5.88445
5.88575
5.8904
5.903
5.923325
5.93345
5.936875
5.97375
5.980075
5.986475
6.02785
6.036375
6.05365
6.057375
6.0677
6.073975
6.0835
6.091475
6.0995
6.106775
6.1661
6.246575
6.252675
6.254225
6.256475
6.2706
6.306925
6.322725
6.32715
6.3309
6.342325
6.37135
6.3997
6.405225
6.420725
6.4277
6.43505
6.438175
6.446825
6.45985
6.49295
6.4969
6.50435
6.533025
6.557125
6.5891
6.596375
6.6458
6.675575
6.675725
6.6777
6.683875
6.689075
6.7044
6.735675
6.7397
6.745075
6.7665
6.772475
6.780425
6.849975
6.857875
6.863025
6.863125
6.913575
6.919175
6.927025
6.93995
6.940125
6.943625
6.9692
6.994075
7.0585
7.10705
7.123675
7.15775
7.215675
7.2309
7.272425
7.277725
7.2848
7.30285
7.30515
7.352
7.3807
7.408025
7.416625
7.43595
7.446275
7.4537
7.4775
7.4794
7.506525
7.57405
7.583325
7.589075
7.599875
7.627375
7.683725
7.71015
7.718575
7.72275
7.74445
7.75655
7.75885
7.788525
7.788575
7.79595
7.865825
7.87365
7.874025
7.903025
7.93175
7.94625
7.96715
7.990775
8.031975
8.050025
8.0532
8.055675
8.07565
8.1175
8.1363
8.1611
8.1697
8.170875
8.187575
8.2081
8.21555
8.221425
8.225525
8.228275
8.232925
8.25735
8.275225
8.28745
8.28865
8.291175
8.32105
8.3256
8.33125
8.35525
8.39315
8.43295
8.466775
8.4815
8.490625
8.49485
8.496275
8.499975
8.5286
8.535575
8.5414
8.5519
8.568375
8.625675
8.638575
8.661575
8.661675
8.6677
8.73565
8.743925
8.783725
8.79045
8.840875
8.8419
8.875525
8.8766
8.87905
8.8797
8.891825
8.9273
8.929125
8.938325
8.9643
9.00385
9.017475
9.0385
9.05365
9.069975
9.142075
9.15145
9.1584
9.177025
9.192075
9.19735
9.21215
9.223
9.223175
9.24695
9.2496
9.249875
9.28865
9.292475
9.2931
9.34815
9.364475
9.369425
9.415325
9.44505
9.495675
9.5199
9.52145
9.52745
9.536575
9.545
9.564625
9.5804
9.585275
9.59005
9.6342
9.671975
9.700425
9.709325
9.714875
9.718425
9.7559
9.75985
9.759925
9.79225
9.792425
9.793275
9.805925
9.814075
9.83605
9.85155
9.854275
9.87095
9.89055
9.894675
9.986325
520
