1.000475
1.00395
1.00415
1.0068
1.02085
1.056275
1.081375
1.08295
1.089125
1.1083
1.12195
1.124075
1.124875
1.125875
1.149775
1.15875
1.180075
1.20855
1.2152
1.292225
1.312725
1.318575
1.340175
1.3493
1.352925
1.3606
1.37265
1.408525
1.42535
1.429675
1.462225
1.472575
1.50935
1.5675
1.6086
1.624675
1.6435
1.7018
1.7047
1.738475
1.748275
1.75405
1.7707
1.770925
1.790075
1.803975
1.805175
1.8404
1.863475
1.87085
1.895825
1.9015
1.9058
1.907425
1.95
1.9844
1.99805
2.05685
2.06475
2.074725
2.0839
2.094575
2.1083
2.1093
2.134325
2.1469
2.15825
2.183325
2.186325
2.2076
2.256925
2.265725
2.289775
2.30275
2.310275
2.354125
2.363325
2.364975
2.3816
2.396875
2.4144
2.42725
2.4739
2.48115
2.487575
2.506975
2.52305
2.523125
2.5457
2.552425
2.55345
2.585175
2.6007
2.606875
2.632525
2.6645
2.682125
2.687175
2.7004
2.716825
2.72045
2.726425
2.72965
2.74275
2.747525
2.75465
2.755925
2.7574
2.76295
2.78185
2.811
2.820125
2.82275
2.824025
2.853475
2.856525
2.871025
2.879825
2.884675
2.905025
2.923475
2.939925
2.979
2.979775
2.98265
3.018575
3.0468
3.057525
3.122325
3.149025
3.165375
3.16655
3.1853
3.2389
3.2502
3.2717
3.271825
3.2992
3.308175
3.311175
3.36905
3.410775
3.426825
3.442325
3.46665
3.4883
3.5126
3.550125
3.565625
3.574425
3.580925
3.589975
3.601775
3.6021
3.626975
3.679925
3.69405
3.75605
3.771075
3.788875
3.8036
3.8152
3.820975
3.821975
3.8278
3.851725
3.852625
3.853975
3.85495
3.862275
3.88385
3.896325
3.9002
3.95435
3.957325
3.97415
3.980625
3.993525
4.01255
4.07915
4.0814
4.115025
4.17675
4.1854
4.204475
4.275675
4.28055
4.300475
4.313275
4.33085
4.34235
4.343225
4.3552
4.414225
4.42335
4.44705
4.451925
4.459025
4.46205
4.4908
4.4931
4.504775
4.5058
4.508625
4.5114
4.5248
4.5359
4.541625
4.547975
4.556175
4.561525
4.579625
4.582275
4.5827
4.6359
4.671875
4.6973
4.701525
4.7183
4.721925
4.72205
4.82635
4.84935
4.852725
4.8931
4.9266
4.929975
4.95275
4.969275
4.978075
4.984125
4.98835
4.990525
5.01395
5.037625
5.0566
5.06135
5.0682
5.105325
5.12415
5.136175
5.159725
5.187175
5.1997
5.2007
5.211025
5.219925
5.2479
5.263475
5.29205
5.314975
5.315375
5.32735
5.3316
5.3916
5.40115
5.4025
5.421525
5.4333
5.44775
5.451875
5.4954
5.503
5.524125
5.5304
5.53705
5.56805
5.651625
5.65445
5.672075
5.67365
5.735675
5.74745
5.748175
5.750925
5.7606
5.764425
5.782125
5.7824
5.82185
5.828425
5.882825
5.884425
5.9041
5.9076
5.951625
5.98425
5.995575
6.0088
6.016525
6.019925
6.05665
6.064075
6.071
6.079575
6.093025
6.09895
6.1109
6.11165
6.1227
6.146625
6.15215
6.171
6.171475
6.189425
6.19035
6.204375
6.242275
6.256625
6.2592
6.260375
6.278925
6.2848
6.308675
6.311825
6.31685
6.319775
6.328425
6.3296
6.3334
6.3798
6.402875
6.42415
6.43105
6.43695
6.448525
6.461675
6.502275
6.526975
6.541175
6.55275
6.55585
6.610925
6.642625
6.643525
6.66525
6.687575
6.700975
6.702225
6.73145
6.747125
6.7594
6.7642
6.769525
6.79745
6.808625
6.89485
6.8989
6.916975
6.9222
6.9368
6.953025
6.980275
6.99055
7.00155
7.038225
7.05545
7.078375
7.100275
7.113775
7.125375
7.132925
7.15785
7.166925
7.1754
7.206
7.207025
7.23015
7.233925
7.3026
7.304525
7.3262
7.416225
7.42485
7.427025
7.481525
7.484375
7.50725
7.5243
7.537325
7.5668
7.567275
7.60655
7.61495
7.6179
7.637
7.6381
7.643875
7.66995
7.671375
7.756825
7.76425
7.82635
7.838575
7.85985
7.871475
7.958225
7.961925
8.00525
8.030575
8.03725
8.050175
8.076775
8.0816
8.0995
8.103125
8.1198
8.1225
8.130625
8.18505
8.187
8.19515
8.203675
8.205075
8.211375
8.21525
8.2228
8.233
8.233575
8.236975
8.26575
8.299025
8.339725
8.41035
8.410725
8.41085
8.44055
8.4582
8.4594
8.468
8.47255
8.51215
8.51345
8.530575
8.542125
8.54795
8.57785
8.58865
8.608075
8.6152
8.64325
8.715325
8.739675
8.7539
8.760525
8.76375
8.7852
8.80025
8.819625
8.84195
8.873225
8.8753
8.8926
8.8967
8.93795
8.96575
9.010275
9.025025
9.02715
9.0482
9.096275
9.108025
9.11045
9.11535
9.1274
9.212225
9.232425
9.2623
9.27965
9.285375
9.30355
9.33015
9.3327
9.339725
9.344625
9.3864
9.4099
9.423725
9.4574
9.54745
9.55595
9.5923
9.592475
9.597625
9.616
9.677475
9.67825
9.7043
9.705175
9.739675
9.75685
9.760575
9.7642
9.770075
9.79885
9.8083
9.82205
9.822275
9.8473
9.881775
9.89265
9.89395
9.92255
9.949575
9.95995
9.975675
9.993375
507
