1.014825
1.015575
1.023
1.043475
1.04405
1.050575
1.05415
1.065125
1.08405
1.09245
1.09515
1.12535
1.1419
1.142075
1.176875
1.183725
1.19915
1.213225
1.21815
1.23885
1.245175
1.24915
1.250375
1.319075
1.3815
1.3858
1.424675
1.427475
1.42805
1.4287
1.441725
1.45405
1.459275
1.4625
1.496025
1.505025
1.521825
1.568575
1.617125
1.626525
1.632675
1.634475
1.669725
1.70975
1.7103
1.717325
1.73865
1.755025
1.791475
1.799875
1.80665
1.8245
1.8675
1.874125
1.891075
1.922625
1.92925
1.9306
1.9567
1.9719
1.9733
2.00585
2.015375
2.052825
2.0588
2.071825
2.075175
2.107125
2.111075
2.1119
2.11385
2.117025
2.1321
2.13995
2.15595
2.2075
2.21565
2.2272
2.2426
2.246325
2.281075
2.304325
2.310175
2.31865
2.32735
2.3338
2.3552
2.375875
2.3795
2.3853
2.390025
2.3904
2.3919
2.45965
2.46395
2.46675
2.47015
2.498825
2.50965
2.53735
2.569475
2.5903
2.5937
2.599525
2.61
2.6652
2.68415
2.70315
2.708725
2.731775
2.7763
2.785925
2.788125
2.799
2.8539
2.8831
2.884925
2.904975
2.912425
2.93205
2.938275
2.938425
2.947675
2.9529
2.95395
2.97405
3.003675
3.04985
3.056175
3.0667
3.0952
3.123725
3.13
3.139475
3.2404
3.2724
3.331825
3.335725
3.337225
3.3389
3.366425
3.407575
3.430725
3.452075
3.4563
3.467725
3.47145
3.499025
3.5163
3.524025
3.546875
3.5532
3.555725
3.567225
3.571
3.582075
3.58315
3.585475
3.59435
3.5966
3.61015
3.61525
3.62165
3.633925
3.645875
3.6602
3.68655
3.709025
3.720725
3.74395
3.80615
3.81615
3.818925
3.84645
3.848675
3.85965
3.9048
3.956575
4.05385
4.076
4.10775
4.143775
4.1508
4.161325
4.189725
4.1977
4.19905
4.202175
4.24765
4.256375
4.256975
4.259475
4.266
4.2664
4.279075
4.28155
4.316175
4.33865
4.3688
4.4255
4.426025
4.468825
4.495625
4.526025
4.53625
4.55065
4.55125
4.572775
4.616825
4.647625
4.65255
4.6922
4.69495
4.703975
4.7144
4.72425
4.73835
4.74405
4.8081
4.879075
4.8922
4.9088
4.920475
4.92995
4.94235
4.947825
4.95885
4.971925
4.98545
4.989675
4.9912
5.0088
5.02095
5.023
5.03205
5.036225
5.04205
5.045775
5.062525
5.06705
5.094375
5.103075
5.167325
5.1756
5.18215
5.198125
5.20825
5.2164
5.221625
5.257675
5.25955
5.2827
5.314
5.3207
5.326175
5.34135
5.34955
5.35035
5.413225
5.42155
5.42715
5.44805
5.45335
5.46485
5.4972
5.508975
5.5306
5.536875
5.538925
5.565725
5.567775
5.57305
5.580625
5.592525
5.60235
5.607925
5.610725
5.626275
5.627825
5.6615
5.667075
5.69405
5.6941
5.715925
5.7256
5.7337
5.739575
5.74785
5.752825
5.781725
5.793275
5.798625
5.832975
5.847575
5.85315
5.87395
5.875525
5.8784
5.88825
5.8936
5.89475
5.89545
5.90935
5.93245
5.9403
5.951125
5.952525
6.002825
6.00465
6.03505
6.053225
6.062575
6.080675
6.1243
6.137875
6.216
6.248325
6.271125
6.290525
6.29585
6.333525
6.3422
6.353325
6.37325
6.39645
6.398325
6.42095
6.421275
6.4274
6.461025
6.46805
6.47255
6.475175
6.498425
6.520875
6.54625
6.546425
6.559125
6.569
6.573675
6.577425
6.5879
6.606325
6.6218
6.6243
6.64835
6.648525
6.75365
6.797175
6.804675
6.80725
6.85265
6.856975
6.900325
6.910425
6.91085
6.93165
6.981525
6.989325
7.0224
7.03825
7.0435
7.05565
7.070775
7.09205
7.101775
7.117775
7.15675
7.157925
7.17145
7.191475
7.19245
7.20485
7.230275
7.2327
7.24705
7.25695
7.260375
7.26475
7.274375
7.285275
7.2882
7.29915
7.304975
7.37525
7.380575
7.38125
7.390675
7.401775
7.41045
7.416
7.435725
7.436425
7.445575
7.4485
7.455875
7.464
7.46985
7.47835
7.4844
7.499175
7.529975
7.5472
7.602575
7.605825
7.6284
7.660475
7.6787
7.68345
7.693375
7.719175
7.7283
7.733375
7.7514
7.7934
7.803975
7.810625
7.8123
7.82315
7.8355
7.878375
7.92505
7.92865
7.96595
7.972025
7.999125
8.005275
8.021775
8.0238
8.076625
8.1065
8.110875
8.11605
8.192775
8.2279
8.231975
8.238475
8.243075
8.2936
8.295625
8.322675
8.359775
8.37225
8.4165
8.420525
8.45515
8.49325
8.500625
8.51895
8.519325
8.545225
8.552425
8.554625
8.580325
8.5808
8.603825
8.6243
8.62815
8.638775
8.6449
8.6553
8.657275
8.66365
8.665425
8.6721
8.673375
8.67495
8.690575
8.693
8.717625
8.7203
8.737225
8.7489
8.7499
8.75775
8.7765
8.77835
8.780325
8.784975
8.78505
8.788075
8.797275
8.806925
8.82465
8.8388
8.859475
8.865575
8.866175
8.88895
8.890925
8.907825
8.9309
8.93475
8.941125
8.951425
8.95945
9.00125
9.022975
9.04035
9.0417
9.043575
9.064825
9.0904
9.102525
9.11725
9.158925
9.22365
9.2764
9.3141
9.331025
9.3583
9.379425
9.3796
9.397675
9.41915
9.4209
9.43315
9.445125
9.4525
9.4725
9.527225
9.53085
9.5551
9.56325
9.577875
9.59005
9.6193
9.6339
9.64355
9.6673
9.669975
9.67295
9.689225
9.776075
9.82055
9.847475
9.847575
9.903175
9.9114
9.9159
9.9328
9.9371
9.944375
9.98455
9.99285
9.998575
546
