1.020175
1.03795
1.04775
1.0807
1.141075
1.147225
1.19105
1.193325
1.234975
1.235375
1.267525
1.27215
1.285975
1.3041
1.311425
1.34265
1.363025
1.3657
1.377475
1.38275
1.3844
1.3955
1.405575
1.413375
1.430925
1.463925
1.471775
1.482275
1.52935
1.55795
1.5885
1.59365
1.608475
1.624075
1.655725
1.6591
1.681125
1.68965
1.719175
1.72475
1.727875
1.73335
1.745125
1.784375
1.792875
1.804825
1.819
1.821025
1.825275
1.902275
1.906425
1.9204
1.921325
1.943225
1.9585
1.96225
1.96645
1.968175
1.99885
2.033375
2.03405
2.043025
2.044475
2.05655
2.0739
2.0847
2.15625
2.156675
2.16255
2.170375
2.191875
2.193425
2.20785
2.210475
2.23865
2.276975
2.282425
2.303325
2.30895
2.32575
2.3413
2.34555
2.357125
2.360925
2.3713
2.37355
2.41685
2.4172
2.4232
2.4358
2.45285
2.4993
2.509675
2.526725
2.52935
2.577525
2.6027
2.62065
2.6332
2.65565
2.6971
2.6991
2.699925
2.721525
2.741675
2.759325
2.760875
2.766425
2.774775
2.809225
2.820975
2.87715
2.88455
2.89015
2.933575
2.93765
2.962
2.97305
2.9849
2.994275
3.0487
3.051075
3.059275
3.0733
3.13965
3.15205
3.201925
3.20405
3.2052
3.248725
3.24925
3.26345
3.2878
3.289075
3.294575
3.3469
3.3808
3.395675
3.402275
3.44115
3.442225
3.447775
3.45175
3.45845
3.4824
3.510025
3.546275
3.616675
3.620675
3.622075
3.6368
3.652425
3.656275
3.664075
3.669675
3.67445
3.705425
3.7549
3.7676
3.768275
3.810375
3.811925
3.8129
3.8322
3.83475
3.85875
3.868925
3.88175
3.8897
3.89185
3.896875
3.8993
3.923925
3.94675
3.962925
3.973025
4.017775
4.03875
4.051525
4.054625
4.064125
4.0744
4.081125
4.13335
4.14035
4.162775
4.166625
4.191025
4.195775
4.222275
4.226425
4.2272
4.286575
4.3139
4.32245
4.3471
4.366075
4.39215
4.416225
4.435675
4.45015
4.462175
4.4703
4.470775
4.478
4.487175
4.55025
4.552325
4.581175
4.581725
4.6259
4.645825
4.648975
4.671425
4.675975
4.685
4.69165
4.7143
4.734025
4.7412
4.7426
4.751225
4.756125
4.7598
4.778025
4.798175
4.81575
4.822725
4.8228
4.8416
4.844
4.8585
4.864275
4.874125
4.88385
4.886175
4.891975
4.904475
4.909575
4.915075
4.919925
4.94035
4.9545
4.969225
5.00245
5.0202
5.0354
5.048125
5.0532
5.0573
5.063975
5.076275
5.103
5.109725
5.150525
5.15495
5.172575
5.214
5.217925
5.24535
5.2932
5.298425
5.3095
5.329225
5.336975
5.355525
5.3572
5.397325
5.422325
5.429575
5.463325
5.46595
5.50265
5.51415
5.523725
5.562925
5.574125
5.574775
5.57805
5.6145
5.652225
5.65535
5.702075
5.707125
5.7178
5.740625
5.74245
5.746725
5.75065
5.762625
5.784125
5.8774
5.879825
5.8858
5.888825
5.899125
5.899275
5.91525
5.93665
5.93675
5.943375
5.98645
5.9876
6.000025
6.004675
6.006475
6.022575
6.03245
6.04605
6.04875
6.059725
6.062125
6.096875
6.104675
6.1176
6.126575
6.1492
6.187125
6.20425
6.2871
6.30155
6.32265
6.34385
6.35265
6.356975
6.358925
6.41355
6.43935
6.44165
6.4891
6.490125
6.515425
6.52555
6.59945
6.611775
6.619325
6.6403
6.6492
6.664025
6.665025
6.734675
6.744225
6.765475
6.767225
6.7888
6.8001
6.8047
6.829
6.83225
6.83625
6.861425
6.863025
6.8672
6.882875
6.892875
6.901275
6.9099
6.939975
6.9636
6.971025
6.99205
7.03635
7.0409
7.047375
7.058475
7.05865
7.0681
7.074025
7.0967
7.141425
7.152225
7.153675
7.18065
7.2117
7.21605
7.23595
7.24425
7.258875
7.267525
7.31925
7.3234
7.326025
7.353175
7.375375
7.405925
7.463675
7.477775
7.486625
7.4883
7.495525
7.524875
7.5258
7.53215
7.55095
7.580675
7.5852
7.608325
7.61485
7.6263
7.632175
7.63745
7.66845
7.688125
7.708775
7.723225
7.72405
7.7543
7.76725
7.8497
7.857675
7.880175
7.90865
7.92805
7.95335
7.96455
7.97065
7.982275
8.001475
8.01045
8.01285
8.033275
8.035725
8.078725
8.0878
8.1227
8.12385
8.132075
8.1418
8.1459
8.15375
8.170675
8.175625
8.194975
8.195375
8.2096
8.234
8.2388
8.251725
8.254175
8.27855
8.28085
8.2876
8.306375
8.32315
8.334475
8.33975
8.3407
8.3495
8.35705
8.3649
8.36575
8.374875
8.382075
8.38845
8.393925
8.3991
8.4103
8.41125
8.43265
8.44115
8.467975
8.48035
8.48905
8.507075
8.5141
8.520075
8.522925
8.533475
8.54425
8.5569
8.590725
8.591325
8.5995
8.6314
8.636475
8.643075
8.64335
8.647475
8.6527
8.670975
8.69845
8.7024
8.729775
8.7383
8.741425
8.7642
8.779875
8.814075
8.814425
8.8244
8.831775
8.87835
8.880125
8.883675
8.888125
8.91185
8.957625
8.985075
9.019325
9.024
9.043075
9.0439
9.052075
9.05305
9.0636
9.0664
9.077825
9.0789
9.079575
9.09825
9.106825
9.11085
9.121875
9.134275
9.15255
9.161425
9.18775
9.242375
9.2547
9.2829
9.3015
9.31885
9.32195
9.343875
9.3683
9.381825
9.3824
9.387425
9.41325
9.46295
9.4801
9.484825
9.504375
9.54475
9.54825
9.552925
9.580925
9.587325
9.6053
9.61715
9.640425
9.640475
9.6409
9.6437
9.6462
9.649975
9.654075
9.66575
9.68495
9.7035
9.7179
9.7224
9.732
9.762125
9.7967
9.808825
9.842225
9.84285
9.846525
9.850625
9.862275
9.86345
9.868975
9.873775
9.8851
9.907525
9.91695
9.9319
9.963075
9.99615
9.996525
571
