1.02695
1.03235
1.042175
1.081225
1.107475
1.110025
1.1205
1.152275
1.15395
1.161025
1.161325
1.2002
1.228925
1.238575
1.24895
1.26445
1.27275
1.2985
1.305975
1.34025
1.37885
1.3815
1.4121
1.456075
1.472625
1.53035
1.543
1.579075
1.58295
1.592825
1.596425
1.60275
1.627375
1.638075
1.6452
1.645425
1.663375
1.66555
1.6675
1.67055
1.67515
1.715725
1.728925
1.7333
1.740175
1.75295
1.764775
1.7745
1.792425
1.797275
1.799425
1.809125
1.81355
1.82095
1.844275
1.8785
1.89105
1.903375
1.9253
1.93075
1.935375
1.98025
2.0136
2.020075
2.0298
2.033425
2.065775
2.07145
2.07275
2.136025
2.172275
2.218125
2.219725
2.22235
2.225325
2.229525
2.277575
2.295275
2.297925
2.302375
2.372575
2.37755
2.395975
2.43005
2.43035
2.44525
2.4809
2.5019
2.54075
2.5437
2.553925
2.56805
2.58075
2.59375
2.59745
2.606425
2.630925
2.633675
2.676425
2.71265
2.719325
2.7224
2.730425
2.748775
2.7759
2.787475
2.79905
2.815725
2.816125
2.819675
2.825325
2.825625
2.827
2.857875
2.869525
2.874525
2.878675
2.884825
2.898625
2.943725
2.9625
2.964375
2.966
2.978975
3.008475
3.017225
3.0327
3.056675
3.0618
3.077575
3.102125
3.131375
3.164825
3.1748
3.18935
3.190725
3.20285
3.259225
3.27105
3.27965
3.280375
3.309475
3.32065
3.332925
3.367975
3.408425
3.40855
3.4283
3.440925
3.457075
3.467675
3.4922
3.49225
3.497025
3.6205
3.639775
3.66015
3.681375
3.6817
3.70395
3.704
3.727825
3.7283
3.7494
3.827725
3.8808
3.909075
3.97015
3.980375
3.982675
4.0039
4.01595
4.05325
4.059475
4.061775
4.103675
4.158325
4.16945
4.18225
4.199175
4.2201
4.233025
4.2476
4.273125
4.3012
4.312575
4.328725
4.364475
4.375675
4.39985
4.427375
4.445525
4.4626
4.4708
4.49015
4.522525
4.61755
4.629725
4.6485
4.6488
4.672825
4.71935
4.758125
4.768125
4.7858
4.833125
4.84295
4.84575
4.846975
4.9111
4.914025
4.926475
4.93395
4.962675
4.986675
4.988825
5.024625
5.04485
5.053525
5.092225
5.0954
5.13105
5.179925
5.185675
5.19405
5.1983
5.215875
5.21755
5.301575
5.30935
5.3202
5.327375
5.3371
5.3829
5.392825
5.393775
5.395575
5.413775
5.432575
5.44705
5.469775
5.486025
5.49575
5.504425
5.508375
5.516825
5.553225
5.565
5.623125
5.636
5.63995
5.647775
5.6885
5.70055
5.7168
5.756775
5.772325
5.779
5.7849
5.80965
5.817875
5.82165
5.861275
5.864
5.917075
5.91885
5.928425
5.9319
5.936425
5.9531
5.995825
6.000475
6.03335
6.04865
6.051225
6.0812
6.105375
6.13945
6.18315
6.2249
6.22615
6.2576
6.283475
6.288575
6.29455
6.3277
6.34045
6.354
6.3552
6.35675
6.360325
6.392725
6.395125
6.42005
6.437075
6.4415
6.44295
6.44335
6.4487
6.465575
6.5047
6.5205
6.521525
6.5339
6.57735
6.591075
6.615925
6.669975
6.680575
6.69495
6.732475
6.750975
6.7602
6.77135
6.78355
6.79115
6.793475
6.796825
6.80945
6.8164
6.823575
6.8383
6.8697
6.909825
6.911725
6.915375
6.934475
6.98155
6.997275
7.01255
7.05565
7.067525
7.0758
7.127125
7.1605
7.183675
7.18875
7.19745
7.224775
7.23425
7.23445
7.244025
7.2614
7.263275
7.27565
7.280825
7.3562
7.40525
7.42215
7.447725
7.45995
7.46265
7.483175
7.512025
7.556225
7.561225
7.571175
7.57915
7.5824
7.589975
7.600075
7.600375
7.61565
7.6463
7.66505
7.6833
7.759
7.7596
7.768725
7.786625
7.80115
7.835775
7.874
7.8766
7.881025
7.937575
7.950025
7.9657
7.966825
8.017025
8.041925
8.078625
8.0852
8.09195
8.094
8.105825
8.1183
8.1368
8.139325
8.17885
8.192025
8.1937
8.22635
8.244375
8.266775
8.269825
8.272275
8.2901
8.290425
8.316775
8.31695
8.319575
8.321775
8.40215
8.407975
8.42355
8.459125
8.477325
8.505025
8.5176
8.52625
8.54785
8.54925
8.563375
8.579975
8.60125
8.609975
8.621925
8.63185
8.67605
8.6765
8.687025
8.69115
8.694275
8.7007
8.7017
8.70655
8.7345
8.7533
8.7578
8.7606
8.835625
8.83925
8.8532
8.87775
8.8887
8.889375
8.88985
8.890425
8.895875
8.90985
8.958025
8.9711
8.992925
9.02665
9.04995
9.053375
9.089775
9.09205
9.122675
9.13615
9.13965
9.143425
9.1563
9.1602
9.166625
9.173775
9.182075
9.190275
9.214175
9.22265
9.245
9.290475
9.3176
9.34265
9.34315
9.362
9.388775
9.389675
9.409475
9.4479
9.470475
9.472
9.48245
9.482575
9.53515
9.57135
9.57765
9.589325
9.590125
9.6035
9.6259
9.6416
9.679875
9.72015
9.7276
9.72955
9.757725
9.76545
9.768275
9.777625
9.79345
9.7953
9.8173
9.819675
9.8205
9.8708
9.893675
9.90645
9.91225
9.9218
9.96615
9.971025
503
