1.000525
1.0109
1.021625
1.024275
1.042025
1.042325
1.04585
1.048425
1.0652
1.066925
1.078825
1.096775
1.0976
1.10315
1.104675
1.132375
1.1446
1.168075
1.174475
1.18765
1.239125
1.250475
1.2711
1.275225
1.295
1.297275
1.30445
1.3048
1.34515
1.3676
1.389975
1.39525
1.457125
1.4595
1.476125
1.51365
1.531975
1.552225
1.573975
1.58
1.599675
1.60075
1.614875
1.6248
1.6363
1.67085
1.694975
1.6974
1.7151
1.742625
1.7545
1.789875
1.81825
1.8203
1.859375
1.8627
1.866975
1.880825
1.891925
1.941475
1.946325
1.999525
2.009125
2.030625
2.08875
2.0962
2.105975
2.11875
2.12015
2.16285
2.1724
2.212025
2.233425
2.2443
2.24695
2.26355
2.271275
2.286525
2.30985
2.32345
2.3353
2.4173
2.437875
2.4604
2.461575
2.46595
2.46995
2.483075
2.4846
2.488725
2.4919
2.50705
2.5355
2.559375
2.5603
2.565475
2.57975
2.58545
2.61225
2.658325
2.6813
2.7086
2.721725
2.7293
2.790575
2.817075
2.85145
2.889125
2.941375
2.974925
2.9794
2.983275
2.989875
3.0096
3.01035
3.0186
3.019
3.0201
3.03475
3.0371
3.057275
3.075775
3.09705
3.10835
3.110525
3.1555
3.170175
3.202
3.21805
3.223475
3.226425
3.231225
3.255875
3.305925
3.30695
3.323725
3.326675
3.333925
3.334475
3.335475
3.343725
3.365025
3.368225
3.379525
3.422975
3.457625
3.46425
3.470775
3.490525
3.49215
3.4973
3.500825
3.504825
3.544475
3.559325
3.560575
3.5787
3.5982
3.62505
3.6416
3.64535
3.657175
3.689025
3.6971
3.70735
3.72035
3.7279
3.728225
3.734475
3.74235
3.800125
3.81415
3.849725
3.858475
3.8629
3.867525
3.87955
3.88585
3.887575
3.917125
3.938725
3.97125
3.99075
4.0005
4.0276
4.035175
4.045075
4.073125
4.0764
4.08135
4.09095
4.146125
4.159525
4.1823
4.18345
4.1933
4.194475
4.19965
4.2199
4.229525
4.24635
4.2591
4.282425
4.300025
4.30995
4.319675
4.3465
4.351575
4.393175
4.401925
4.408525
4.41325
4.41845
4.429675
4.444025
4.4535
4.50255
4.5058
4.536325
4.53685
4.5518
4.55515
4.575975
4.585875
4.607325
4.636
4.644225
4.652925
4.653325
4.6697
4.670225
4.685425
4.750525
4.762525
4.816075
4.829625
4.8313
4.83375
4.855375
4.8632
4.87495
4.880675
4.885775
4.8942
4.949525
4.953025
4.98495
5.004525
5.0071
5.007325
5.03615
5.06365
5.0682
5.0983
5.113075
5.130825
5.157525
5.17185
5.183525
5.199175
5.21515
5.24215
5.29415
5.29485
5.301775
5.328025
5.33325
5.36335
5.364675
5.36755
5.38975
5.406825
5.413775
5.472575
5.51335
5.5218
5.53065
5.5393
5.570925
5.608925
5.623775
5.663275
5.670375
5.6781
5.70135
5.7142
5.744325
5.752925
5.7697
5.7903
5.834775
5.8541
5.85805
5.880725
5.89165
5.916225
5.918425
5.921475
5.927775
5.931025
5.963
5.998
6.00265
6.02005
6.0648
6.124575
6.161175
6.162125
6.177575
6.21865
6.236
6.2366
6.2481
6.253625
6.262275
6.268925
6.2755
6.29085
6.30115
6.30765
6.331275
6.3584
6.36165
6.389325
6.389925
6.39285
6.4462
6.44775
6.467175
6.468525
6.4699
6.510675
6.516775
6.5232
6.532575
6.5347
6.5557
6.617725
6.647375
6.679025
6.691575
6.7288
6.742225
6.7542
6.778975
6.78035
6.802975
6.812625
6.83145
6.8347
6.840725
6.85875
6.876575
6.892925
6.90215
6.904825
6.934425
6.93565
7.015975
7.030175
7.047625
7.0505
7.052325
7.06725
7.0683
7.0812
7.109275
7.1241
7.1281
7.16895
7.169275
7.1794
7.19265
7.204125
7.2071
7.232875
7.24705
7.26365
7.290175
7.2977
7.3106
7.3126
7.327925
7.329125
7.3318
7.364975
7.479575
7.5019
7.52025
7.5291
7.53785
7.5384
7.57815
7.611725
7.621475
7.626325
7.670825
7.671875
7.6772
7.682925
7.68785
7.7057
7.7088
7.71005
7.715
7.746725
7.7511
7.781325
7.78385
7.8145
7.84175
7.846425
7.865625
7.870475
7.885025
7.919875
7.94385
7.954425
7.960325
7.9627
7.995225
8.025275
8.040625
8.136975
8.14965
8.18325
8.194275
8.2136
8.224975
8.242025
8.272325
8.276375
8.290175
8.2914
8.29905
8.308925
8.31245
8.365375
8.372725
8.4025
8.402625
8.410175
8.414025
8.4828
8.482975
8.516325
8.5549
8.581575
8.5858
8.591075
8.6008
8.605175
8.6416
8.646025
8.672425
8.713925
8.729725
8.730475
8.74035
8.7438
8.8282
8.837875
8.85775
8.8596
8.86325
8.8723
8.8784
8.922625
8.9605
8.981475
8.988475
9.002575
9.0093
9.015225
9.01535
9.026525
9.029875
9.03325
9.041975
9.067425
9.0733
9.1107
9.117775
9.13165
9.157175
9.16295
9.16425
9.171175
9.18245
9.2185
9.232175
9.238725
9.290175
9.3027
9.31085
9.3404
9.355375
9.36695
9.3933
9.41565
9.416825
9.455475
9.461875
9.470675
9.48345
9.49705
9.501975
9.533025
9.56705
9.5879
9.589225
9.5979
9.6094
9.67925
9.682225
9.72345
9.7302
9.73995
9.745
9.752
9.7526
9.75265
9.76865
9.80405
9.813925
9.83265
9.84835
9.860375
9.9487
9.958875
9.9786
9.997775
9.999725
533
