1.0266
1.032075
1.0376
1.049175
1.053275
1.071675
1.093675
1.100875
1.103375
1.104275
1.114
1.114225
1.127275
1.132125
1.1429
1.1528
1.157475
1.182425
1.22365
1.241975
1.261475
1.288125
1.32355
1.3329
1.333225
1.344
1.350975
1.35375
1.356125
1.362025
1.3686
1.372025
1.388
1.39605
1.4127
1.426275
1.457975
1.46555
1.481975
1.50835
1.511275
1.5227
1.54685
1.548625
1.553875
1.5676
1.582325
1.582775
1.5867
1.5892
1.590075
1.594025
1.64815
1.6594
1.719425
1.725825
1.7377
1.7455
1.75725
1.762975
1.778675
1.7854
1.787125
1.7881
1.816725
1.828775
1.86015
1.86025
1.860525
1.908125
1.918125
1.93075
1.95225
1.96215
1.9918
1.99935
2.0442
2.048225
2.072125
2.0926
2.153775
2.1563
2.173375
2.1923
2.19675
2.215125
2.22815
2.241825
2.295675
2.3255
2.332775
2.3531
2.395125
2.4
2.413875
2.430075
2.433075
2.4389
2.47425
2.47815
2.4818
2.510925
2.52465
2.53035
2.559675
2.562725
2.6263
2.636075
2.638625
2.64615
2.647975
2.6486
2.659925
2.66985
2.6935
2.70225
2.703975
2.741625
2.750975
2.7573
2.80605
2.814825
2.8252
2.8297
2.832275
2.849125
2.860075
2.86575
2.879325
2.89935
2.906775
2.91245
2.917075
2.9454
2.947375
2.9547
2.96195
2.98195
2.9851
2.99285
2.993925
2.99825
3.025875
3.0276
3.0632
3.06725
3.09475
3.112325
3.1132
3.129725
3.144225
3.14635
3.1596
3.169925
3.1873
3.2044
3.20905
3.22045
3.22625
3.257125
3.260775
3.27325
3.313775
3.3196
3.3768
3.389425
3.390325
3.452775
3.4542
3.48
3.4976
3.521175
3.556725
3.569875
3.584475
3.5975
3.63265
3.662475
3.668425
3.678975
3.679775
3.688125
3.706425
3.707925
3.747475
3.760925
3.776
3.787375
3.812875
3.81325
3.828825
3.8317
3.869925
3.886125
3.90175
3.9042
3.9141
3.916775
3.917025
3.930825
3.94225
3.947975
3.94955
3.972525
3.979
4.043275
4.04875
4.0612
4.0669
4.069725
4.072675
4.093225
4.0969
4.1111
4.111925
4.120825
4.16365
4.17845
4.185625
4.22325
4.23795
4.244525
4.2769
4.30185
4.32325
4.3505
4.35215
4.36325
4.36515
4.4025
4.4087
4.418375
4.42055
4.447225
4.461125
4.47345
4.486925
4.499875
4.5116
4.520125
4.522075
4.573625
4.577825
4.593375
4.607625
4.6147
4.616175
4.6277
4.64945
4.698225
4.701425
4.70775
4.712575
4.7203
4.7225
4.7484
4.787975
4.7912
4.81085
4.813325
4.816
4.8415
4.86585
4.882775
4.90385
4.9362
4.942925
4.964025
5.00735
5.0317
5.043925
5.0456
5.052225
5.075775
5.0988
5.1384
5.147925
5.155425
5.16035
5.181625
5.24295
5.251075
5.283375
5.3277
5.3483
5.350875
5.355125
5.379675
5.38805
5.390375
5.400675
5.413875
5.432425
5.45415
5.45515
5.45635
5.46925
5.5003
5.5049
5.515625
5.52385
5.529725
5.552
5.608275
5.657825
5.661425
5.67545
5.706075
5.715725
5.717975
5.731375
5.740675
5.7878
5.827
5.835975
5.836475
5.837375
5.8542
5.8761
5.876775
5.87995
5.88465
5.911
5.957275
5.96235
5.963
5.985125
6.01005
6.04235
6.091475
6.098
6.1137
6.1208
6.1593
6.205175
6.21455
6.2758
6.27665
6.289775
6.30705
6.33705
6.35495
6.383
6.394025
6.4076
6.41035
6.443275
6.453
6.474175
6.522575
6.552375
6.581875
6.592375
6.597175
6.620675
6.63125
6.661925
6.6645
6.668425
6.67175
6.677125
6.7002
6.71215
6.7265
6.787925
6.812025
6.83885
6.843775
6.848375
6.86145
6.8626
6.871275
6.874025
6.8848
6.89305
6.896375
6.918125
6.978325
6.9785
6.9808
6.984075
6.9949
7.00055
7.0248
7.05515
7.060625
7.072125
7.074725
7.0843
7.093375
7.10785
7.11215
7.1208
7.12905
7.137725
7.156425
7.1807
7.20555
7.225075
7.247975
7.24965
7.2526
7.2614
7.2688
7.268975
7.304775
7.315225
7.319775
7.3311
7.3417
7.35165
7.3534
7.357875
7.382875
7.426975
7.429125
7.439775
7.499175
7.513325
7.519975
7.540425
7.55055
7.55205
7.560425
7.567425
7.595275
7.596025
7.59865
7.59995
7.626025
7.63315
7.647775
7.64825
7.655
7.669675
7.688175
7.709675
7.722075
7.7223
7.734775
7.7672
7.778525
7.785275
7.800925
7.806175
7.8143
7.819425
7.819625
7.835475
7.864425
7.900675
7.9119
7.9368
7.9813
7.983375
7.99505
8.059825
8.06005
8.07575
8.07985
8.10395
8.136225
8.146575
8.1502
8.155475
8.1778
8.240775
8.242825
8.25065
8.25775
8.293325
8.295
8.3016
8.304225
8.327025
8.327175
8.33195
8.35465
8.3758
8.40405
8.408225
8.433975
8.43545
8.455675
8.47385
8.473925
8.482275
8.54595
8.575075
8.599775
8.604175
8.63
8.653075
8.67275
8.674675
8.67725
8.70555
8.71215
8.721675
8.731525
8.748125
8.7926
8.798775
8.8065
8.809625
8.815525
8.8157
8.84955
8.852425
8.861825
8.877025
8.884675
8.93695
8.952025
8.9669
8.975625
8.98025
9.05105
9.065225
9.065875
9.087025
9.106225
9.120475
9.161425
9.163925
9.21045
9.27845
9.293325
9.3245
9.3253
9.329375
9.329525
9.340175
9.37725
9.40115
9.4094
9.42475
9.425025
9.42875
9.47005
9.48445
9.487525
9.49585
9.530675
9.555675
9.555925
9.5709
9.5715
9.606525
9.608175
9.611925
9.6144
9.6286
9.640375
9.668275
9.71305
9.73145
9.74385
9.7522
9.75475
9.772375
9.793425
9.847125
9.883125
9.902225
9.916025
9.92545
9.982225
9.985675
9.99485
570
