1.000875
1.05725
1.105975
1.119875
1.141875
1.143525
1.150625
1.232875
1.2441
1.256825
1.27
1.28895
1.292675
1.2932
1.3069
1.30915
1.3175
1.32215
1.341525
1.370475
1.37225
1.3738
1.420525
1.435975
1.44935
1.48795
1.492
1.4969
1.50285
1.50355
1.52425
1.534025
1.559675
1.58535
1.5936
1.594125
1.600825
1.614975
1.62195
1.62945
1.661925
1.6707
1.7118
1.722375
1.724175
1.7321
1.758475
1.7633
1.766
1.768825
1.770475
1.778525
1.811575
1.813475
1.81565
1.83745
1.88435
1.8898
1.892425
1.899375
1.944725
1.9828
2.048775
2.1157
2.11995
2.1359
2.14205
2.1622
2.175225
2.1773
2.18005
2.181575
2.21165
2.215775
2.2265
2.23485
2.28615
2.294575
2.3063
2.318475
2.3193
2.319525
2.347875
2.362575
2.375175
2.39265
2.396225
2.403175
2.405275
2.424575
2.436525
2.441675
2.461825
2.474875
2.49835
2.499275
2.5058
2.53835
2.5646
2.5649
2.579825
2.597575
2.600125
2.6011
2.6142
2.6183
2.621275
2.625425
2.6328
2.643175
2.662225
2.671875
2.6848
2.687975
2.701125
2.7154
2.71935
2.720075
2.735375
2.7558
2.77875
2.817925
2.81805
2.8225
2.880525
2.9041
2.9106
2.911525
2.913375
2.9149
2.92145
2.9455
2.950375
2.962275
2.973175
3.033125
3.043075
3.078675
3.0944
3.118375
3.164625
3.16545
3.257975
3.2835
3.2963
3.386625
3.401225
3.437325
3.46615
3.48
3.556425
3.57965
3.58885
3.644475
3.649525
3.690175
3.69275
3.728425
3.7432
3.748825
3.77555
3.79615
3.8204
3.8823
3.9358
3.951375
3.95715
3.9575
3.962125
3.988775
4.001
4.01685
4.03645
4.0716
4.0741
4.09995
4.108925
4.12795
4.13885
4.14785
4.15475
4.1828
4.185375
4.1894
4.2208
4.240975
4.250875
4.292675
4.39005
4.409775
4.44225
4.44755
4.450525
4.467375
4.4877
4.49785
4.500675
4.5068
4.509125
4.520325
4.52155
4.53
4.542575
4.5521
4.557225
4.626275
4.652875
4.6684
4.6685
4.731325
4.731825
4.7362
4.742125
4.752625
4.77625
4.784475
4.8112
4.818425
4.8468
4.86555
4.88635
4.890525
4.891475
4.916425
4.933475
4.971625
4.98585
4.988825
5.03975
5.05975
5.074975
5.08255
5.106325
5.1285
5.1348
5.148025
5.162875
5.16755
5.1833
5.184375
5.184675
5.216825
5.21895
5.2265
5.246875
5.25245
5.25575
5.257625
5.276375
5.278675
5.288575
5.3119
5.3253
5.35215
5.357925
5.36935
5.38325
5.40485
5.437025
5.4467
5.46015
5.470775
5.5254
5.540525
5.57805
5.607425
5.619725
5.6218
5.623025
5.656
5.68055
5.684325
5.69485
5.708675
5.717
5.793925
5.8305
5.83165
5.854525
5.8676
5.8678
5.919325
5.926225
5.93595
6.02615
6.037575
6.0584
6.079275
6.1103
6.137075
6.137375
6.1462
6.14875
6.161575
6.16595
6.167775
6.1705
6.187625
6.18795
6.188475
6.19245
6.207175
6.20775
6.21815
6.223775
6.248625
6.261175
6.2928
6.3074
6.32015
6.3233
6.3456
6.3504
6.3614
6.371
6.3838
6.398625
6.400775
6.45355
6.469975
6.489975
6.499675
6.5479
6.548525
6.575275
6.630575
6.65785
6.6681
6.6754
6.691325
6.6964
6.757125
6.782475
6.7871
6.7875
6.799225
6.805825
6.806725
6.826725
6.83355
6.8518
6.8614
6.873475
6.8761
6.8786
6.881675
6.932575
6.9562
6.96725
6.972325
6.98435
6.990125
7.01045
7.02105
7.028675
7.047125
7.07665
7.083675
7.09335
7.094
7.127575
7.1382
7.141075
7.148125
7.179225
7.18895
7.19585
7.2042
7.20525
7.2162
7.234825
7.239975
7.2433
7.260425
7.278625
7.3261
7.339825
7.374525
7.407475
7.415
7.47535
7.508225
7.52925
7.536075
7.54485
7.559
7.60895
7.625825
7.6278
7.627925
7.63695
7.641025
7.73635
7.769225
7.782075
7.7872
7.7907
7.797775
7.80465
7.8098
7.823575
7.83045
7.858025
7.89205
7.91185
7.912225
7.916275
7.933725
7.958825
7.9703
7.974875
7.980775
8.01575
8.026325
8.059975
8.08065
8.107525
8.13845
8.145875
8.1664
8.1869
8.198575
8.202975
8.207325
8.237325
8.23815
8.242575
8.29275
8.30085
8.3193
8.3252
8.326075
8.33205
8.3721
8.4049
8.407475
8.41915
8.422675
8.43085
8.455325
8.45565
8.456775
8.484125
8.486025
8.514625
8.51715
8.540275
8.54645
8.585325
8.5872
8.596375
8.645275
8.6507
8.667325
8.66965
8.707125
8.7552
8.757975
8.75925
8.787225
8.8573
8.857625
8.8804
8.88725
8.9008
8.90875
8.9295
8.98995
8.996775
9.002875
9.007575
9.0158
9.03
9.030575
9.081375
9.08425
9.088625
9.10395
9.110725
9.11825
9.13425
9.16105
9.1813
9.2056
9.223825
9.278675
9.284625
9.287225
9.295525
9.320475
9.34815
9.35235
9.358925
9.382425
9.395375
9.405725
9.406875
9.411925
9.4345
9.444575
9.4459
9.45285
9.4584
9.46105
9.478675
9.4848
9.519475
9.520975
9.54015
9.55335
9.570725
9.574075
9.576325
9.59305
9.62345
9.63435
9.6543
9.69215
9.7239
9.7401
9.76665
9.768875
9.77275
9.79715
9.800425
9.8046
9.8101
9.822325
9.871225
9.895875
9.9051
9.909325
9.911425
9.92015
9.920575
9.933525
9.9398
9.95645
9.9566
9.975825
9.986275
541
