1.01025
1.014425
1.020575
1.027925
1.0829
1.1118
1.12765
1.128525
1.134325
1.179125
1.195825
1.25625
1.265575
1.2864
1.29675
1.297925
1.301825
1.3049
1.34905
1.36945
1.456925
1.4746
1.511675
1.514175
1.519325
1.524275
1.5266
1.53855
1.577625
1.582725
1.619475
1.68445
1.7002
1.71675
1.742525
1.77235
1.80575
1.827975
1.842525
1.875675
1.8831
1.885525
1.8865
1.895825
1.9035
1.975325
1.984575
1.998375
2.0241
2.03555
2.05405
2.068925
2.115175
2.160825
2.1913
2.231275
2.236175
2.238775
2.239925
2.245025
2.26815
2.320675
2.358325
2.38715
2.419675
2.42105
2.425475
2.46575
2.4694
2.497425
2.5504
2.56395
2.58395
2.617825
2.641825
2.64975
2.65995
2.675325
2.689425
2.69135
2.72045
2.735125
2.7405
2.748175
2.7536
2.79355
2.81065
2.8564
2.86075
2.873175
2.8773
2.929575
2.931375
2.942
2.96085
2.965575
2.96725
2.9687
2.97105
2.973
2.97805
3.032
3.051825
3.056675
3.08895
3.0915
3.100925
3.109075
3.111825
3.161675
3.171025
3.1783
3.191525
3.21745
3.250325
3.2922
3.3026
3.31815
3.3227
3.33015
3.336325
3.36955
3.39355
3.395625
3.411575
3.41535
3.42065
3.438475
3.441075
3.462975
3.476625
3.476975
3.5092
3.52805
3.542175
3.550475
3.5508
3.57935
3.579375
3.5843
3.60785
3.61485
3.6303
3.6481
3.67755
3.68295
3.6996
3.702525
3.704825
3.723425
3.724275
3.725325
3.739925
3.74765
3.7627
3.76605
3.79975
3.8067
3.81155
3.8165
3.819025
3.838975
3.857725
3.89785
3.92925
3.943375
3.950175
3.964075
3.98285
4.049025
4.058425
4.065675
4.098225
4.10125
4.105025
4.108375
4.114925
4.14845
4.1723
4.18665
4.191275
4.191325
4.194475
4.210825
4.231825
4.25815
4.265125
4.289775
4.29235
4.335575
4.353475
4.375625
4.377425
4.3775
4.401375
4.4257
4.46925
4.48665
4.499075
4.499625
4.523875
4.53635
4.5368
4.546875
4.569675
4.58525
4.633175
4.663025
4.691475
4.693675
4.738325
4.7463
4.7608
4.784075
4.788375
4.829625
4.8655
4.8887
4.889575
4.891175
4.90765
4.94815
4.954975
4.961475
5.005
5.077175
5.0931
5.095675
5.102725
5.141025
5.1521
5.15905
5.19825
5.20565
5.2353
5.25935
5.2608
5.26415
5.264425
5.275575
5.27795
5.278775
5.294875
5.304725
5.309175
5.3623
5.3764
5.381175
5.38145
5.386675
5.3894
5.4394
5.4791
5.4922
5.49675
5.500825
5.510275
5.5186
5.554175
5.56445
5.567025
5.592225
5.595325
5.597425
5.59995
5.60945
5.614625
5.615475
5.656125
5.65725
5.677325
5.6823
5.691025
5.69615
5.7282
5.739425
5.7495
5.766375
5.778525
5.800725
5.801275
5.809825
5.831925
5.835725
5.84855
5.86515
5.888475
5.914725
5.93625
5.95225
5.9686
5.9803
5.990375
6.00545
6.0154
6.01895
6.0287
6.028725
6.042175
6.047275
6.052125
6.057225
6.067625
6.11235
6.127025
6.150675
6.154
6.158775
6.16125
6.192425
6.20035
6.20775
6.216825
6.246425
6.2741
6.27525
6.281
6.341775
6.3438
6.348925
6.3724
6.383225
6.3965
6.419075
6.419225
6.426975
6.452575
6.47735
6.479125
6.512675
6.51795
6.551625
6.563825
6.570925
6.6214
6.632575
6.6373
6.645425
6.645775
6.65265
6.667375
6.683825
6.69395
6.69465
6.70845
6.736075
6.763525
6.76945
6.772075
6.777275
6.78645
6.795175
6.80255
6.80485
6.821975
6.83775
6.85725
6.8604
6.863775
6.8888
6.892075
6.89455
6.89795
6.93995
6.940875
6.9523
6.96335
6.964675
6.985975
7.0046
7.00625
7.03265
7.04675
7.061625
7.081475
7.08655
7.0897
7.102675
7.104475
7.114325
7.126875
7.12945
7.15165
7.155725
7.15795
7.159475
7.16115
7.167175
7.170475
7.1749
7.1769
7.178225
7.210775
7.211475
7.229425
7.23235
7.243525
7.24675
7.254475
7.313175
7.375275
7.3812
7.390725
7.42275
7.426975
7.428775
7.43745
7.4512
7.5178
7.529875
7.574025
7.57945
7.63035
7.6381
7.64135
7.682775
7.7299
7.7353
7.784125
7.80265
7.8183
7.83735
7.845025
7.84545
7.860025
7.88205
7.9096
7.92275
7.9324
7.933225
7.937675
7.942125
7.9732
7.99305
8.002
8.005775
8.006725
8.033075
8.037325
8.052725
8.08885
8.09025
8.13225
8.15345
8.173725
8.178275
8.203625
8.224
8.244275
8.255525
8.27455
8.32755
8.328975
8.347425
8.360925
8.3764
8.394125
8.40635
8.40655
8.416275
8.425675
8.43195
8.437525
8.4559
8.4617
8.488225
8.492925
8.493975
8.497625
8.513425
8.5198
8.539
8.54665
8.55315
8.563075
8.590875
8.632825
8.63625
8.641875
8.661325
8.6813
8.6851
8.72485
8.7423
8.781825
8.7906
8.7947
8.7955
8.795725
8.84145
8.870975
8.874475
8.912775
8.913725
8.9181
8.925975
8.932025
8.93945
8.941125
8.9465
8.9515
8.961875
8.972225
8.97505
9.019475
9.02895
9.04065
9.055925
9.0927
9.093825
9.129775
9.1622
9.16605
9.195125
9.203975
9.245275
9.2605
9.277275
9.283925
9.316925
9.3303
9.341775
9.378175
9.37825
9.387
9.403
9.405675
9.426425
9.455275
9.475475
9.492125
9.52525
9.528
9.57155
9.584925
9.585075
9.5957
9.618
9.6229
9.6314
9.632175
9.6517
9.656875
9.6682
9.706725
9.751875
9.755575
9.762325
9.7647
9.765
9.79315
9.80525
9.817975
9.82765
9.83945
9.933675
9.937075
9.943925
9.949225
9.957975
9.962375
9.964825
9.972425
9.9852
9.993
565
