1.02085
1.037425
1.039075
1.0545
1.066175
1.087575
1.09865
1.1207
1.147875
1.1888
1.213075
1.225925
1.2484
1.2885
1.293075
1.322975
1.32385
1.340925
1.3784
1.3853
1.388375
1.395475
1.459975
1.480525
1.509275
1.54155
1.544425
1.546625
1.5472
1.551675
1.5562
1.6042
1.611275
1.645725
1.6895
1.6941
1.717125
1.7181
1.724625
1.7547
1.796625
1.798025
1.800625
1.800875
1.80625
1.809075
1.82205
1.867975
1.8801
1.88615
1.892675
1.899925
1.902225
1.914
1.916025
1.9214
1.9282
1.953575
2.04645
2.05195
2.059775
2.0679
2.073625
2.086
2.101575
2.10505
2.132825
2.144225
2.17605
2.2267
2.227975
2.249475
2.262525
2.2707
2.283725
2.2923
2.3128
2.314675
2.3176
2.318925
2.3451
2.351225
2.357825
2.393475
2.407425
2.4196
2.4465
2.464375
2.466275
2.4805
2.4823
2.493525
2.504
2.5874
2.596975
2.6176
2.628925
2.64555
2.649125
2.665775
2.6705
2.679825
2.72915
2.780375
2.78175
2.8278
2.84005
2.841125
2.86065
2.89115
2.8936
2.89665
2.9073
2.9186
2.918675
2.968425
2.994775
3.01065
3.030275
3.032375
3.0395
3.044875
3.054475
3.0564
3.05985
3.086425
3.137975
3.1398
3.16075
3.168125
3.17945
3.224425
3.241875
3.251025
3.256025
3.256325
3.28055
3.283925
3.33365
3.33485
3.34735
3.38355
3.3837
3.39485
3.506725
3.514525
3.527725
3.5397
3.549775
3.5738
3.574925
3.591525
3.597625
3.61955
3.62185
3.6236
3.64495
3.668375
3.67055
3.697825
3.7011
3.716225
3.730025
3.761925
3.771575
3.778
3.7897
3.80375
3.817625
3.823275
3.848525
3.851825
3.8715
3.89145
3.896525
3.9057
3.917475
3.91925
3.93785
3.9649
3.9748
3.986825
3.998975
4.044225
4.0469
4.0502
4.096725
4.111475
4.1301
4.16335
4.1727
4.175225
4.17575
4.194075
4.271675
4.287875
4.298
4.30375
4.351325
4.356025
4.36805
4.396625
4.4157
4.4312
4.449075
4.452075
4.478075
4.486825
4.50025
4.516075
4.518825
4.547925
4.550775
4.5675
4.639075
4.667625
4.728125
4.758425
4.760425
4.763675
4.794175
4.8064
4.831125
4.8589
4.860775
4.8665
4.880125
4.888025
4.899525
4.92175
4.92675
4.93585
4.9701
4.9908
4.9946
4.99715
5.01125
5.01175
5.02225
5.02355
5.054425
5.089575
5.0985
5.135675
5.149075
5.150075
5.159775
5.1658
5.211625
5.217325
5.220525
5.225825
5.2303
5.253425
5.256925
5.2834
5.286275
5.32875
5.335575
5.370975
5.398225
5.3993
5.44665
5.495675
5.52345
5.529825
5.5323
5.54125
5.54455
5.545
5.563325
5.574175
5.5801
5.61225
5.6152
5.6297
5.63285
5.633125
5.63745
5.659375
5.665525
5.70175
5.707925
5.70875
5.750025
5.76695
5.795
5.81455
5.8303
5.879225
5.888175
5.89265
5.908675
5.930975
5.93605
5.95085
5.97575
6.01445
6.016875
6.05055
6.052925
6.05375
6.106175
6.108125
6.13465
6.141
6.1436
6.158575
6.1698
6.241225
6.26165
6.27525
6.354875
6.39065
6.496825
6.519975
6.5211
6.5339
6.567525
6.59835
6.61235
6.6214
6.64555
6.69515
6.7224
6.72295
6.75495
6.759675
6.77245
6.773675
6.79375
6.802
6.803275
6.83615
6.862825
6.87855
6.9376
6.941475
6.9761
6.995375
7.041275
7.0469
7.049825
7.05065
7.0542
7.0739
7.1023
7.1293
7.131525
7.144225
7.162475
7.1671
7.172825
7.174825
7.19085
7.196575
7.202
7.221425
7.24475
7.2467
7.247625
7.253925
7.2717
7.279
7.2801
7.293825
7.3046
7.31285
7.329275
7.32985
7.34935
7.35775
7.392625
7.413775
7.446425
7.447025
7.44875
7.45355
7.47725
7.490325
7.4997
7.5043
7.50755
7.529825
7.55285
7.56495
7.57125
7.57545
7.6794
7.68815
7.74155
7.763275
7.77325
7.77855
7.816825
7.828525
7.8436
7.857525
7.874875
7.875
7.8875
7.916825
7.919
7.946925
7.96945
7.97865
7.979025
8.0354
8.051175
8.0546
8.09035
8.0945
8.096475
8.114275
8.124
8.13295
8.143825
8.156675
8.186725
8.208375
8.208525
8.213625
8.2369
8.249075
8.269175
8.2867
8.332275
8.333275
8.3391
8.342125
8.3475
8.3601
8.37495
8.381475
8.3935
8.401125
8.41235
8.4223
8.469
8.48375
8.5034
8.536525
8.537625
8.54465
8.5519
8.55495
8.55505
8.56335
8.56565
8.565675
8.568225
8.573
8.5817
8.61595
8.653075
8.6633
8.6672
8.67415
8.693375
8.7038
8.71245
8.72885
8.78185
8.795575
8.826575
8.8382
8.8414
8.84235
8.854
8.85505
8.8551
8.86815
8.88615
8.90245
8.911775
8.92545
8.926375
8.94535
8.9601
8.973575
8.975225
8.997375
9.01035
9.04775
9.10485
9.12525
9.12905
9.13895
9.154825
9.1873
9.189225
9.20575
9.209475
9.22725
9.242325
9.2428
9.243
9.245325
9.27555
9.27635
9.296475
9.30655
9.313075
9.34
9.360875
9.371475
9.3773
9.38645
9.393175
9.397425
9.417875
9.41975
9.422
9.457
9.4911
9.533425
9.548625
9.549025
9.565925
9.5719
9.574075
9.5756
9.584325
9.621775
9.639725
9.6548
9.673
9.72905
9.742075
9.7475
9.80675
9.808825
9.83545
9.856225
9.88395
9.8943
9.90515
9.9141
9.93225
9.934325
9.945
9.9463
9.952225
9.9661
9.969925
9.990925
546
