1.000275
1.0097
1.0703
1.0773
1.1035
1.129375
1.152425
1.172675
1.214225
1.235575
1.27395
1.284625
1.323775
1.32815
1.3313
1.344025
1.35135
1.375075
1.388825
1.3902
1.418975
1.431575
1.458675
1.481975
1.49765
1.536525
1.543725
1.545175
1.5471
1.562675
1.56315
1.5643
1.608675
1.653125
1.65905
1.684075
1.694525
1.7128
1.716125
1.716875
1.717375
1.723
1.7419
1.7426
1.7487
1.7593
1.76525
1.772275
1.773425
1.786625
1.79915
1.807725
1.8125
1.834875
1.85925
1.867225
1.88215
1.905875
1.9463
1.94815
1.953025
1.958725
1.9692
1.99935
2.00995
2.040525
2.0744
2.0748
2.082325
2.082425
2.083825
2.0914
2.10995
2.1197
2.1496
2.151825
2.16585
2.207375
2.210575
2.24995
2.25045
2.2908
2.303675
2.38785
2.4037
2.433225
2.4466
2.455925
2.500375
2.509475
2.52455
2.54335
2.600625
2.60435
2.62475
2.625
2.648175
2.709375
2.717275
2.73595
2.752775
2.776075
2.845825
2.8531
2.8744
2.892925
2.8992
2.899575
2.900625
2.93775
2.972475
2.9948
3.0118
3.013725
3.0241
3.035425
3.041475
3.04725
3.0587
3.0749
3.077975
3.08695
3.0873
3.126175
3.150225
3.1672
3.228675
3.251
3.265875
3.28475
3.29745
3.3228
3.3233
3.3262
3.32625
3.33095
3.33315
3.34145
3.35915
3.360875
3.373225
3.37585
3.415825
3.440175
3.445575
3.45385
3.514225
3.51625
3.524875
3.525175
3.5418
3.5459
3.555825
3.570325
3.577725
3.591725
3.59615
3.616775
3.61985
3.623525
3.629
3.64015
3.64695
3.651125
3.6557
3.66195
3.736675
3.752125
3.7563
3.759175
3.759325
3.7892
3.7948
3.800675
3.81595
3.824575
3.826325
3.826525
3.8692
3.874975
3.895275
3.907925
3.93775
3.99325
4.00705
4.007525
4.0653
4.07325
4.147125
4.169375
4.18805
4.190125
4.20285
4.218275
4.21935
4.2216
4.242025
4.2686
4.271125
4.2736
4.31575
4.316475
4.321125
4.3274
4.347675
4.3529
4.3638
4.3664
4.3728
4.374525
4.380975
4.39045
4.390575
4.392325
4.403075
4.4103
4.44075
4.4415
4.470425
4.495675
4.500675
4.50855
4.509525
4.546625
4.56575
4.5773
4.583175
4.60175
4.6058
4.6334
4.653075
4.6687
4.6916
4.6923
4.703625
4.712575
4.731175
4.766875
4.78085
4.793575
4.805525
4.830575
4.86425
4.865625
4.877725
4.886375
4.8959
4.92105
4.9355
4.946775
4.95565
4.9585
4.98155
5.0184
5.027325
5.037975
5.0383
5.048925
5.07955
5.104225
5.106725
5.122725
5.1508
5.19085
5.22505
5.237725
5.244575
5.246225
5.26295
5.288325
5.327775
5.336075
5.38275
5.3914
5.428275
5.4401
5.44475
5.459625
5.4967
5.509
5.5182
5.52505
5.54145
5.577825
5.580425
5.583225
5.59375
5.609775
5.6285
5.660725
5.6772
5.6905
5.703175
5.71425
5.7252
5.728175
5.763475
5.777025
5.787775
5.7917
5.858025
5.912475
5.920725
5.95065
5.967175
5.986225
6.0475
6.06085
6.079975
6.084775
6.085025
6.0853
6.120725
6.166075
6.203575
6.204425
6.247275
6.278675
6.282
6.311375
6.318325
6.3293
6.3577
6.41385
6.426525
6.426875
6.42995
6.491125
6.5138
6.51995
6.53175
6.539975
6.560675
6.627675
6.628175
6.637925
6.64
6.65665
6.675075
6.683325
6.6941
6.7373
6.7376
6.743975
6.75615
6.760025
6.762875
6.7648
6.784025
6.80615
6.808825
6.815675
6.823075
6.840525
6.846775
6.88475
6.890875
6.919575
6.9371
6.9462
6.9507
6.960475
6.97135
6.98145
6.98755
6.988975
6.99485
6.995325
7.006525
7.019025
7.024225
7.037175
7.037775
7.073675
7.086275
7.089
7.11675
7.127075
7.136475
7.1613
7.163
7.16745
7.168025
7.185375
7.20955
7.233075
7.238725
7.242125
7.25095
7.258725
7.28495
7.303175
7.32465
7.372125
7.391875
7.392675
7.406275
7.440525
7.443575
7.53035
7.536275
7.54505
7.56125
7.5671
7.6009
7.631425
7.638875
7.640175
7.657425
7.66555
7.6767
7.6818
7.735375
7.7692
7.7798
7.84885
7.8515
7.903575
7.907975
7.916925
7.921275
7.9593
7.9688
7.9796
8.015075
8.055175
8.05535
8.129125
8.185175
8.198225
8.218275
8.234625
8.245925
8.25325
8.253675
8.2566
8.30575
8.3153
8.326925
8.361425
8.3895
8.3899
8.447625
8.4488
8.451625
8.4934
8.5219
8.537175
8.5725
8.594275
8.6106
8.625025
8.653725
8.658475
8.67115
8.703125
8.70645
8.71005
8.71075
8.719575
8.80795
8.8257
8.83175
8.8741
8.87935
8.880975
8.886475
8.89645
8.900225
8.9428
8.9503
8.96535
8.986675
9.029625
9.03615
9.04755
9.057625
9.068125
9.0726
9.078
9.1299
9.1304
9.135475
9.15635
9.18485
9.2011
9.2384
9.240075
9.264025
9.323175
9.3387
9.36245
9.3842
9.386725
9.40915
9.41615
9.416325
9.4198
9.4783
9.495
9.495825
9.499
9.519425
9.529675
9.532775
9.539975
9.550375
9.559
9.5648
9.565
9.5679
9.569075
9.5955
9.6178
9.630875
9.6372
9.658325
9.66435
9.6891
9.696875
9.6977
9.704975
9.724625
9.73175
9.733275
9.735225
9.78975
9.85135
9.85615
9.87235
9.891075
9.9096
9.9174
9.935025
9.9532
9.987925
536
