1.009625
1.0229
1.027575
1.0376
1.0385
1.051875
1.068175
1.09
1.1842
1.1906
1.20375
1.247325
1.25535
1.2776
1.298175
1.3068
1.3213
1.34905
1.385375
1.40495
1.423425
1.4268
1.428225
1.4587
1.460425
1.49355
1.523575
1.524925
1.527875
1.5414
1.5496
1.56275
1.5977
1.62135
1.626975
1.6286
1.637725
1.6577
1.665125
1.682575
1.68525
1.69025
1.706775
1.71555
1.728975
1.798475
1.8173
1.8273
1.834425
1.8398
1.888775
1.912875
1.985775
2.002675
2.01525
2.05865
2.0638
2.07895
2.079275
2.084425
2.085775
2.104025
2.1107
2.1286
2.13015
2.1395
2.159575
2.160525
2.21915
2.22405
2.2479
2.2672
2.298075
2.30665
2.319675
2.3409
2.371825
2.3795
2.39515
2.4106
2.4322
2.433275
2.45435
2.4711
2.4727
2.6163
2.638525
2.651975
2.66655
2.711925
2.715075
2.73295
2.737125
2.7541
2.797075
2.808725
2.84985
2.854
2.864925
2.868125
2.88265
2.889575
2.893275
2.899225
2.903325
2.908
2.911675
2.951225
2.958725
2.97285
2.99495
3.004025
3.011375
3.023575
3.054875
3.060875
3.066925
3.085075
3.0992
3.099325
3.138225
3.15215
3.1802
3.275075
3.276875
3.32525
3.3342
3.40295
3.412025
3.4167
3.430625
3.43625
3.436875
3.450375
3.49015
3.4914
3.495725
3.554875
3.5549
3.567525
3.5952
3.60445
3.605
3.618025
3.64625
3.6846
3.691125
3.711625
3.737175
3.7586
3.7608
3.77
3.787925
3.7919
3.856125
3.86245
3.87295
3.904575
3.9351
3.964
3.972775
3.996475
4.03255
4.045975
4.0475
4.05935
4.076025
4.08265
4.089675
4.122075
4.16725
4.1888
4.198075
4.219175
4.234325
4.235825
4.24335
4.24995
4.2724
4.27995
4.30155
4.312225
4.321175
4.3224
4.33235
4.335275
4.35415
4.35795
4.37135
4.406975
4.435275
4.4357
4.4951
4.498275
4.512425
4.514625
4.5374
4.541075
4.54245
4.5497
4.567175
4.5751
4.592225
4.594
4.5945
4.600425
4.610925
4.634225
4.641475
4.68145
4.683825
4.710075
4.7215
4.731725
4.733625
4.7412
4.754425
4.757675
4.7825
4.795125
4.817775
4.8401
4.85545
4.856825
4.8578
4.87315
4.881525
4.9042
4.910625
4.972225
4.979525
4.98375
5.0139
5.022125
5.033225
5.0395
5.065325
5.0723
5.08085
5.0898
5.099175
5.105175
5.129875
5.155
5.1738
5.200675
5.22575
5.256925
5.26375
5.3839
5.385975
5.417475
5.4196
5.42705
5.441275
5.492625
5.521225
5.550325
5.568025
5.57705
5.5865
5.619325
5.651625
5.7005
5.70205
5.729675
5.750225
5.768225
5.836225
5.84545
5.860475
5.88265
5.8922
5.910075
5.92445
5.94535
5.958475
5.971575
6.003575
6.006475
6.0137
6.014675
6.018025
6.019175
6.023625
6.03
6.037575
6.0736
6.073825
6.076475
6.0932
6.111475
6.149275
6.15195
6.154775
6.15495
6.1662
6.172375
6.177825
6.221575
6.25885
6.27265
6.29735
6.307125
6.3259
6.333325
6.3464
6.363825
6.39885
6.399325
6.408525
6.419875
6.449425
6.472125
6.54345
6.559775
6.568975
6.593675
6.6088
6.615125
6.626075
6.669075
6.673525
6.753975
6.765425
6.7993
6.811825
6.8128
6.85915
6.861375
6.86255
6.8844
6.898425
6.911825
6.920275
7.000025
7.006125
7.01115
7.0137
7.01585
7.04315
7.09165
7.093825
7.1009
7.10785
7.1268
7.13435
7.15175
7.185175
7.187825
7.204175
7.2378
7.2507
7.263375
7.267925
7.284725
7.292925
7.299575
7.33185
7.361
7.362475
7.3868
7.388875
7.407375
7.4117
7.42205
7.48305
7.485875
7.49675
7.523225
7.524025
7.525375
7.539975
7.554075
7.578875
7.660175
7.662425
7.6672
7.67705
7.700175
7.72205
7.75095
7.756875
7.7763
7.7892
7.814525
7.818575
7.87945
7.9483
7.9668
7.9905
8.013875
8.0619
8.06485
8.067925
8.069625
8.07345
8.092325
8.093625
8.104275
8.138575
8.14765
8.14845
8.15685
8.18095
8.211625
8.221925
8.222225
8.227925
8.23785
8.241775
8.252375
8.269725
8.291275
8.295175
8.314875
8.33185
8.339625
8.369775
8.3704
8.373
8.43565
8.436825
8.440225
8.453625
8.5022
8.5045
8.52455
8.57265
8.5775
8.585425
8.603725
8.6229
8.650525
8.6802
8.73965
8.755725
8.757575
8.7868
8.79045
8.802625
8.818175
8.83165
8.84245
8.8731
8.878375
8.882825
8.904025
8.9078
8.939225
8.949675
8.9531
8.960475
8.973825
8.9837
8.997525
9.0109
9.018075
9.03615
9.0497
9.057625
9.064825
9.066775
9.073975
9.09915
9.12185
9.161475
9.178625
9.200275
9.209325
9.247125
9.26105
9.2796
9.289625
9.300825
9.317
9.352875
9.361775
9.3866
9.394525
9.412425
9.413275
9.44265
9.4436
9.4548
9.461
9.4686
9.48025
9.4842
9.4996
9.515525
9.570775
9.5763
9.592175
9.600475
9.6005
9.62435
9.633975
9.66675
9.67015
9.674425
9.6964
9.7056
9.7184
9.778925
9.7857
9.786925
9.82275
9.840125
9.869725
9.892775
9.896325
9.897275
9.8984
9.95945
9.97265
516
