1.0051
1.02585
1.0407
1.05885
1.094525
1.095925
1.1075
1.12015
1.1203
1.120875
1.12875
1.149025
1.15565
1.156375
1.190975
1.2059
1.2128
1.229175
1.23015
1.2628
1.295775
1.3319
1.359875
1.363175
1.408575
1.42005
1.43195
1.46485
1.51625
1.578675
1.57985
1.583675
1.58785
1.608525
1.619025
1.62195
1.6918
1.694575
1.71315
1.714825
1.7549
1.774
1.79405
1.88895
1.9095
1.914525
1.975125
1.999025
2.0014
2.06525
2.0902
2.132675
2.1391
2.1525
2.20995
2.241975
2.256125
2.2703
2.277275
2.28965
2.331075
2.347925
2.3545
2.35815
2.3874
2.3885
2.410325
2.429775
2.46875
2.47985
2.484825
2.487625
2.5259
2.5326
2.533625
2.569875
2.5805
2.59195
2.615
2.6621
2.6735
2.686875
2.69
2.693075
2.724575
2.74825
2.771175
2.7731
2.793175
2.802875
2.824125
2.834
2.8365
2.84235
2.853275
2.8578
2.869525
2.880425
2.887475
2.913425
2.93535
2.96175
2.993475
3.000925
3.003675
3.03425
3.06625
3.07155
3.0889
3.091775
3.100575
3.117875
3.15335
3.157625
3.160525
3.16645
3.17505
3.19845
3.21265
3.24895
3.263225
3.276
3.27685
3.27775
3.280125
3.289875
3.2963
3.322125
3.32285
3.388025
3.388625
3.402925
3.4152
3.4363
3.43965
3.46985
3.475625
3.482625
3.51425
3.522475
3.5249
3.564
3.586925
3.5977
3.609025
3.615675
3.634475
3.659275
3.6664
3.696775
3.71185
3.7231
3.731175
3.7366
3.7369
3.74825
3.767575
3.781125
3.820375
3.8559
3.8634
3.890425
3.89485
3.928
3.9515
3.97385
3.9945
3.9977
4.05285
4.08655
4.1096
4.1179
4.125825
4.131975
4.16765
4.1709
4.193625
4.22425
4.247125
4.3039
4.31735
4.321225
4.326825
4.346925
4.408125
4.408925
4.4385
4.4585
4.479025
4.4796
4.485
4.5478
4.556275
4.580875
4.63005
4.6374
4.653525
4.664325
4.66465
4.6668
4.667225
4.71615
4.759275
4.783675
4.797925
4.801275
4.8013
4.803625
4.810375
4.81545
4.83015
4.8448
4.846625
4.86495
4.883675
4.909825
4.935525
4.93575
4.94545
4.953325
4.967925
4.97995
4.980375
4.9824
4.98725
5.01175
5.027675
5.042975
5.08935
5.10855
5.12025
5.122875
5.127375
5.15465
5.154775
5.16405
5.165925
5.1724
5.197325
5.20075
5.211675
5.223625
5.23305
5.26975
5.28545
5.293925
5.297125
5.314475
5.375275
5.387575
5.3936
5.402275
5.43095
5.43855
5.438975
5.4816
5.51955
5.5333
5.5783
5.582725
5.5888
5.60385
5.611775
5.638625
5.6433
5.721525
5.7223
5.727275
5.73535
5.76015
5.770725
5.77505
5.78345
5.789725
5.79355
5.79685
5.816725
5.822025
5.831025
5.848325
5.8594
5.8627
5.863725
5.869525
5.87865
5.904175
5.91475
5.9907
5.995825
5.997525
6.02425
6.036775
6.0651
6.066675
6.069825
6.101375
6.121875
6.135225
6.138425
6.1704
6.210075
6.223175
6.267775
6.26975
6.27075
6.31575
6.321225
6.3799
6.384725
6.38765
6.417075
6.423575
6.463275
6.471575
6.483
6.514925
6.56195
6.58705
6.64665
6.661875
6.669275
6.6709
6.6813
6.684175
6.685175
6.691425
6.750625
6.7519
6.7776
6.78535
6.791875
6.8122
6.814725
6.825475
6.830425
6.8944
6.909925
6.9412
6.951575
6.95675
6.9762
7.03645
7.0507
7.055675
7.059325
7.089375
7.09315
7.10515
7.1267
7.17105
7.17895
7.196325
7.197075
7.21345
7.216125
7.233725
7.247925
7.264
7.287025
7.29265
7.2961
7.296325
7.296925
7.31595
7.32195
7.324125
7.3608
7.369275
7.39145
7.4111
7.44285
7.50025
7.500825
7.507975
7.508
7.54585
7.554725
7.60565
7.622675
7.63875
7.6411
7.659575
7.66995
7.671075
7.671425
7.713775
7.72525
7.770675
7.778575
7.792825
7.79285
7.816875
7.82145
7.826775
7.864875
7.8713
7.89605
7.940225
7.9463
7.9521
7.98855
8.015325
8.04275
8.043825
8.04495
8.0548
8.0731
8.093125
8.118725
8.11905
8.14955
8.1884
8.193375
8.21765
8.2647
8.278975
8.3078
8.356875
8.3916
8.41225
8.413825
8.426775
8.43145
8.455475
8.47245
8.491175
8.495025
8.50175
8.53045
8.531625
8.5327
8.55065
8.56885
8.580075
8.596775
8.6006
8.604825
8.62145
8.6333
8.731025
8.746475
8.747375
8.7835
8.8286
8.8415
8.84995
8.8628
8.862875
8.869525
8.894075
8.9407
8.9809
9.0146
9.0217
9.02525
9.035475
9.04375
9.052675
9.065425
9.0856
9.1077
9.142125
9.14465
9.15475
9.159
9.1698
9.1902
9.240375
9.263425
9.2641
9.278425
9.3018
9.31545
9.317225
9.3845
9.4085
9.43585
9.444
9.4467
9.457675
9.495925
9.5087
9.529875
9.5543
9.55895
9.623325
9.62995
9.631025
9.65735
9.679025
9.68465
9.6895
9.7164
9.753125
9.761225
9.76555
9.7772
9.77775
9.77925
9.781275
9.809075
9.809775
9.86695
9.884525
9.897275
9.918
9.940275
9.9494
9.974525
9.976325
9.980325
511
