1.030475
1.071425
1.07995
1.1092
1.124175
1.15225
1.160475
1.16705
1.176175
1.18115
1.215525
1.2252
1.2482
1.2718
1.275375
1.28535
1.301975
1.31755
1.317775
1.3203
1.325175
1.331
1.337925
1.363325
1.373175
1.381275
1.39165
1.397425
1.40655
1.419025
1.438175
1.444775
1.468375
1.49485
1.543675
1.552
1.5539
1.55595
1.56695
1.603725
1.704275
1.71615
1.72045
1.748225
1.74855
1.82175
1.83525
1.85605
1.871275
1.8725
1.8884
1.894375
1.898525
1.97855
2.00235
2.0125
2.03645
2.0381
2.038125
2.044225
2.086025
2.098975
2.16825
2.1762
2.19165
2.19565
2.201925
2.2289
2.241825
2.270875
2.2845
2.293825
2.30975
2.311475
2.3126
2.331175
2.33465
2.3544
2.36685
2.382575
2.387675
2.404975
2.417675
2.4334
2.441875
2.442075
2.4507
2.48655
2.50475
2.524325
2.54305
2.576225
2.587
2.587925
2.59485
2.62565
2.6422
2.642575
2.64775
2.6728
2.675425
2.690825
2.69485
2.70805
2.76995
2.78055
2.8062
2.811825
2.825825
2.842575
2.932775
2.94145
2.974175
2.99195
3.055275
3.06765
3.11325
3.113625
3.16985
3.17615
3.207425
3.220325
3.225025
3.23055
3.23355
3.2355
3.248425
3.291275
3.32955
3.33285
3.345025
3.380875
3.398475
3.4461
3.49055
3.501675
3.542275
3.586275
3.5925
3.60485
3.659625
3.6928
3.700575
3.714575
3.7172
3.71915
3.7554
3.76495
3.79415
3.7942
3.812475
3.817475
3.818
3.822225
3.855025
3.8624
3.88925
3.894125
3.915975
3.916525
3.93875
3.940875
3.960575
3.966875
3.971375
3.97265
3.989625
4.017425
4.017575
4.033325
4.056275
4.05715
4.0991
4.113725
4.1287
4.132625
4.148
4.15895
4.161375
4.169125
4.182625
4.183525
4.218525
4.2428
4.264175
4.284075
4.31555
4.3908
4.399025
4.414875
4.4227
4.43375
4.434025
4.4491
4.45685
4.476175
4.49115
4.49135
4.504725
4.528825
4.53155
4.53355
4.5397
4.5875
4.59485
4.727025
4.740025
4.74685
4.761925
4.77035
4.78505
4.825275
4.836475
4.8422
4.905075
4.90955
4.93665
4.944075
4.95585
4.9708
4.98195
5.002825
5.019875
5.0783
5.083975
5.1349
5.224925
5.22555
5.22855
5.254675
5.25585
5.262375
5.268325
5.282825
5.28625
5.308475
5.31085
5.344425
5.363625
5.378525
5.3822
5.3931
5.39395
5.395575
5.4014
5.41395
5.418575
5.433
5.444
5.4537
5.470675
5.4927
5.504875
5.52835
5.53585
5.54485
5.556125
5.5792
5.62165
5.651725
5.680275
5.701575
5.74835
5.783825
5.806825
5.821775
5.842525
5.853925
5.871325
5.8765
5.8774
5.9216
5.9278
5.935925
5.97055
6.00445
6.0194
6.021
6.0286
6.030675
6.045275
6.050175
6.08225
6.095725
6.102375
6.112175
6.113
6.11485
6.158675
6.178675
6.252175
6.26305
6.268125
6.272825
6.285425
6.323675
6.32535
6.328475
6.333725
6.363625
6.376975
6.399125
6.419325
6.422
6.42735
6.45845
6.4592
6.482525
6.4832
6.500675
6.50615
6.527225
6.53565
6.554225
6.567825
6.577525
6.622025
6.632925
6.641475
6.644775
6.656675
6.663575
6.673025
6.681
6.68405
6.701175
6.7313
6.7332
6.78125
6.78875
6.803325
6.80595
6.813125
6.821125
6.823825
6.829625
6.85785
6.871675
6.8831
6.8892
6.919575
6.9312
6.935325
6.937975
6.943425
6.961425
6.96215
6.963125
6.99305
7.004325
7.0172
7.01945
7.029575
7.0331
7.044025
7.0537
7.109975
7.116375
7.118025
7.118525
7.141775
7.168025
7.172875
7.1762
7.1775
7.335025
7.337175
7.406575
7.415925
7.428825
7.44865
7.469225
7.481525
7.504875
7.514925
7.59565
7.60865
7.640325
7.645175
7.65655
7.668325
7.727175
7.729225
7.74745
7.760825
7.8214
7.842175
7.845775
7.854225
7.8566
7.861025
7.87785
7.884425
7.884675
7.909525
7.913175
8.012075
8.02095
8.049675
8.06145
8.071
8.075475
8.078975
8.079325
8.084325
8.087475
8.14355
8.1542
8.160975
8.174075
8.2047
8.2063
8.2197
8.235575
8.240275
8.271625
8.274475
8.314675
8.3188
8.337725
8.3411
8.3452
8.372625
8.4046
8.417275
8.419825
8.4245
8.432525
8.435525
8.44495
8.45505
8.484875
8.487725
8.4916
8.52115
8.5332
8.53405
8.5348
8.55025
8.588425
8.59595
8.6201
8.626125
8.6421
8.645825
8.6529
8.657475
8.672
8.714925
8.726225
8.7344
8.73685
8.7458
8.749425
8.765375
8.76815
8.779325
8.78145
8.819625
8.86705
8.88605
8.925325
8.926225
8.995175
8.995225
9.002725
9.00505
9.016175
9.0235
9.038925
9.038975
9.091675
9.092125
9.11895
9.126525
9.132125
9.133275
9.147025
9.1543
9.16545
9.168775
9.17485
9.174925
9.191575
9.206325
9.2085
9.2351
9.2402
9.243225
9.248125
9.2508
9.278375
9.281375
9.287
9.290225
9.2917
9.333275
9.342475
9.357125
9.367025
9.371525
9.381825
9.42295
9.42975
9.436675
9.43885
9.441775
9.479875
9.516575
9.5597
9.560625
9.5632
9.5918
9.603225
9.6049
9.609675
9.61025
9.627875
9.639725
9.656
9.706425
9.7098
9.743475
9.788925
9.800875
9.809975
9.814175
9.816625
9.825025
9.8263
9.8535
9.85495
9.867425
9.873725
9.877875
9.897225
9.89965
9.9003
9.90565
9.946075
9.9488
9.9559
542
