1.00915
1.041775
1.042075
1.04815
1.054975
1.0574
1.08695
1.094775
1.1264
1.1494
1.152125
1.15545
1.1577
1.170475
1.187125
1.194225
1.210825
1.21345
1.21715
1.218925
1.2223
1.242625
1.2482
1.26345
1.27905
1.293375
1.324825
1.33215
1.33785
1.340575
1.344
1.35755
1.37495
1.4212
1.42785
1.439725
1.46905
1.5105
1.55535
1.58175
1.5878
1.596575
1.60505
1.610875
1.64125
1.65265
1.656025
1.6722
1.681
1.685325
1.695375
1.74185
1.789975
1.790275
1.8041
1.813275
1.8134
1.872025
1.8725
1.879725
1.88265
1.8989
1.92865
1.9578
1.99465
2.026825
2.04395
2.04505
2.049
2.0508
2.063825
2.0798
2.109375
2.121625
2.1316
2.136
2.1595
2.193875
2.19515
2.19655
2.196975
2.25365
2.282125
2.3466
2.352125
2.3731
2.38375
2.387575
2.444025
2.46325
2.470775
2.47745
2.4794
2.487175
2.493275
2.567825
2.59255
2.59555
2.6011
2.60655
2.6246
2.635525
2.65155
2.661275
2.689475
2.725975
2.7391
2.745325
2.750875
2.760025
2.76005
2.785375
2.796375
2.817825
2.82175
2.87965
2.8844
2.886075
2.896525
2.90945
2.9285
2.9552
2.986
2.994225
3.0171
3.02165
3.022725
3.038875
3.050075
3.061375
3.0649
3.071275
3.0862
3.094975
3.15
3.16165
3.167175
3.21175
3.2343
3.236825
3.23725
3.26565
3.314625
3.320325
3.3284
3.3453
3.35755
3.387875
3.40315
3.418325
3.43635
3.4533
3.476875
3.4905
3.491775
3.539775
3.54895
3.55205
3.55285
3.608825
3.6211
3.627575
3.641325
3.641475
3.64895
3.653775
3.663825
3.6669
3.7106
3.71395
3.720825
3.729125
3.743775
3.757475
3.765025
3.82945
3.846025
3.865075
3.890275
3.902825
3.935775
3.946525
3.9573
3.996925
4.03505
4.036025
4.0384
4.11045
4.11255
4.1132
4.143225
4.152525
4.15855
4.158575
4.161075
4.1664
4.172925
4.242425
4.273125
4.289425
4.298575
4.299925
4.3102
4.36105
4.405375
4.41275
4.4474
4.450475
4.460825
4.47805
4.485475
4.48775
4.49045
4.50995
4.5106
4.5143
4.521525
4.545425
4.556325
4.584725
4.596725
4.684525
4.6899
4.7511
4.774775
4.799575
4.80025
4.8203
4.8413
4.8748
4.875275
4.8981
4.9045
4.90805
4.923925
4.9377
4.9489
4.991775
5.003175
5.015875
5.01735
5.02085
5.030325
5.039575
5.052925
5.07245
5.0779
5.08745
5.098875
5.10355
5.10805
5.127175
5.137225
5.16635
5.207375
5.213
5.222725
5.238975
5.24055
5.256425
5.262775
5.267725
5.269925
5.2869
5.29105
5.2965
5.319925
5.3214
5.36955
5.382825
5.392625
5.403225
5.41175
5.42045
5.424725
5.45625
5.47435
5.47625
5.5575
5.559125
5.5607
5.5686
5.5813
5.594925
5.600175
5.62145
5.624425
5.62695
5.64065
5.670475
5.704875
5.732875
5.73945
5.753825
5.77435
5.77675
5.77845
5.7824
5.786375
5.83815
5.844425
5.8454
5.84585
5.912175
5.915175
5.927575
5.952775
5.967625
5.974875
5.985425
5.999775
6.0155
6.01605
6.04255
6.06155
6.0745
6.0824
6.0935
6.131225
6.156325
6.1736
6.2077
6.24105
6.24335
6.246025
6.259
6.304675
6.310375
6.314125
6.334875
6.35955
6.4032
6.424025
6.44785
6.466375
6.488175
6.541875
6.558075
6.57385
6.584375
6.63195
6.649075
6.6768
6.70095
6.741275
6.74915
6.7526
6.78635
6.805275
6.85005
6.862475
6.886075
6.88755
6.88775
6.896425
6.9231
6.95545
6.965825
6.99245
6.998425
7.039475
7.05075
7.06525
7.0675
7.087325
7.091525
7.121025
7.123725
7.14205
7.15175
7.175125
7.232625
7.276875
7.279075
7.2837
7.286875
7.3647
7.37405
7.38805
7.4017
7.4214
7.48105
7.4867
7.494225
7.497475
7.5083
7.510225
7.5397
7.5753
7.605875
7.620775
7.624175
7.62975
7.64245
7.6749
7.685475
7.6886
7.718425
7.7277
7.739
7.739825
7.742125
7.76035
7.7608
7.76755
7.77935
7.79125
7.806475
7.8115
7.8312
7.8613
7.862575
7.884225
7.91345
7.9138
7.92065
7.93385
7.944025
7.9847
8.021025
8.029875
8.045025
8.1005
8.11235
8.128725
8.13945
8.14465
8.1546
8.253425
8.2626
8.268025
8.2748
8.278375
8.31375
8.340025
8.34505
8.34605
8.34695
8.373075
8.376025
8.387925
8.390375
8.446075
8.44735
8.45595
8.5048
8.514325
8.5168
8.5187
8.5298
8.530225
8.5727
8.5841
8.6147
8.648525
8.694725
8.720425
8.73855
8.804175
8.853825
8.87645
8.97605
9.051925
9.0771
9.078325
9.083125
9.09205
9.09635
9.102425
9.126025
9.1585
9.169875
9.1821
9.19585
9.21495
9.2214
9.242775
9.24505
9.2639
9.275625
9.281425
9.288575
9.29395
9.311475
9.32175
9.324
9.36195
9.401925
9.41415
9.43585
9.45315
9.45475
9.468075
9.485825
9.49035
9.512025
9.518275
9.53155
9.536325
9.55195
9.57765
9.610025
9.629075
9.633925
9.635
9.64375
9.707975
9.715625
9.72045
9.727075
9.7668
9.786225
9.815925
9.823475
9.8278
9.8629
9.864075
9.876075
9.882525
9.891025
9.91725
9.9285
9.9884
523
