3
19621
14569
17813
10215
18778
17883
16620
14017
12291
11614
9505
17039
14020
18586
10218
12869
13436
18824
17777
15642
15149
16576
12871
14011
10973
16123
10938
17038
17118
14056
15679
15676
12818
10233
10939
14057
15143
8836
14016
12817
12870
11657
10220
15643
11653
17000
10971
18129
13491
8219
7605
9518
17404
15111
8837
11610
18507
16158
16994
14601
19399
13483
9522
10236
12249
15644
18394
14599
6979
9504
14605
13442
19400
10965
16579
10943
18784
12868
16999
17448
18176
14015
6966
14062
16119
14567
11655
17405
11608
16121
11651
17712
10237
10969
12819
21265
21283
14606
10234
6397
11605
9506
12290
11607
12875
10972
11613
10216
13441
16613
19071
9503
12867
17453
13488
17045
16157
18785
11654
19117
11652
18514
12251
15116
12814
17407
12246
12244
12285
17821
10970
12292
14566
18243
14063
14568
16582
11612
7604
7606
10217
10944
14059
10937
16575
16156
10940
18467
18137
17041
19357
13440
18135
12295
10968
14560
16617
16581
8226
13490
8227
10964
16122
18171
8218
19072
14068
7612
17780
9520
6978
12289
19906
16162
7613
13489
17396
15638
17815
12248
10238
16614
17408
16580
17521
15675
6977
8825
12247
14064
16997
17454
11611
17400
10239
15115
12288
15674
18474
10967
18072
14010
14600
8826
11609
17444
16161
10941
17822
17772
11649
15110
18823
17771
19903
14555
15144
14561
17326
13494
17037
17406
14554
11650
17001
16615
10974
9521
13439
