3
6062
7607
1451
3564
3143
3576
9392
6035
3132
5492
1778
3136
2690
8556
2222
3131
2692
4517
7611
5484
9631
4946
7632
8578
4524
2691
7101
6581
5463
8974
10613
8559
10359
3562
3582
3561
4017
2678
10370
3566
2227
4518
9390
4552
1805
9391
4018
8122
1214
4008
4027
5464
4022
6047
5514
6031
2675
10840
4012
9979
8558
4971
5496
1503
3559
4021
3130
9843
8560
2228
8117
8997
6008
9740
2689
4984
5013
8579
3567
5500
10171
3133
3560
3571
4483
10172
7636
7141
3579
2677
5519
1539
10065
3129
10066
4972
8975
9725
10371
5488
2226
8099
8119
3563
4013
7634
5516
9724
8580
2676
9367
6589
6066
8996
4525
6594
3585
8993
2213
5475
3572
6038
4511
2686
3142
8120
7135
8562
10603
5518
4510
2685
8098
2627
9844
4551
4945
7609
8561
9252
2163
6028
8557
4996
9723
3580
6595
4535
4985
1841
6022
9741
7107
4503
5485
5465
4961
1813
5489
5014
4536
8121
8100
10085
7138
8102
6036
4534
3140
2693
4983
4039
6042
4973
2211
6027
5515
2688
8123
4512
4516
3139
4978
6065
3141
2225
4979
10086
8097
2214
3581
8575
3575
6613
2224
8576
9368
4015
4011
8977
