0.030475
0.036225
0.082225
0.090875
0.129675
0.168075
0.174475
0.18055
0.2046
0.224675
0.36035
0.379
0.3962
0.402025
0.433875
0.466075
0.48455
0.485375
0.4867
0.516425
0.569
0.7475
0.817275
0.841
0.876225
0.879
0.916325
1.008125
1.095925
1.121675
1.179925
1.1988
1.256575
1.301875
1.3043
1.327075
1.380475
1.407075
1.453
1.570375
1.592225
1.60635
1.6458
1.65955
1.748775
1.83065
1.83775
1.873325
1.8744
1.87775
1.891125
1.914725
1.99165
2.019025
2.08885
2.10915
2.1399
2.17205
2.175425
2.2022
2.202475
2.2718
2.3425
2.365525
2.59765
2.6261
2.71145
2.7211
2.723275
2.728175
2.842675
2.84315
3.04555
3.0784
3.0958
3.096325
3.160375
3.178375
3.18045
3.18145
3.28995
3.292
3.30285
3.337375
3.430175
3.443775
3.610125
3.756525
3.8293
3.84395
3.8787
3.933375
3.994475
4.01395
4.204875
4.209575
4.281825
4.300825
4.365975
4.37935
4.445925
4.4611
4.532425
4.564225
4.71065
4.7186
4.788775
4.81255
4.876875
4.982175
110
