0.063125
0.246225
0.2616
0.3269
0.366025
0.3729
0.49755
0.50325
0.5361
0.57175
0.59065
0.61085
0.64265
0.6607
0.784925
0.843075
1.002875
1.0155
1.1199
1.13825
1.1458
1.1497
1.181125
1.267925
1.344725
1.35155
1.359375
1.382025
1.392875
1.3954
1.41875
1.50685
1.56585
1.62615
1.88485
1.887725
1.901025
1.914875
1.984425
2.06125
2.107725
2.137575
2.141425
2.1478
2.1523
2.2019
2.25685
2.31485
2.37625
2.54655
2.54675
2.56595
2.631525
2.7421
2.788675
2.79415
2.844825
2.84815
2.9239
2.92875
2.992425
3.002975
3.1355
3.20335
3.2565
3.2864
3.341125
3.349225
3.3639
3.43015
3.4884
3.515625
3.540425
3.543925
3.7375
3.775225
3.79295
3.813025
3.81315
3.836525
3.8685
3.878925
3.934875
3.9891
4.02685
4.058025
4.142925
4.1762
4.253725
4.28675
4.3166
4.410875
4.411825
4.4171
4.43685
4.526375
4.6554
4.75795
4.7972
4.815
4.84985
4.91435
4.924225
4.977975
104
