0.005225
0.087075
0.0878
0.0942
0.26975
0.287475
0.36125
0.411675
0.45075
0.6011
0.6923
0.720675
0.8136
0.8192
0.86755
0.878625
0.927025
0.93
0.973275
1.009025
1.08015
1.14875
1.25455
1.278375
1.349525
1.349925
1.448525
1.461425
1.4757
1.4816
1.661
1.73805
1.762
1.828625
1.853875
1.909525
1.9252
1.950975
1.9543
2.0179
2.08395
2.140125
2.177
2.28365
2.28705
2.32545
2.395325
2.430425
2.48585
2.527075
2.62895
2.642975
2.767
2.78775
2.80085
2.807425
2.833725
2.83975
2.864575
2.932325
2.986725
3.069625
3.138125
3.148575
3.177425
3.237825
3.2464
3.36865
3.371475
3.392325
3.46125
3.46615
3.5441
3.58945
3.610625
3.611675
3.6173
3.620325
3.628125
3.6592
3.675475
3.6937
3.734125
3.80935
3.828775
3.884525
3.923475
4.01155
4.014925
4.016
4.049175
4.144
4.2602
4.279525
4.282575
4.322975
4.334875
4.392225
4.488725
4.57135
4.609275
4.78235
4.7881
4.794075
4.9484
4.95955
4.991625
107
