0.0558
0.1262
0.13945
0.16175
0.340625
0.3953
0.486775
0.6128
0.7375
0.75785
0.819325
0.855
0.971775
1.102125
1.152
1.182525
1.189225
1.1957
1.20955
1.214675
1.2229
1.241875
1.2678
1.2987
1.323375
1.388125
1.388825
1.392
1.543025
1.550125
1.5711
1.57145
1.594275
1.639575
1.64105
1.6474
1.64995
1.687475
1.68925
1.6969
1.7296
1.770075
1.77085
1.8311
1.86505
1.91875
1.922025
1.938775
1.951325
1.971075
1.99035
2.154075
2.1904
2.3075
2.364725
2.392225
2.4379
2.487525
2.5542
2.57935
2.598
2.602375
2.608525
2.661575
2.72185
2.7716
2.774275
2.818925
2.827225
2.911
2.9814
2.9863
3.096825
3.1765
3.1966
3.27715
3.310625
3.331925
3.40555
3.41575
3.50485
3.54485
3.570625
3.615775
3.693025
3.7306
3.769875
3.785225
3.78825
3.801375
3.82955
3.89105
3.9292
3.937775
4.065175
4.393
4.3962
4.446525
4.4723
4.5628
4.5882
4.597
4.598025
4.602425
4.6476
4.730775
4.82085
4.90565
4.932325
4.946025
110
