0.006725
0.091325
0.114725
0.14735
0.166525
0.188625
0.19235
0.26665
0.3219
0.3257
0.341
0.341725
0.460375
0.46365
0.47635
0.47665
0.49765
0.5234
0.777775
0.7845
0.846425
0.889325
0.8933
0.9531
0.96155
1.08265
1.12685
1.131725
1.138975
1.2827
1.292525
1.31185
1.31365
1.3177
1.405
1.418425
1.516325
1.65885
1.75695
1.763725
1.773575
1.8224
1.831975
1.877725
1.929125
1.94845
1.964075
2.154575
2.27365
2.2914
2.323225
2.473625
2.477775
2.54845
2.561425
2.567025
2.571925
2.57695
2.62875
2.6721
2.6974
2.7495
2.752725
2.7634
2.79675
2.8219
2.8973
2.92345
2.9541
3.06085
3.2113
3.226325
3.26805
3.27655
3.290775
3.2912
3.33135
3.46035
3.543775
3.58195
3.614275
3.616275
3.65545
3.7727
3.893575
3.906125
3.931
3.9597
4.00315
4.06225
4.0835
4.114475
4.444875
4.514975
4.5424
4.56235
4.5634
4.727475
4.8054
4.934025
4.97145
4.995075
102
