0.014775
0.04
0.0628
0.088425
0.09665
0.112625
0.129075
0.1312
0.138125
0.299875
0.3204
0.335825
0.39
0.395125
0.457075
0.464125
0.573125
0.586675
0.7402
0.856025
0.879475
0.911675
0.989475
1.023175
1.116075
1.147625
1.1967
1.3538
1.3757
1.39095
1.43155
1.512125
1.636925
1.782675
1.8103
1.812975
1.9319
1.947825
1.979
1.98815
2.074475
2.105325
2.19595
2.223975
2.253225
2.272625
2.2916
2.301475
2.383225
2.41795
2.421375
2.463575
2.46865
2.4727
2.624425
2.697075
2.75465
2.855675
2.964125
3.012025
3.0179
3.138
3.196175
3.4544
3.463225
3.471725
3.50015
3.561925
3.576075
3.580625
3.5876
3.59805
3.6173
3.631325
3.65705
3.674625
3.723975
3.724875
3.72935
3.793625
3.888275
3.897375
3.908575
4.107725
4.122225
4.188675
4.2064
4.279875
4.37885
4.446025
4.49425
4.619775
4.660775
4.738
4.75005
4.9575
4.977675
4.9798
98
