0.005925
0.0254
0.08305
0.105375
0.11285
0.167575
0.1756
0.1868
0.24595
0.332075
0.347
0.39045
0.422525
0.461825
0.4725
0.47915
0.521925
0.5748
0.7667
0.8029
0.81465
0.827
0.94115
1.019525
1.094775
1.119875
1.1616
1.37485
1.3881
1.480825
1.508925
1.698625
1.789125
1.811625
1.84385
1.89855
1.93285
1.9381
2.080625
2.094975
2.105
2.1217
2.194
2.252425
2.276875
2.3183
2.32565
2.4002
2.4203
2.4722
2.539625
2.555675
2.62275
2.63345
2.7812
2.822575
2.8327
2.922925
2.940975
2.970525
3.083125
3.1319
3.30965
3.419925
3.438375
3.5106
3.54595
3.687975
3.7113
3.72255
3.725525
3.774275
3.79745
3.800375
3.915375
3.9766
4.0367
4.04015
4.17905
4.2419
4.246525
4.26615
4.3342
4.35355
4.422425
4.45125
4.5368
4.58825
4.6273
4.741575
4.7649
4.7853
4.805625
4.8215
4.8386
4.8861
4.8879
4.9364
98
