0.1382
0.200675
0.204925
0.217925
0.284525
0.3322
0.333
0.3387
0.340625
0.463525
0.483975
0.488925
0.491575
0.506075
0.513025
0.5173
0.540675
0.661675
0.74355
0.85565
0.896075
1.019425
1.03495
1.055925
1.12375
1.15045
1.17015
1.21815
1.261575
1.3354
1.3428
1.380375
1.3991
1.40195
1.403225
1.4177
1.54415
1.55775
1.575975
1.60285
1.638575
1.682675
1.766825
1.7757
1.7861
1.786875
1.9269
1.964975
1.97915
1.99075
2.119775
2.181475
2.203625
2.2141
2.270525
2.35395
2.38655
2.4877
2.510975
2.628175
2.6682
2.6903
2.7079
2.7751
2.848925
2.970575
2.995375
3.0305
3.07
3.076875
3.077675
3.090475
3.0971
3.136525
3.1553
3.187375
3.19565
3.224625
3.28865
3.356125
3.440375
3.543275
3.560425
3.573525
3.61305
3.634375
3.662675
3.71335
3.873475
3.956625
4.036775
4.096825
4.13985
4.17245
4.17585
4.18145
4.24485
4.249725
4.249925
4.262375
4.2831
4.346375
4.438
4.44295
4.601875
4.77385
4.8412
4.8602
4.868225
4.90675
4.971875
111
