0.0713
0.084625
0.103725
0.12825
0.211075
0.230325
0.24855
0.25635
0.317825
0.35845
0.507425
0.5143
0.570075
0.653675
0.677875
0.781325
0.815075
0.851
0.8922
0.9629
0.98255
0.987475
1.03085
1.085825
1.264575
1.28475
1.342675
1.358775
1.482125
1.4854
1.492225
1.511875
1.63755
1.668725
1.791875
1.8542
1.8754
1.8989
1.943575
2.03715
2.04725
2.0576
2.0804
2.092475
2.159775
2.17925
2.247575
2.350175
2.3526
2.5122
2.512825
2.603425
2.672975
2.753225
2.7571
2.952875
3.0015
3.009025
3.0107
3.05685
3.147925
3.475775
3.478225
3.52375
3.557525
3.572375
3.609875
3.640175
3.682825
3.766775
3.84325
3.886
3.92545
3.9264
3.931575
3.944775
3.952325
3.95685
4.073775
4.081225
4.2029
4.217125
4.356025
4.36415
4.44275
4.44535
4.4962
4.505725
4.59755
4.6546
4.729175
4.765125
4.87525
4.9314
4.95245
4.959875
96
