0.0353
0.4584
0.509475
0.541225
0.60675
0.6453
0.75195
0.7596
0.76205
0.783375
0.795425
0.872675
0.8734
0.885825
0.897
0.976625
0.992725
1.042925
1.1109
1.2481
1.26745
1.29815
1.4501
1.49875
1.539175
1.59675
1.657175
1.6642
1.68575
1.921075
2.138975
2.223425
2.3423
2.4053
2.42195
2.589875
2.642725
2.644475
2.66995
2.6878
2.713225
2.743725
2.758375
2.76535
2.956075
2.982325
2.992975
3.027225
3.04305
3.130475
3.292125
3.396925
3.40765
3.442075
3.470525
3.471275
3.504625
3.51125
3.52525
3.53755
3.577025
3.59275
3.607725
3.693325
3.76605
3.778275
3.7996
3.82815
3.83845
3.904225
3.974675
4.022275
4.023175
4.0507
4.0749
4.082525
4.127575
4.262375
4.272275
4.328275
4.403625
4.43545
4.440825
4.44685
4.477975
4.486025
4.4927
4.5053
4.564975
4.630925
4.65145
4.6649
4.800125
4.858925
4.928725
4.93735
96
