0.00705
0.068775
0.0776
0.10815
0.212775
0.233525
0.327075
0.3877
0.477675
0.49105
0.567125
0.725525
0.73185
0.82605
0.8887
1.004175
1.154125
1.219675
1.247675
1.28575
1.28615
1.358
1.479475
1.5172
1.552125
1.6849
1.71425
1.735975
1.7829
1.839025
1.963425
2.023525
2.313775
2.349875
2.4285
2.4589
2.55305
2.557725
2.76545
2.8785
2.995775
3.016
3.151225
3.17875
3.2179
3.370025
3.374375
3.42575
3.5062
3.534025
3.681475
3.7345
3.793175
3.810475
3.834725
3.83565
3.875925
3.91235
4.050125
4.3608
4.543725
4.5766
4.58515
4.700925
4.74725
4.768625
4.8023
4.961475
4.969175
69
