0.044325
0.057225
0.061875
0.257525
0.279425
0.3414
0.38905
0.3917
0.399175
0.50105
0.525425
0.62795
0.6831
0.82855
0.83635
0.8489
0.883875
0.90725
0.9278
0.96945
1.093825
1.160825
1.368025
1.37015
1.42975
1.468075
1.518125
1.554825
1.585525
1.62515
1.6307
1.646125
1.768025
1.824425
1.894325
1.940775
1.994275
2.09775
2.108375
2.164525
2.1701
2.215125
2.292875
2.363175
2.44485
2.4535
2.4919
2.550375
2.5971
2.656775
2.672825
2.774625
2.786925
2.813125
2.93815
2.944075
3.234125
3.260925
3.315325
3.513325
3.5496
3.55685
3.557325
3.6527
3.774275
3.7937
3.8214
3.8415
3.862175
3.86415
3.90145
3.903175
4.0075
4.010425
4.070225
4.092225
4.104475
4.275725
4.288
4.5659
4.6274
4.652725
4.665725
4.668
4.752225
4.794525
4.804
4.84445
4.8661
4.96255
4.9813
91
