0.084775
0.0928
0.119875
0.190875
0.231075
0.330525
0.347575
0.3561
0.3568
0.447075
0.55135
0.578325
0.606275
0.6379
0.718475
0.76295
0.784325
0.8
0.920475
0.93665
0.9928
1.019775
1.050375
1.09315
1.128475
1.16295
1.19775
1.218225
1.3089
1.4201
1.4312
1.45325
1.454025
1.550225
1.56325
1.60125
1.601425
1.631675
1.6444
1.703825
1.7169
1.7343
1.777275
1.7796
1.88965
1.902925
1.903725
1.9109
1.936225
1.936475
1.95635
1.960175
2.047875
2.100375
2.107125
2.11375
2.1257
2.1518
2.21405
2.21685
2.28695
2.288375
2.47885
2.485
2.4869
2.601125
2.864875
2.87875
2.910425
2.932725
2.9428
2.983475
2.985425
3.0508
3.079375
3.124025
3.153275
3.17735
3.236275
3.353525
3.377775
3.407475
3.432175
3.435225
3.46385
3.5295
3.5734
3.59775
3.706175
3.900825
3.919925
3.981175
4.122225
4.12415
4.22745
4.23185
4.43745
4.49385
4.508575
4.5332
4.57155
4.60045
4.611625
4.631775
4.668025
4.699325
4.73645
4.7831
4.787325
4.847125
4.936
4.93915
112
