0.033925
0.0786
0.1207
0.2291
0.292375
0.29865
0.333775
0.3572
0.372775
0.40415
0.569625
0.604925
0.613575
0.630775
0.6887
0.764825
0.7665
0.77135
0.87875
0.882975
0.99095
1.012675
1.02845
1.03465
1.0764
1.1024
1.2554
1.3217
1.3668
1.4519
1.456575
1.45755
1.52525
1.747525
1.85795
1.922425
2.019075
2.020625
2.052525
2.169125
2.241025
2.2437
2.2444
2.272125
2.2811
2.344925
2.3931
2.431975
2.464525
2.579075
2.67675
2.684425
2.716325
2.731025
2.7495
2.807975
2.8866
2.904525
2.918
2.9633
2.98055
2.987925
3.0804
3.145875
3.151475
3.172675
3.17515
3.2072
3.212775
3.227525
3.274725
3.301625
3.3484
3.352875
3.390975
3.4351
3.43535
3.46735
3.506775
3.512225
3.5901
3.775775
3.819875
3.896025
3.928725
4.0123
4.060725
4.073075
4.09475
4.1042
4.2044
4.214425
4.29915
4.333725
4.402875
4.437675
4.440125
4.458575
4.470675
4.50025
4.540325
4.5465
4.688975
4.852
4.88085
4.934875
4.9502
107
