0.103325
0.110825
0.17835
0.20575
0.28095
0.330175
0.385775
0.430325
0.4333
0.57215
0.619325
0.621575
0.62645
0.647275
0.6503
0.672025
0.7082
0.839175
0.863125
0.9828
1.049525
1.09565
1.124775
1.190775
1.353775
1.4199
1.4238
1.443525
1.51345
1.559325
1.668175
1.684025
1.741125
1.750925
1.774225
1.804025
1.826525
1.833825
1.88825
1.888675
1.91065
1.9201
1.926475
1.93275
1.967
2.007375
2.0313
2.0335
2.053375
2.0534
2.105025
2.1638
2.2295
2.243
2.2448
2.2549
2.259625
2.317625
2.3338
2.395
2.469225
2.50065
2.620625
2.696625
2.709825
2.7496
2.8618
2.89905
2.900875
3.0957
3.1228
3.2737
3.30005
3.3283
3.331225
3.366825
3.621925
3.658125
3.76565
3.778025
3.903975
3.921325
3.928675
4.07005
4.1308
4.155775
4.2092
4.2669
4.29525
4.3004
4.3803
4.519825
4.546575
4.5897
4.6117
4.64025
4.645125
4.645775
4.659125
4.66265
4.67115
4.688225
4.75295
4.770225
4.86685
4.92095
4.99055
107
