0.0028
0.0089
0.073625
0.175525
0.321375
0.5041
0.508225
0.578125
0.608225
1.005275
1.013025
1.0343
1.03755
1.0717
1.0871
1.170425
1.192
1.204525
1.2294
1.239825
1.325275
1.4868
1.5068
1.569075
1.6372
1.720825
1.73305
1.749
1.83665
1.8923
1.9688
1.97305
1.9784
2.040775
2.0525
2.052925
2.143575
2.185325
2.22195
2.38365
2.4638
2.525225
2.654
2.673575
2.743225
2.751875
2.8411
2.84795
2.848025
2.96395
3.012875
3.02525
3.040475
3.04215
3.090925
3.1693
3.198525
3.248875
3.373075
3.394675
3.466625
3.474075
3.603025
3.6091
3.618975
3.6282
3.7368
3.746125
3.767125
3.837875
3.852975
3.870625
3.945175
4.014125
4.24
4.2665
4.358275
4.464225
4.46505
4.50285
4.604875
4.76215
4.78435
4.82865
4.86255
4.9384
4.9859
4.98745
88
