0.045875
0.05235
0.10655
0.1228
0.219225
0.2518
0.256
0.25895
0.32295
0.39335
0.397525
0.4934
0.547125
0.550025
0.649775
0.682575
0.705575
0.763225
0.7779
0.882425
0.972275
1.017775
1.070425
1.0762
1.08825
1.112275
1.204925
1.252425
1.2697
1.358275
1.368425
1.52395
1.586
1.612875
1.61575
1.645775
1.689625
1.733725
1.86515
1.942725
1.945925
1.977675
1.99775
2.04635
2.098725
2.18365
2.22655
2.333825
2.516275
2.533075
2.534625
2.540925
2.5806
2.6273
2.667025
2.906725
3.333575
3.43125
3.508075
3.512075
3.519925
3.54105
3.6418
3.7085
3.778925
3.947975
3.9975
4.1381
4.401775
4.435575
4.46195
4.50955
4.5268
4.777525
4.8055
4.8458
4.913425
4.920775
4.924975
4.946175
80
