0.00245
0.360125
0.45305
0.470125
0.472325
0.50935
0.530875
0.575375
0.723225
0.750125
0.816625
0.8854
0.9489
1.05975
1.152125
1.176775
1.211
1.232975
1.30295
1.310525
1.319575
1.3572
1.3774
1.629125
1.694825
1.8338
1.851625
1.895875
1.91365
2.027475
2.06535
2.22405
2.239325
2.281325
2.3013
2.32635
2.3523
2.4508
2.488225
2.5161
2.536725
2.649125
2.69325
2.80655
2.873325
2.910075
2.913475
2.93625
2.96655
3.01015
3.036075
3.279975
3.34235
3.41055
3.45265
3.508725
3.55885
3.59135
3.616575
3.657525
3.75195
3.779225
3.80775
3.830625
3.923775
4.0208
4.053875
4.08505
4.163875
4.276475
4.2779
4.286325
4.298725
4.35775
4.4369
4.45205
4.5284
4.635225
4.646725
4.658
4.8081
4.8902
4.917625
4.917775
84
