0.01575
0.051225
0.0674
0.076275
0.094625
0.1022
0.107775
0.153025
0.3218
0.437225
0.530225
0.537475
0.558325
0.6024
0.6853
0.688
0.791875
0.80365
0.81635
0.836425
0.837125
0.936525
0.95585
1.063125
1.06965
1.0701
1.20965
1.325175
1.38005
1.38325
1.442925
1.5496
1.55325
1.5563
1.605625
1.665275
1.7024
1.737875
1.748925
1.78005
1.8522
1.87145
2.08045
2.08535
2.096575
2.10495
2.1252
2.207675
2.25225
2.253775
2.264075
2.2735
2.284525
2.3191
2.404575
2.434225
2.44625
2.5374
2.54155
2.61865
2.68255
2.69575
2.76195
2.9642
2.9922
2.99305
2.995725
3.01785
3.077425
3.148325
3.158
3.1669
3.203025
3.214975
3.2641
3.27285
3.2776
3.2931
3.416525
3.435375
3.489925
3.4994
3.540225
3.59895
3.60195
3.6842
3.6996
4.129775
4.16055
4.16255
4.182925
4.244875
4.263525
4.373075
4.37405
4.44375
4.507925
4.543875
4.580625
4.607775
4.662175
4.697375
4.7072
4.75095
4.755775
4.764475
4.815525
4.8179
4.945625
4.947225
4.990825
111
