0.007125
0.0509
0.064875
0.119375
0.131475
0.141875
0.16365
0.184925
0.1965
0.300875
0.415575
0.470225
0.4754
0.51825
0.533525
0.55915
0.722575
0.790825
0.858425
0.883575
0.996925
1.0522
1.114525
1.3443
1.351875
1.372925
1.44305
1.505775
1.581075
1.592375
1.6971
1.769175
1.7791
1.823475
1.971775
1.986175
2.03405
2.063275
2.1013
2.311525
2.37265
2.4979
2.53915
2.65315
2.70625
2.7073
2.801025
2.81835
2.998275
3.055975
3.066725
3.071475
3.112225
3.139625
3.1778
3.21125
3.229325
3.272275
3.3279
3.4343
3.439075
3.4615
3.5574
3.627625
3.674125
3.704125
3.746925
3.877425
3.8882
3.96635
3.994325
4.1839
4.251325
4.268725
4.380375
4.4299
4.556125
4.6003
4.722575
4.751875
4.83725
4.837675
4.877775
4.947725
4.960475
85
