0.0225
0.037375
0.098975
0.1003
0.1106
0.1167
0.18465
0.212225
0.242325
0.31345
0.4083
0.5463
0.60645
0.79575
0.971025
0.993625
1.014625
1.03575
1.06285
1.2679
1.280475
1.3143
1.481175
1.5086
1.517125
1.640425
1.688075
1.71545
1.825825
1.9589
2.018
2.031875
2.06095
2.068
2.11225
2.15145
2.197625
2.224275
2.2433
2.260525
2.33825
2.401875
2.428325
2.4463
2.44725
2.4557
2.4985
2.526975
2.566625
2.661375
2.72225
2.884925
2.915575
2.9483
2.9809
3.01995
3.121475
3.153825
3.166
3.1661
3.168625
3.179625
3.25485
3.2664
3.2895
3.3162
3.3746
3.384375
3.397625
3.3993
3.43295
3.44865
3.4995
3.5267
3.542175
3.55625
3.5604
3.6334
3.65365
3.6717
3.76735
3.825525
3.957075
4.02945
4.0456
4.10725
4.1076
4.12475
4.16195
4.198625
4.20665
4.243
4.302725
4.393775
4.396675
4.398075
4.44485
4.446775
4.53475
4.54995
4.554975
4.588625
4.603575
4.8357
4.84975
4.888825
4.970025
4.982225
108
