0.0401
0.11625
0.231375
0.2383
0.33205
0.362575
0.38815
0.39725
0.413875
0.51815
0.7167
0.741225
0.74755
0.773475
0.776325
0.8694
0.943475
1.01995
1.082875
1.105375
1.17955
1.352925
1.453875
1.548575
1.5915
1.617125
1.64925
1.7304
1.7556
1.760725
1.8264
1.90365
1.956325
1.972375
2.0179
2.03705
2.063575
2.127275
2.4036
2.438125
2.444575
2.449275
2.474475
2.484825
2.54815
2.569475
2.60045
2.640525
2.7087
2.731675
2.7419
2.78625
2.9028
2.910225
2.958125
3.001125
3.0465
3.049325
3.06105
3.1939
3.286825
3.348525
3.353725
3.375425
3.590725
3.665825
3.678
3.730325
3.73405
3.78805
3.80065
3.82085
3.858175
4.131825
4.150225
4.24825
4.250475
4.41445
4.429375
4.46285
4.504725
4.50565
4.5335
4.574575
4.60065
4.68185
4.749075
4.760925
4.8182
4.825275
4.859575
4.87035
4.9695
93
