0.087825
0.14585
0.154325
0.250025
0.306525
0.307875
0.328125
0.348825
0.373925
0.39585
0.5386
0.544625
0.554725
0.605575
0.631175
0.697025
0.8439
0.874675
0.8865
0.94935
0.998325
1.032725
1.133425
1.185425
1.189475
1.19185
1.192725
1.2545
1.32195
1.36355
1.38365
1.42425
1.4722
1.530775
1.57525
1.7441
1.7847
1.834825
1.843075
1.872775
1.884925
1.9043
1.97535
2.016825
2.05415
2.0844
2.136825
2.179625
2.190325
2.19035
2.351925
2.361675
2.40295
2.64725
2.726625
2.7963
2.838
2.923675
2.97515
2.9817
3.01845
3.039575
3.0632
3.068125
3.15075
3.231625
3.245225
3.333325
3.335675
3.346025
3.355475
3.451275
3.609775
3.61835
3.638225
3.71095
3.78895
3.8577
3.895075
3.906825
3.93655
3.93665
3.9602
3.99905
4.122875
4.2172
4.3065
4.316025
4.35485
4.4182
4.5094
4.51125
4.530825
4.568425
4.57675
4.578425
4.62235
4.6354
4.6887
4.70875
4.817775
4.82115
4.9668
4.9745
104
