0.0161
0.04735
0.049525
0.134125
0.19745
0.201
0.21005
0.33335
0.432775
0.442425
0.5079
0.542225
0.605325
0.6558
0.887675
0.961525
0.9907
1.0237
1.024375
1.0317
1.123125
1.128825
1.1584
1.3997
1.42915
1.462075
1.536775
1.54235
1.56345
1.6368
1.638175
1.6876
1.7529
1.778175
1.8414
1.870325
1.917875
1.976425
1.97995
2.0074
2.0367
2.079225
2.09775
2.3536
2.35875
2.4152
2.5427
2.5489
2.609125
2.688775
2.853425
2.927775
2.945025
3.004325
3.1122
3.224975
3.354875
3.48255
3.603825
3.64815
3.652675
3.66395
3.79295
3.877675
3.89605
4.1119
4.321375
4.389375
4.421425
4.52995
4.5317
4.563575
4.684325
4.738
4.7627
4.95195
4.959225
4.96365
78
