0.001475
0.003575
0.0978
0.190675
0.244425
0.25625
0.278525
0.406125
0.45955
0.50525
0.688475
0.832625
0.936875
0.9468
0.9631
0.978525
0.987125
1.027625
1.041475
1.080325
1.116075
1.173325
1.217325
1.2456
1.285175
1.301375
1.326825
1.363725
1.3783
1.396075
1.5087
1.539125
1.628175
1.6566
1.718325
1.723125
1.743225
2.092875
2.09695
2.1787
2.193025
2.20935
2.324575
2.376625
2.537075
2.603875
2.7311
2.794425
2.8309
2.83725
2.92655
2.938475
3.01305
3.0233
3.0552
3.100475
3.107925
3.1178
3.148125
3.188375
3.26185
3.291925
3.3558
3.3866
3.4051
3.45935
3.542175
3.58075
3.59505
3.636175
3.651625
3.7823
3.8461
3.904
3.9108
3.92765
3.92965
3.95535
3.989775
3.995175
4.063775
4.1128
4.12465
4.1525
4.2334
4.32935
4.33845
4.4262
4.470425
4.554025
4.621175
4.675475
4.69085
4.7098
4.790425
4.94405
96
