0.074725
0.076
0.097525
0.20565
0.212525
0.324975
0.4892
0.49035
0.49135
0.536575
0.5375
0.61615
0.71115
0.844925
0.95615
0.963925
1.01705
1.030425
1.032325
1.070475
1.408325
1.5547
1.614125
1.65035
1.657775
1.692125
1.7169
1.76555
1.80565
1.8242
1.86055
1.9953
2.011775
2.0264
2.087675
2.090875
2.1406
2.305925
2.44645
2.457075
2.528525
2.795825
2.810975
2.824075
3.008025
3.044225
3.104925
3.23525
3.2845
3.3217
3.4225
3.47845
3.623775
3.79025
3.825225
3.8472
3.895875
3.9043
3.981625
4.026
4.029525
4.0605
4.061175
4.1364
4.157125
4.167575
4.2273
4.290425
4.378575
4.380575
4.456525
4.459925
4.479875
4.48975
4.54525
4.5983
4.7484
4.78395
4.83525
4.851925
4.904425
4.9284
82
