0.089775
0.13845
0.195475
0.318475
0.3654
0.457475
0.461375
0.48795
0.4922
0.539575
0.556125
0.5996
0.65105
0.65745
0.6897
0.75885
0.769175
0.822725
0.906125
0.921925
0.9313
0.931675
1.048125
1.082775
1.083075
1.107025
1.18335
1.223325
1.226225
1.297175
1.3772
1.456275
1.647025
1.70645
1.713475
1.7476
1.82875
1.84135
1.84735
1.862475
1.917675
2.0391
2.055775
2.0844
2.08975
2.262725
2.28345
2.288725
2.29355
2.3485
2.38195
2.473975
2.518975
2.547975
2.59715
2.814975
2.817575
2.8523
2.888025
2.95275
3.064875
3.15625
3.237125
3.242275
3.249
3.2824
3.287175
3.391325
3.402475
3.406825
3.42415
3.442375
3.463275
3.47035
3.496625
3.5103
3.51835
3.5505
3.5884
3.61985
3.622275
3.626775
3.71085
3.72885
3.840825
3.8753
3.88645
3.925475
3.99345
4.005425
4.04855
4.123
4.12815
4.14445
4.2096
4.2295
4.26085
4.289825
4.437225
4.660225
4.7357
4.738525
4.7967
4.91855
4.921675
4.945625
4.9487
4.9709
108
