0.0214
0.09235
0.103575
0.168625
0.225175
0.23865
0.257675
0.280275
0.2953
0.311675
0.421175
0.44545
0.47925
0.51955
0.526175
0.5582
0.5646
0.705925
0.752375
0.761175
0.816375
0.870475
0.889575
0.89005
0.923975
0.952925
0.975
0.977625
1.106725
1.1415
1.148075
1.187775
1.204225
1.33145
1.33875
1.454975
1.521625
1.53115
1.5661
1.7769
1.863975
1.919125
1.938525
1.955375
1.969025
2.008325
2.06315
2.25105
2.288775
2.321475
2.34925
2.3648
2.407975
2.42775
2.46305
2.49195
2.49265
2.524475
2.527775
2.53265
2.66735
2.679375
2.76295
2.7858
2.8878
2.88855
2.99205
3.015625
3.025075
3.0262
3.034875
3.07325
3.200575
3.276225
3.283525
3.353675
3.425475
3.42945
3.4432
3.50715
3.57115
3.608325
3.7256
3.8395
3.884775
3.90035
3.92355
3.934725
3.9645
4.0827
4.11695
4.182125
4.2168
4.267275
4.298975
4.3311
4.448775
4.51685
4.558575
4.6111
4.613225
4.6776
4.823725
4.875625
4.885725
4.90825
4.92745
4.999275
108
