0.004775
0.031825
0.056475
0.08455
0.09315
0.1152
0.12355
0.155625
0.15755
0.192625
0.252725
0.322075
0.3239
0.507875
0.624675
0.68225
0.7015
0.8107
0.92735
0.9426
0.981125
1.04625
1.047525
1.159775
1.3348
1.5555
1.645275
1.66415
1.715075
1.84635
1.8471
1.872275
1.96695
1.967025
1.98005
2.030175
2.0553
2.10615
2.121175
2.220325
2.3721
2.38985
2.405725
2.518075
2.62675
2.6568
2.668775
2.670275
2.679225
2.6798
2.8271
2.832375
2.8524
2.85385
2.857725
2.907475
3.051675
3.0965
3.106675
3.132925
3.16085
3.162025
3.363725
3.365
3.375475
3.638025
3.6489
3.8733
3.9375
3.938625
3.95995
3.987725
4.01355
4.081925
4.089425
4.105475
4.16335
4.25635
4.321275
4.3702
4.401175
4.402825
4.4321
4.541825
4.57165
4.578575
4.6147
4.6258
4.660175
4.744125
4.785825
4.8936
4.9347
4.977425
4.9812
95
