0.03395
0.129525
0.2176
0.22705
0.27295
0.341575
0.378775
0.42795
0.440475
0.57875
0.667975
0.7392
0.945225
0.94915
1.017575
1.03115
1.073625
1.109975
1.113475
1.188775
1.203675
1.2622
1.362425
1.499975
1.526175
1.5372
1.6343
1.79965
1.81865
1.81925
1.8706
1.893625
1.919775
1.92855
1.9399
1.95035
2.0013
2.083
2.0922
2.159625
2.165725
2.2093
2.29235
2.384275
2.43265
2.445425
2.599975
2.666525
2.9077
2.947575
3.0057
3.039425
3.24095
3.2905
3.302325
3.327425
3.36615
3.3908
3.395275
3.421175
3.424675
3.4616
3.48655
3.551375
3.687875
3.75235
3.79365
4.034575
4.0841
4.113325
4.2854
4.29005
4.3613
4.372175
4.4296
4.43805
4.4613
4.490625
4.577525
4.6166
4.626525
4.6545
4.671525
4.92665
4.938675
85
