0.170175
0.1977
0.25195
0.36445
0.400825
0.4823
0.534775
0.551375
0.576025
0.623775
0.625
0.695375
0.696375
0.81185
0.8773
0.9173
0.9443
0.98835
1.02325
1.03995
1.06105
1.128525
1.20895
1.2379
1.242375
1.398025
1.591075
1.60985
1.642875
1.695375
1.699325
1.820225
1.8495
1.866725
1.8969
1.90385
1.913275
1.954225
2.00385
2.128125
2.15165
2.178325
2.20535
2.2962
2.392975
2.4128
2.44455
2.4722
2.5291
2.6178
2.62415
2.69945
2.8772
2.947675
3.01435
3.021175
3.06475
3.06545
3.10405
3.21345
3.231775
3.25585
3.269325
3.3735
3.49845
3.6307
3.6595
3.70085
3.737325
3.798325
3.95725
4.018825
4.0454
4.149
4.207925
4.2742
4.332725
4.348525
4.42715
4.445975
4.46545
4.5889
4.632725
4.721875
4.764175
4.85375
86
