0.00745
0.038625
0.0645
0.1533
0.153575
0.203675
0.217725
0.259025
0.3025
0.400725
0.4078
0.43475
0.4634
0.532875
0.56515
0.5871
0.61985
0.700325
0.7148
0.73095
0.749525
0.771625
0.84215
0.902125
0.961825
1.022425
1.06345
1.065425
1.066375
1.08345
1.1175
1.1249
1.421125
1.446525
1.475375
1.510175
1.7408
1.773225
1.81245
1.824125
1.889025
1.94065
1.957
1.9768
2.031475
2.046375
2.047625
2.098875
2.10965
2.11135
2.1226
2.1776
2.188725
2.234075
2.240325
2.2456
2.251025
2.3296
2.37175
2.420525
2.427175
2.5002
2.56605
2.617725
2.739625
2.79435
2.8204
2.877825
2.928775
3.070175
3.1144
3.122375
3.160025
3.191325
3.389475
3.41715
3.435225
3.437575
3.499475
3.506525
3.5289
3.642
3.79975
3.882475
3.9628
3.986825
4.13245
4.14775
4.161875
4.26705
4.29525
4.4242
4.457025
4.49965
4.550725
4.65315
4.806825
4.8177
4.9302
4.9852
100
