0.03165
0.085825
0.140175
0.15425
0.17735
0.2179
0.247625
0.26975
0.294675
0.297925
0.307475
0.322275
0.339575
0.368975
0.393225
0.415
0.42175
0.436825
0.439075
0.450025
0.544
0.62785
0.67525
0.716725
0.74245
0.786625
0.8975
0.927425
0.931575
1.106525
1.134375
1.1475
1.149225
1.18985
1.268525
1.356325
1.36495
1.379125
1.54535
1.585075
1.59935
1.700525
1.842525
1.917425
1.941975
2.018575
2.100125
2.18725
2.239325
2.2465
2.29565
2.3033
2.336275
2.4452
2.4568
2.46895
2.5173
2.52425
2.53665
2.5417
2.653925
2.659725
2.7434
2.82385
2.8717
2.993125
3.0552
3.08045
3.129275
3.23035
3.297625
3.307225
3.400825
3.466875
3.51305
3.514875
3.557775
3.566325
3.638275
3.668175
3.766475
3.87665
3.89375
3.934425
3.989525
4.0005
4.08585
4.214925
4.260025
4.2906
4.303125
4.361525
4.366425
4.413125
4.4976
4.517875
4.519175
4.53005
4.5645
4.579475
4.745325
4.7471
4.76625
4.810225
4.81785
4.887625
4.891725
4.90585
4.923825
109
