0.076775
0.088175
0.148325
0.149775
0.152675
0.15815
0.25095
0.337375
0.375775
0.390675
0.627175
0.657875
0.68735
0.769925
0.79025
0.793125
0.8125
0.830375
0.8406
0.882125
1.0304
1.13045
1.2197
1.2766
1.30145
1.320175
1.330075
1.42815
1.447475
1.467125
1.4926
1.54515
1.56575
1.688625
1.68965
1.7334
1.792925
1.8017
1.81305
1.8183
1.82675
1.9222
1.931425
2.007575
2.075425
2.10755
2.141525
2.1626
2.2224
2.239525
2.255
2.264725
2.311725
2.358625
2.4827
2.582825
2.5829
2.607275
2.6106
2.611725
2.68365
2.757475
2.783575
2.791025
2.81685
2.818625
2.83485
2.855875
2.865825
2.889225
2.96815
2.9976
3.0319
3.09605
3.18105
3.270475
3.40375
3.471925
3.5601
3.580225
3.612275
3.700725
3.725175
3.73455
3.755125
3.774475
3.784
3.790275
3.865375
3.946775
4.040175
4.07135
4.1043
4.123225
4.149925
4.417325
4.4425
4.461075
4.464875
4.4679
4.4945
4.53
4.771825
4.780125
4.84315
4.9211
4.997975
107
