0.08875
0.0933
0.2076
0.3514
0.385775
0.4094
0.429975
0.471775
0.47515
0.523525
0.57655
0.647225
0.708975
0.71025
0.72545
0.83735
0.8398
0.948825
0.9568
1.050425
1.0828
1.09215
1.20205
1.3656
1.36635
1.436
1.495175
1.520925
1.680225
1.817175
1.930775
1.94075
1.945275
2.0254
2.124225
2.14235
2.197575
2.19955
2.341425
2.457825
2.5433
2.574025
2.57645
2.634575
2.67615
2.720775
2.743275
2.751575
2.772
2.830325
2.86085
2.87705
2.96035
3.027725
3.069125
3.082925
3.1251
3.264525
3.2676
3.30775
3.36115
3.371625
3.404225
3.4553
3.45575
3.561025
3.56635
3.624075
3.627475
3.67385
3.68835
3.77255
3.80135
3.837275
3.88825
3.93745
4.0439
4.08105
4.165575
4.238225
4.3249
4.35605
4.3742
4.46885
4.55875
4.56035
4.603125
4.60655
4.6073
4.64075
4.6521
4.670675
4.748375
4.763375
4.84205
4.8513
4.93515
4.9435
4.97715
99
