0.002175
0.05365
0.1149
0.1684
0.185475
0.474425
0.502175
0.544875
0.54825
0.592725
0.653125
0.68235
0.6981
0.732625
0.862075
0.953825
0.966025
1.052725
1.1334
1.303925
1.324225
1.38755
1.4958
1.50255
1.61555
1.76185
1.799975
2.020725
2.112675
2.12295
2.135625
2.151625
2.183425
2.186075
2.236875
2.2479
2.321975
2.457425
2.460475
2.487275
2.4941
2.513275
2.523725
2.665375
2.7116
2.7399
2.744525
2.7777
2.812075
2.820675
2.8578
2.8886
2.9708
2.99005
3.014775
3.068975
3.22675
3.250225
3.38675
3.405475
3.4554
3.502975
3.506525
3.62415
3.64175
3.710425
3.7538
3.78465
3.797925
3.80535
3.8138
4.074575
4.174375
4.279025
4.4091
4.437975
4.480225
4.497975
4.4996
4.5009
4.72285
4.727375
4.732225
4.7491
4.815025
4.849675
4.852625
87
