0.005125
0.02065
0.12695
0.15715
0.162225
0.175775
0.20615
0.36755
0.37115
0.475675
0.4888
0.540425
0.540475
0.56605
0.577425
0.68915
0.695
0.73535
0.804925
0.832275
0.832425
0.8344
0.84615
0.8988
0.984475
1.022
1.040975
1.198475
1.3687
1.375275
1.375325
1.437475
1.57895
1.584875
1.598225
1.686575
1.838175
1.8798
1.9202
1.971275
1.9932
2.07075
2.10705
2.113525
2.304375
2.362425
2.366125
2.37905
2.40435
2.407225
2.489225
2.4968
2.522325
2.66655
2.7096
2.7228
2.738375
2.867175
2.931
2.952575
3.013525
3.016125
3.116225
3.170525
3.170825
3.2155
3.3196
3.344825
3.38545
3.387225
3.4521
3.456175
3.5222
3.530125
3.706775
3.7166
3.77515
3.8109
3.8119
3.8569
3.872925
4.02585
4.04685
4.193375
4.22885
4.232775
4.26595
4.281
4.3912
4.4136
4.50005
4.513525
4.608375
4.613225
4.688
4.754175
4.804475
4.866475
4.9429
4.9962
100
