0.005475
0.0135
0.15535
0.208275
0.215125
0.342375
0.366925
0.40745
0.422225
0.429725
0.45945
0.4852
0.496825
0.543425
0.617175
0.668
0.6742
0.695975
0.817375
0.8279
0.854975
0.86845
0.97135
1.037675
1.2838
1.2944
1.39505
1.443775
1.52415
1.59985
1.617825
1.7011
1.7256
1.735025
1.745775
1.780625
1.79925
1.81135
1.869675
1.953275
1.96095
1.97955
2.027325
2.044375
2.06335
2.133175
2.18955
2.37595
2.425225
2.496425
2.506
2.5345
2.5661
2.571825
2.624725
2.74135
2.767975
2.7711
2.8164
2.893075
2.899325
2.996925
2.99735
3.0199
3.07995
3.081825
3.173875
3.198
3.214025
3.29785
3.770825
3.775425
3.8953
3.903125
3.96225
4.0637
4.151625
4.180475
4.233675
4.3966
4.413375
4.420975
4.438575
4.517725
4.5793
4.5823
4.5942
4.609575
4.6131
4.614375
4.741525
4.824375
4.9006
4.9039
4.957125
95
