3
3400
5290
2405
3838
2411
7460
2406
5318
3395
2024
4200
3401
3670
4336
3842
3733
3298
1626
6262
2957
3845
7950
3836
7459
4821
4702
4685
1962
5657
3837
5153
7302
3299
4343
2953
3729
1681
4800
1959
4683
2408
5154
6745
2860
3848
3394
4198
3296
3839
3396
5161
4337
3393
3849
3840
8424
2490
3846
4823
2410
3850
2023
4190
3730
3403
3731
1958
3727
3300
4218
2954
3397
6457
4196
4342
4339
5316
2027
5156
6226
4680
5689
7783
2492
5155
6225
3402
4192
4197
4822
3843
2952
4202
3835
4334
5823
2029
3844
2862
4684
3297
3728
2955
4687
4333
5864
2026
3732
4201
3398
4341
5313
4798
4193
1353
1956
2404
2028
4194
3841
4195
4701
1683
2489
6747
4340
4335
4199
5160
8264
5182
4338
3301
1300
4686
1961
2485
4682
4191
767
4681
4818
2412
1957
5822
4819
