0.04455
0.074625
0.08665
0.103975
0.122875
0.133175
0.224975
0.252525
0.2621
0.2661
0.2856
0.31065
0.4133
0.446875
0.4477
0.449125
0.945525
0.9511
1.07955
1.1876
1.189575
1.238375
1.26925
1.3037
1.363175
1.590675
1.640525
1.684275
1.68825
1.9773
1.99525
2.113425
2.129875
2.344175
2.500725
2.67535
2.7024
2.890375
2.93715
2.990675
3.0472
3.115175
3.158175
3.19825
3.579475
3.704075
3.733075
3.76405
3.77975
4.059025
4.06
4.2416
4.358275
4.423225
4.42815
4.553975
4.63645
4.710775
4.785625
4.812725
4.8991
61
