0.0781
0.3076
0.309725
0.330975
0.36675
0.46205
0.4845
0.577075
0.65615
0.680525
0.72195
0.75245
0.776675
0.8998
0.943275
0.9868
1.050625
1.231875
1.2375
1.24985
1.2763
1.279775
1.404475
1.434175
1.747325
1.788275
1.823825
2.088975
2.093225
2.0985
2.152975
2.292675
2.3468
2.4889
2.500525
2.50755
2.6176
2.66715
2.793675
2.811875
2.834775
2.8644
2.91435
2.927775
3.018525
3.04095
3.190575
3.422075
3.60825
3.853
3.944825
4.095625
4.2174
4.225375
4.340625
4.48155
4.514675
4.546625
4.6687
4.748125
4.939175
61
