0.039075
0.1646
0.1752
0.221775
0.3433
0.371925
0.407275
0.520775
0.5809
0.582475
0.665025
0.76885
0.803725
0.850725
0.9167
0.95295
0.954325
0.9726
0.98775
1.00585
1.038975
1.1847
1.202
1.360075
1.63815
1.64965
1.667675
1.7341
1.799825
2.017775
2.029725
2.057275
2.074625
2.50765
2.5266
2.53565
2.630825
2.650225
2.7
2.726525
2.8647
3.0388
3.115425
3.449875
3.671325
3.69745
3.71225
3.725925
3.874675
3.896875
3.91675
4.0108
4.11105
4.464625
4.5769
4.686225
4.698275
4.766725
4.83745
4.85725
4.9004
4.91615
4.9556
4.987475
64
