0.0454
0.280925
0.43795
0.499775
0.5724
0.639475
0.696325
0.728375
0.840525
0.935225
0.957725
1.0604
1.085
1.289975
1.347
1.34895
1.51675
1.52605
1.559025
1.580375
1.610125
1.7139
1.7519
1.80575
1.901775
2.03065
2.07525
2.089925
2.273275
2.33205
2.399675
2.4258
2.62375
2.654175
2.73465
2.75245
2.909525
2.94055
2.954275
3.017725
3.044675
3.061625
3.1367
3.281175
3.657575
3.75635
3.913525
3.9803
4.091725
4.118625
4.144
4.1505
4.24545
4.2465
4.28095
4.33035
4.3544
4.520575
4.53995
4.57805
4.614125
4.727175
4.86255
4.96035
4.97225
65
