0.037875
0.052525
0.21985
0.244425
0.3554
0.462625
0.7382
0.743175
0.80255
0.9697
1.001225
1.02905
1.04515
1.170475
1.1981
1.249175
1.31035
1.492275
1.53565
1.551875
1.614575
1.81125
1.922875
2.0099
2.0319
2.098475
2.110625
2.12215
2.149125
2.1621
2.2195
2.237125
2.342375
2.44035
2.529675
2.57535
2.674675
2.712325
2.71865
2.846825
3.24225
3.269175
3.315125
3.340675
3.468325
3.539425
3.610225
3.68915
3.69455
3.744125
3.83905
3.848375
3.909375
3.914325
4.04635
4.08665
4.1844
4.332775
4.6137
4.759375
4.79815
4.967675
62
