0.009425
0.155575
0.328325
0.396275
0.694125
0.77055
0.82
0.97805
1.008075
1.02175
1.0483
1.2929
1.3793
1.405075
1.421425
1.5702
1.5943
1.74595
1.770125
1.796675
1.95615
2.028025
2.273225
2.330425
2.358875
2.4595
2.4727
2.490525
2.580325
2.671025
2.6715
2.74015
2.748575
2.7612
2.779225
2.8181
2.91455
3.30205
3.4181
3.4293
3.450025
3.54585
3.626675
3.751775
3.800775
3.8653
4.016075
4.08325
4.211425
4.25285
4.312375
4.397225
4.461925
4.498575
4.707825
4.713275
4.71905
4.888375
4.938775
4.969725
60
