6.00979341778
6.03565057096
6.0393405714
6.13961899446
6.1457722779
6.16236399682
6.17484655353
6.18529401162
6.32761989942
6.33731366886
6.35041206952
6.36768789652
6.38089492263
6.38976960995
6.40287712835
6.41094155184
6.44906895057
6.46332907056
6.50881139855
6.51218366891
6.52278573357
6.53066854387
6.55884962557
6.58538612842
6.59379272424
6.61056166297
6.78205322757
6.80986122183
6.92296749974
6.95655995059
7.00098591874
7.02163460836
7.03331168353
7.11121456656
7.16239560606
7.18659021448
7.21635617487
7.2657925731
7.28527132854
7.32504890177
7.38052099335
7.40218347176
7.43996469799
7.4891418509
7.5318875924
7.61149097853
7.66161980856
7.86843655791
7.90371737337
8.02219113665
8.06558579699
8.11456418529
8.1708681452
8.19684739002
8.24681213763
8.49855291631
8.52334936858
8.52771565956
8.53415083215
8.60727953852
8.70636023966
8.7567273129
8.80576315575
8.91068430421
9.02980744324
9.10397929132
9.21328238843
9.24938544355
9.34297440037
9.41497956294
9.46327807401
9.57791266809
9.71500021492
9.7457695543
9.75770768611
10.3342588508
10.4042803208
10.6140421485
10.676968651
10.7151502492
10.8580975712
10.8839247564
11.9662592568
12.1465048761
12.317174309
12.4676326189
12.6862264487
12.7536306962
12.9300189586
13.0870260432
13.3299963485
13.4377884173
13.6491900203
13.9128422891
14.2272927254
14.8528871394
96
