6.0188927306
6.03470491058
6.04006401324
6.05528242937
6.07187615665
6.08097039014
6.09383197554
6.11173810128
6.12628291395
6.12730082077
6.13148838109
6.15238963703
6.23890952128
6.26459023141
6.28645158014
6.29270688356
6.32058356101
6.32188785918
6.33077061954
6.34421174576
6.34594350376
6.35919410015
6.36741521692
6.39965565861
6.40833879743
6.42479652795
6.44305310416
6.46128373876
6.49047917181
6.54154551251
6.56281089826
6.60425198745
6.61898828357
6.64576688596
6.68768152203
6.70984442922
6.73104572793
6.75022118168
6.76841052664
6.81540682204
6.82939016397
6.84085049037
6.85857372968
6.87610389453
6.93214068923
7.10853935173
7.15675537871
7.1969954495
7.22117170027
7.24465316772
7.2869851984
7.29337906582
7.33762343334
7.35182899693
8.88628432953
8.8971467418
8.91001083762
8.96223301492
9.01619093407
9.15900903918
9.2673080885
9.36793283721
9.43591861798
10.3860129786
10.4452268007
10.4907304116
10.6065538788
10.7349134381
10.9418170168
11.0622141258
11.1200837161
11.3569997458
11.478610697
11.6516660625
11.8435206254
11.9124875185
12.281201401
12.4004089874
12.6399696703
13.0247897445
13.2390996704
13.5469483434
13.9270789219
28.6173102893
84
