6.00504597925
6.01618506537
6.02910872711
6.0455866105
6.05582489197
6.08731453138
6.10709707549
6.14553147695
6.16814681626
6.17254606243
6.18381951603
6.21267333108
6.22105305427
6.22582370117
6.23958865537
6.25566584485
6.3005119891
6.30791244661
6.30940456813
6.32000125334
6.3328294374
6.33578767231
6.35645891297
6.36417691976
6.36602885106
6.38013807904
6.38640682652
6.38973964256
6.73462996972
6.779327582
6.79054122513
6.8109855527
6.8370282747
6.84137956896
6.88882434585
6.93624226331
6.94089119242
6.94316587608
6.99323124415
7.01821239898
7.02640322332
7.06913274278
7.08752147517
7.1063358929
7.15187755892
7.17792976289
7.20276804442
7.25677225955
7.32934910378
7.38712717845
7.41296875244
7.50695206314
7.57867571287
7.64377428949
8.03261503635
8.0862621775
8.11590498432
8.21711829374
8.51113104222
8.61996569408
8.86774937366
8.93650075399
9.24578945842
9.30839431288
9.35339482435
9.38122105674
9.44843711135
9.64257213603
9.70993514256
9.77289274506
9.93586599023
10.042491164
10.0997185248
10.1700038418
10.4163262329
10.5035202328
10.5972875606
10.6468330714
10.8058651755
10.9447476183
11.1177948031
11.1862330518
11.2120799173
11.2431324429
11.3426575427
11.5350311352
11.7364273772
11.8050632665
11.8771122434
12.0991492499
12.3713725049
12.6591826166
12.7459191265
13.4877106109
13.8028788211
14.069590991
14.5281758923
97
