6.01560180544
6.02332274871
6.06163844218
6.06820692499
6.08526448558
6.10146560706
6.10813631988
6.12638553012
6.36554043115
6.36909242895
6.39277265893
6.40957556583
6.42671375007
6.45068816752
6.4673233952
6.48764917472
6.50739930105
6.52424668035
6.53286657973
6.54449093202
6.56530732525
6.58284960708
6.69538935603
6.73789794432
6.91054187242
6.9506321759
6.96536378437
6.98420121002
7.01706484319
7.05419817946
7.11952362666
7.14411339678
7.17588863916
7.45174970216
7.52966035723
7.55934865247
7.61207825953
7.87374520137
7.96505544367
7.99285965214
8.04650878466
9.81006762921
9.8417707813
10.040295331
10.1698034464
10.4734224814
10.6901887679
10.7117735499
10.8258964465
10.8407085229
10.9569175244
11.0701650067
11.2772239691
11.5168235944
11.5888083309
11.8765921101
11.9868727348
12.4422924424
17.1372838704
59
