6.01012701191
6.02260586452
6.02788326164
6.02927880899
6.03761720757
6.05228374817
6.05742537385
6.06502544973
6.0697229532
6.0716013992
6.07971821176
6.08461515838
6.10034350541
6.10384320513
6.1230943544
6.14205374955
6.16120730472
6.16679292067
6.1851708923
6.2043811926
6.22191705533
6.24608297608
6.25412537982
6.25536116802
6.31810361816
6.33194975391
6.33990979991
6.37197089984
6.37346764353
6.39806848539
6.44111276426
6.46621540658
6.48180492573
6.52929573659
6.5443157787
6.57379835275
6.87266052507
6.89496773881
6.94539427804
6.9709520105
6.97548696122
6.99358348562
7.03122228032
7.05175087838
7.08366404249
7.10165177829
7.11482034096
7.13857843682
7.18988369382
7.21293614523
7.25699120838
7.30027927097
7.35219113491
7.45844045781
7.52180199165
7.58505010078
7.59613809524
7.60256173342
7.66873642681
7.74857905936
7.80808365787
7.89851624365
8.04804018479
8.09896497942
8.34082482843
8.3645508883
8.89814723457
8.95619898844
9.08350826038
9.16360050229
9.22234121967
9.28594194105
9.48090104624
9.51933171893
9.52534679763
9.64299501716
9.691095179
9.78099063693
9.85471025701
9.98339303692
10.0335957702
10.0868730942
10.1527034415
10.2357929568
10.3254136776
10.447546305
10.6068508626
12.7244868086
13.5807286981
13.7276500257
13.959668713
14.2724132881
16.0080372378
93
