6.00513377407
6.00877884643
6.01102146151
6.01586304056
6.02904585592
6.04222250419
6.08136536919
6.0935216976
6.09450779589
6.10880468585
6.1299065445
6.14462508741
6.14615813439
6.15720028277
6.1733339621
6.17860967452
6.1864401943
6.19768445723
6.20233281834
6.20786521678
6.21524074507
6.2179901295
6.22892418443
6.24307717987
6.27598505771
6.28869075074
6.29635286437
6.34290895307
6.358396019
6.36131619793
6.37627233217
6.38022062146
6.40159949753
6.42201952185
6.44130012102
6.51198743314
6.52422747592
6.54878957335
6.59721941568
6.61630178682
6.63394959035
6.6572313455
6.68011100455
6.70611203383
6.72851452419
6.8141149263
6.84061448208
6.85229163251
6.85903735551
6.87150752286
6.88068331832
6.90063607954
6.98805045365
7.02328261577
7.04149285327
7.0857359508
7.11020267484
7.15269964204
7.193582602
7.2535523076
7.27233971678
7.30110309641
7.30604668558
7.57082367305
7.64101891273
7.69554287189
7.75951909433
7.87947029265
7.89692203755
7.94285471011
7.99613956589
8.00426215738
8.05637669241
8.16048506649
8.57938299544
8.66837195195
8.84379741761
8.93228698317
8.9885135088
9.00314239627
9.04707947366
9.13715846835
9.19987091331
9.22794498725
9.49589545935
9.51937610463
9.53863854609
9.66975395119
9.74605191994
14.0640242781
14.4845715297
14.7491125292
92
