6.03554146372
6.03989440038
6.04490543121
6.05178353139
6.05875720782
6.0831039442
6.10017260472
6.11881868257
6.13486981911
6.18919636823
6.25249620738
6.28860955873
6.29615734118
6.30405417223
6.37595459207
6.38037926053
6.38369084742
6.41817775521
6.59569312641
6.63680720142
6.65346084297
6.65504113835
6.68011800586
6.70829294036
6.73883028077
6.80444324402
6.82549419378
6.84889035302
6.85823427465
6.88272483814
6.89485363576
9.68094307733
9.80362990623
9.88775421379
10.0455544101
10.3218727558
10.545034289
10.7157569152
10.807665738
10.853031692
10.9299552366
11.0225876032
11.128011856
11.3104045724
11.475635534
11.5749747349
11.7285750842
11.8873787982
11.9576808612
12.6874451873
12.8917976717
14.1572251909
14.5696740048
53
