6.08040094417
6.08443948381
6.10092613288
6.11673756359
6.11843375045
6.13594297835
6.14190296635
6.15580382588
6.16716708939
6.19007495207
6.20475425753
6.21096992264
6.22932437804
6.24191427397
6.26355442061
6.28171469369
6.2907781249
6.29178268971
6.29917885485
6.31991909492
6.32382653266
6.32593553557
6.33840819196
6.37319276698
6.38741631284
6.41269626519
6.42101108822
6.62901253004
6.64382821817
6.73224160514
6.75189274509
6.77017288575
6.79555105971
6.82066126034
6.8879724205
6.98011836451
7.0360405644
7.07847311206
7.11237803895
7.1265349076
7.50544924977
7.53074282323
7.59596175287
7.65429503639
7.75047661612
7.82171567125
7.84585582513
7.93686262576
7.94950625309
7.97523152536
8.0962399502
8.25000826568
16.8590092755
53
