6.00420393557
6.01167222281
6.03108114096
6.03975180378
6.0892506065
6.09666807324
6.12929847708
6.14225790637
6.14335383574
6.16225901214
6.17079312257
6.17267207559
6.17521607671
6.19872119047
6.21937277032
6.22062073723
6.23235899815
6.24753700819
6.25296057078
6.2737443517
6.28199245847
6.28802197945
6.29697980822
6.30202237789
6.31218123755
6.36217705185
6.37841841746
6.391732496
6.43210531626
6.44797437583
6.46900060066
6.48174796323
6.51072434522
6.52619652158
6.54241888489
6.54545886614
6.56323306164
6.58832858233
6.61262109115
6.64568414351
6.68694557351
6.70337292686
6.71075987547
6.79622038447
6.8329200916
6.8439922288
6.88409869454
6.920991525
6.94775965238
6.98916580498
7.0358968577
7.06633510078
7.07657264934
7.12060111777
7.15538272468
7.19565272287
7.27376587511
7.33684325871
7.39184187744
7.41917920544
7.47511317711
7.49197891805
7.51864977529
7.54338608299
7.69440412718
8.20501865553
8.22353467772
8.29752442556
8.3034014075
8.33840798959
8.50991133204
8.55266500563
8.65281952488
8.83103468928
8.93543890779
8.94164062054
9.38016969918
9.47433396602
13.1167413028
13.152400435
13.2573171035
13.5366693555
13.8605125596
13.9763843399
14.1548143831
14.575263203
86
