6.00916823165
6.02662126362
6.03366504915
6.04832281556
6.07287714803
6.07546643556
6.08630316164
6.09840495598
6.1089971927
6.12821575095
6.14519085672
6.16048910707
6.17599512523
6.18260247064
6.18523585267
6.30713524157
6.36767211059
6.38237902721
6.38939681581
6.398242342
6.41333679475
6.43293655846
6.46191002854
6.47916112765
6.51101904414
6.51287008121
6.51460015312
6.52793551452
6.54533187297
6.56075155091
6.63448305332
6.64067596223
6.6563921769
6.69011869057
6.91206847574
6.92626707992
6.96634610816
7.01542168884
7.03825861783
7.25201397634
7.27875486921
7.33881048051
7.37465625663
7.42153853558
7.48200754317
7.5412955501
7.63192528027
7.67284892842
7.78042753721
7.82774540175
8.05574597419
8.10372237114
8.27286017727
8.30244228316
8.36293886787
8.40204178076
8.45595365998
10.3386696761
10.3538470771
10.572703189
10.644965921
10.7308033807
10.7465957524
10.8701337089
11.4018512447
11.4891446551
11.6129231005
11.7315946393
11.7935068992
11.9864589499
12.1229967006
12.3579935683
12.7874542039
13.3563106856
13.7242701808
13.7462650096
13.7653970236
14.1365351191
14.1582326661
15.6351778534
80
