6.00540129623
6.01762858837
6.01914963792
6.02546657477
6.04247382531
6.07404298615
6.07804095819
6.08251289244
6.11426621122
6.1183905081
6.12904302401
6.13014346979
6.1398520516
6.16537080211
6.16662460168
6.1944175675
6.19915807477
6.20136591567
6.20444853005
6.22200100558
6.24225475972
6.32241428466
6.38774070557
6.38965143447
6.40580241668
6.41276498789
6.4256531575
6.43227287415
6.44364100178
6.45242257726
6.46781430264
6.50586366513
6.51671490697
6.52310907443
6.52732088978
6.54897569925
6.59456493648
6.65194519547
6.67931405862
6.70490886576
6.74521343085
6.96973786021
7.00014283753
7.03869891471
7.07730439221
7.1410254621
7.14564161445
7.2056282219
7.21506095416
7.25823273614
7.28670726223
7.2917303712
7.34786179813
7.35589669419
7.43221830018
7.49709972098
7.52380564494
7.58973709805
12.6604547217
13.1021506637
13.3553306152
13.4754648835
13.7536885745
14.076070494
14.1140318176
14.432476358
14.4637887495
14.5026090654
68
