6.00649492284
6.01960346032
6.02960804962
6.05109712356
6.05726750048
6.07147392751
6.08041101539
6.09219176413
6.14449356815
6.16014547172
6.16675423018
6.17809635624
6.19368327828
6.21462365398
6.21582184451
6.2457034865
6.26736299199
6.30306531125
6.39495356355
6.39767341817
6.42370435462
6.44099921215
6.45292942181
6.47705279165
6.47838363206
6.49975702085
6.51951192542
6.53947457184
6.5969841035
6.61336235411
6.62831005107
6.66246164335
6.70576334122
6.72631018727
6.74433968809
6.76067592994
6.86665586992
6.89432503348
6.91357992184
6.92468239608
6.97806015131
7.06379934919
7.22419193609
7.27556564193
7.49458886441
7.52041546134
7.56235972303
7.60241055969
7.64713039877
7.672383799
7.71376860561
7.74369641442
7.77392066972
7.85743977733
7.90267707356
7.95740314891
8.2573668685
8.30818230909
8.43135115034
8.43745146758
8.48169294482
8.5635977865
8.59920085738
8.65300228123
8.99658289067
9.29044760204
9.39272415996
9.63866530136
9.73764362964
9.82883712479
9.86618656421
9.96015221598
10.0825023224
10.2309886059
10.3406416196
10.4448465414
10.5855449609
10.6324566856
10.7263208876
10.8482478974
10.9197528521
11.1292922397
11.2354809389
11.333657167
11.4998767729
11.7637578076
12.0191522171
12.0735940453
12.2893708497
12.7366154945
12.8867159381
13.0328749642
13.1230276465
13.2662213372
13.5459691493
13.7097655931
14.3568887222
14.8148952403
98
