6.00797004646
6.02608861178
6.09154278738
6.10563558626
6.13539310516
6.15058299142
6.15661582726
6.15949887173
6.19599591748
6.20790238604
6.22263488604
6.23225140356
6.25284132454
6.26892720687
6.38699899022
6.39924590886
6.41661134496
6.8308973904
6.85185467529
6.87696966018
6.89702748501
6.90932904304
6.92741765973
6.95229051573
6.98900183503
7.01421284106
7.06797747756
7.11405507115
7.1409107237
7.31992334915
7.34722174702
7.36713198159
7.395716216
7.52458199952
7.57416959148
7.63926514147
7.69663938192
7.72409870832
7.81774645633
7.86254270303
7.88622358739
7.91726856624
8.17775501377
8.22783578273
8.26079441237
8.32095066315
8.468392269
8.57591264687
8.64767051427
8.71934785257
8.77251893784
8.80989477816
8.84351700517
8.89984846405
8.95581012355
9.00763753736
9.08605283022
9.252494788
9.29524579217
9.3803529778
9.39346021055
9.49577032827
9.51151180607
9.53482257694
9.58403066505
9.65065153607
9.7912189886
9.8508841339
9.95226531001
9.98460653743
10.0197049247
10.0661614897
10.2463650701
10.388587017
11.3840476424
11.4364853361
11.6624609379
11.8105068477
12.1018417406
12.2834176759
12.6331827321
13.4654898594
13.6329694864
13.8375180779
13.886621786
14.0522202153
14.4204104051
14.5466570179
88
