6.01472543526
6.01874863855
6.04687330626
6.05699559378
6.06808324965
6.08810225449
6.09400662721
6.12297616776
6.14670373469
6.15444212596
6.17459562962
6.19401118537
6.20107816936
6.21953067835
6.22616754005
6.24037852491
6.2506761934
6.2568739555
6.26194338393
6.27334078319
6.28968322717
6.35107139174
6.37549474877
6.38534074111
6.38906543342
6.39356286925
6.41121054349
6.41496089964
6.44544756892
6.44944004936
6.47044066334
6.47479059926
6.51256343853
6.52404275074
6.56716862922
6.57681558752
6.61313658925
6.63364072124
6.644630114
6.68260675339
6.71963392556
6.74325934959
6.75358212778
6.77441595634
6.82441856331
6.86244207525
6.90226132703
6.92067463118
6.95848404056
6.96282470973
6.9799785355
7.04430457616
7.04670452604
7.06561557922
7.12900423565
7.16657950932
7.22087146817
7.24185249155
7.2485175889
7.25411581632
7.25886081295
7.27770630213
7.30531433122
7.35202303538
7.3807083497
7.40798748561
7.46545009804
7.47148384001
7.57699695384
7.64748537864
7.68861469147
7.7047630445
7.77533943695
7.80754465823
7.82702899126
7.83673523468
7.85583523796
7.9218594992
8.04715163118
8.19403398145
8.28309257634
8.3285172394
8.34448487448
8.43005119094
8.674409505
8.73828461384
8.78839799798
8.87573550597
8.97760401538
9.03257677907
9.15410439682
9.21578308523
9.36425712579
9.43925322882
9.49640897004
9.78028738292
9.82186405312
9.94276097201
10.2481307689
10.3501573121
10.4266380634
13.5428527889
14.0645835943
14.1290472046
14.3610268369
14.5969596416
106
