6.00483348949
6.01743070597
6.02866777702
6.03238942408
6.05605074479
6.06317280994
6.0739386486
6.08898177736
6.0945713856
6.35546576264
6.36024779042
6.3691072955
6.37655969625
6.38354183095
6.42583744544
6.44315569016
6.45325988871
6.48135981187
6.51697401912
6.52655926222
6.5417572491
6.5668548427
6.58067883336
6.63386686241
6.64260906371
6.69241658731
6.7239669469
6.75529378602
6.79553567057
6.80358617367
6.84453491519
6.85398948192
6.89574393954
6.92991489954
6.96572843318
7.00049224493
7.03411958723
7.27160821764
7.32093960652
7.34447374929
7.38639798382
7.44898304886
7.51823393493
7.55553966071
7.59924789215
7.62860697458
7.68336680162
7.70353649978
7.74819766764
7.780109467
7.80720703525
7.84627461421
7.90936264284
7.94340643976
7.97410519641
8.01234163124
8.01798032841
8.06259143732
8.07444497158
8.10836487095
8.17904436658
8.28261454834
8.39554371223
8.47284448312
8.51285639358
8.57137725096
8.63630011744
8.64199691074
8.73226689733
8.85079506728
9.11014414218
9.2743271301
9.38841942978
9.45491645174
9.46110482446
9.65156277496
9.6653677552
9.67453624527
9.72754943821
9.79640823722
9.8397958191
9.88091241066
9.95433905257
10.1021399274
10.1617278781
10.1862540455
10.2393006026
10.3734382205
10.4272463572
10.5593207762
10.5957859907
10.6653366462
10.8651037703
11.0705245591
11.1766149499
11.4285072651
11.8078724811
11.9297602762
12.277080753
13.5106601755
14.3643720813
14.4992021392
14.601644322
103
