6.12406421541
6.15073510263
6.16994066137
6.18648793783
6.18759186713
6.35033491124
6.3704969591
6.37398031921
6.37550208995
6.39050925474
6.4175640602
6.42122082317
6.44323682121
6.45186079459
6.46757707808
6.48557502863
6.50376952442
6.52087619641
6.59963916146
6.60286288731
6.62858119139
6.65886110317
6.78333022031
6.7853826066
6.80159164186
6.85539816026
6.89753550239
7.43423208372
7.46375692548
7.47218856494
7.91537382785
7.99078104233
7.99456172183
8.00648378527
8.04824076483
8.07963244738
8.42047688168
8.56968125745
8.66683534271
15.7984221567
40
