6.0046930283
6.05683398718
6.08142712311
6.08545419146
6.09472049668
6.11433934311
6.1161262564
6.12317327187
6.16937049637
6.18572031284
6.19561146989
6.2024118758
6.21698232024
6.22033176692
6.25908140589
6.28602382726
6.29800339984
6.30896634134
6.32875080164
6.33439834993
6.36232516885
6.37852425597
6.40145513422
6.41316146895
6.52197159652
6.5446120718
6.55995980838
6.6579646894
6.66927547348
6.68884325682
6.7023926428
6.75388589232
6.81471245199
6.97568157044
7.00269221918
7.0196071316
7.05679676043
7.1139605061
7.26473993059
7.28339761815
7.33510973198
7.33920104153
7.40083405725
7.4466130029
7.71415393596
7.82615566249
7.90863219701
7.92985513495
7.96190621222
8.00650765252
8.02268371135
8.02895863817
8.05274273333
8.17213796894
8.25137440193
8.39599453964
8.45547909587
8.48172886855
8.53410614167
8.62765981117
8.65950135349
8.66897541338
8.77546995066
8.94568432405
9.04032110105
9.15885991483
9.21882694082
9.24107609434
9.34424088465
9.44438275207
9.45905053015
9.59906174981
9.65844876532
9.95048044856
10.0276781779
10.0907620416
10.1792105464
10.7593982052
10.9190649931
11.1500611097
11.2413535369
11.4443923139
11.5589580528
11.6721239688
11.8125645965
11.8263236731
11.8782932649
11.9866311706
12.246839619
12.4602367795
13.2164688885
13.3510001961
13.3693580701
13.4338265325
13.5422789451
14.445096944
15.8864633466
97
