6.01317767773
6.0267944991
6.03620812371
6.04051475686
6.05008801741
6.05328084814
6.14372746072
6.14603039846
6.16510745401
6.20658004672
6.22206210517
6.22984370808
6.25584315553
6.2623736679
6.30598062162
6.31208202212
6.32428051315
6.3462635556
6.37109033267
6.39166599533
6.3986024873
6.42251190464
6.44635128218
6.53074925791
6.72672050433
6.75436496266
6.75695362239
6.80378810929
6.81577592379
6.87411592518
6.89546489715
6.90552050942
6.91034548145
6.92552288812
6.92996582737
6.94260544383
6.96507481481
6.98318760043
7.84276915001
7.91739811838
8.3214412321
8.35639752599
8.36713366915
8.44773866234
8.54886020825
8.64771093894
33.1390546752
47
