6.0385117021
6.0411255133
6.0422206876
6.07209434084
6.0842096792
6.09025300145
6.0989080378
6.10002985714
6.10611175973
6.1188404089
6.12660456388
6.13105973101
6.16064657413
6.16450585376
6.17979880837
6.18574290394
6.19770957226
6.22766026806
6.35219906373
6.36029971239
6.38559704676
6.39576264364
6.41596511756
6.43059274895
6.45206748154
6.49036154166
6.50251347642
6.5282324589
6.56140132109
6.58253585456
6.59769172566
6.62417750539
6.64084887563
6.67476455457
6.67911081674
6.71417500323
6.76580958818
6.78659285408
6.84171197746
6.93500622261
6.97256738233
6.99922274543
7.02571261561
7.08710151879
7.09541614609
7.13624498301
7.16135341886
7.17656917041
7.21380973612
7.25939437061
7.32822337785
7.4143108775
7.80805913121
7.85163421209
7.91065202436
8.07793663184
8.09664461828
8.13521503579
8.21868370966
8.22395273967
8.25372655473
8.31626964637
8.33258879382
8.46168775802
8.52351372022
8.55717470756
8.64476657494
8.76274597299
8.83854191812
8.8434979651
8.94484117437
9.05499525693
9.17735471644
9.31387797952
9.50093223272
9.56671374956
9.70338708203
9.76026104793
9.83474161418
9.95690872618
10.2511963182
10.3826919952
10.5243407023
10.6880169395
10.7539253202
10.8271745782
11.0130141863
11.0372298769
11.2558328271
11.4013607377
11.4772426116
11.5621795206
11.6771314531
11.7129992065
11.9181822753
12.0783892784
12.2375811726
12.4499594236
12.6067826658
12.775059501
13.0193161831
13.4132705176
13.4996615523
13.6334179968
13.8386117739
14.2022903348
14.5291767394
107
