6.00649239986
6.01468062989
6.02109673716
6.02316358387
6.03128629877
6.12264918862
6.14085022647
6.15551209103
6.16165176103
6.17974935886
6.19337068266
6.20550145588
6.20682970288
6.22773675668
6.24631693697
6.26324407822
6.26448564744
6.27364347358
6.29514480664
6.33107804258
6.33294932955
6.34452396127
6.35737459928
6.3620495906
6.37423667048
6.37571614488
6.44163290795
6.47235087794
6.47786911307
6.49062494603
6.49250631936
6.51195842189
6.55065050104
6.55205951654
6.57473195882
6.58186385616
6.58910192317
6.61814937953
6.69937878575
6.72473223396
6.74424553821
6.78149107736
6.78491927995
6.82912771711
6.85856190502
6.8964324425
6.91408913418
7.02925900327
7.077083264
7.12347866846
7.13518260216
7.16316974464
7.22659062667
7.27684596307
7.29381183949
7.32605102971
8.75991844869
8.86902851576
8.98307932073
9.08789880131
9.10513648519
9.12341012751
9.13562560095
9.20312142691
9.22856903519
9.23450095743
9.29111168473
9.32824473868
9.52532405238
9.82053612271
10.6004423745
10.6286253787
10.6744831656
10.7623065702
10.8112776328
10.9196991328
11.0618766476
11.1513945263
11.2289946812
11.4464980143
11.7621379761
11.8943300585
12.0193098146
12.0298277221
12.0626746887
12.4421611965
12.7516570875
13.0138434908
13.1057800297
13.5083925548
13.7623231142
13.9559175571
14.491868449
14.727389751
94
