6.00380413771
6.0141396996
6.0340119647
6.04447473159
6.0582231271
6.05905543821
6.07359534954
6.07700001799
6.3468776826
6.38735506376
6.39605852428
6.40127868841
6.41284360725
6.44533442767
6.45540429208
6.45995205565
6.59181551808
6.60069035108
6.64262899452
6.65684325971
6.68354644569
6.70531413667
6.73038922471
6.76796784065
6.79534837281
6.80427378483
6.82355363601
6.85463328011
6.8605773206
6.87429199369
6.89577049801
6.91242294493
6.9840980895
7.01941930652
7.03271551288
7.05844115916
7.07873281774
7.10187130352
7.12082352776
7.12441602848
7.1576264511
7.3285731269
7.351351636
7.42292012676
7.43600827589
7.48721467836
7.53726847495
7.55175499117
7.60152220451
7.69512905504
7.75157617701
8.04924060647
8.09997566632
8.16754523597
8.29235838807
8.39230060388
8.46639430175
8.52956129062
8.56466048342
8.75862221092
8.853928098
8.87817051562
9.06295724487
9.08507483205
9.26237655864
9.37206942203
9.44710486194
9.59125901396
9.81497119366
9.82360141466
9.84958887043
9.857954933
9.97295090215
10.0253322719
10.1899281557
10.1998618828
10.3093507485
10.5004343707
10.5336739902
10.5469865985
10.7010231245
10.9393583122
11.0867601897
11.1775520919
11.3472523338
11.5254118187
11.8622568302
11.9367712847
12.3266115691
12.47326594
14.2886549139
14.41174581
14.58552611
93
