6.00540801013
6.00776418197
6.01561143869
6.01892201116
6.0204185485
6.02570772166
6.05723429132
6.11798039998
6.16431482825
6.16714023365
6.17796501534
7.29986097203
7.52232895422
7.60177522951
7.7083377687
7.82496324493
7.84838458253
7.90484665497
7.97076602102
8.01658205917
8.05023115764
8.17336338404
8.1950309446
8.25235078543
8.72774124521
8.77852800199
8.88325040391
8.94835522994
9.02271339051
9.07556070329
9.0864096916
9.21019978442
9.32178346525
9.49305962526
9.69801596309
9.7634299158
10.0230503334
10.2152273126
10.3206736985
10.4070387143
10.5131850019
10.6285532957
10.747049623
10.9164760296
11.1207482197
11.1776145042
11.226008484
11.3867413857
11.6375241299
11.8572867713
11.8801856678
11.9739602886
12.2444655906
12.6121190715
12.68393304
17.8021309568
56
