6.00355955206
6.01838817484
6.15753450933
6.15886694521
6.16408200281
6.16832383445
6.20085762676
6.24360923085
6.25595689273
6.26862385779
6.28400394334
6.29696779696
6.30568939742
6.31473402682
6.32209526111
6.3304336606
6.35329341458
6.36888088146
6.37805217176
6.4276919662
6.4560672534
6.4583399625
6.45975724507
6.47139547209
6.48365187997
6.50627147771
6.51310330462
6.52833608793
6.59683392586
6.63112240392
6.74280296306
6.76071128705
6.78622907231
6.85399793653
6.88982542948
6.8940078175
6.9199421322
6.93211026091
6.97048991731
7.04468046591
7.09598621864
7.10087866254
7.13518305356
7.1843557763
7.19634132912
7.21698300348
7.23637676889
7.25551571104
7.30299930674
7.33750705314
7.39302115824
7.4272919675
7.48203176445
7.52413253407
7.62930331297
7.67892836195
7.68610480236
7.7343846065
7.80791353459
7.8396252864
7.84830208316
7.92133622561
8.00182569387
8.06315900954
8.12871206389
8.1988273077
8.23116428359
8.31093090972
8.39864437328
8.40772999588
8.50231889673
8.59713724156
8.67113679023
8.77856566002
8.82423359479
8.94214271398
9.13125718245
9.1441403081
9.17936952529
9.18967507085
9.24892758798
9.30262416888
9.35317116306
9.42114061948
9.53334038379
9.55925501172
9.71481869722
9.81270764307
9.87813368334
10.0033293363
10.1304926272
10.3213891928
10.5076045889
10.6777615611
10.7037404077
10.7817313071
10.843430742
10.9877055504
11.0910028546
11.219373244
11.3852328791
11.5369417951
11.7235126502
12.0684301369
12.2514054284
12.4789634213
12.6511970006
12.9851911565
13.2101628948
13.3205119645
14.0083397094
14.0766324069
14.0959210746
14.2641744394
14.6726346569
115
