6.01470054154
6.01722223205
6.0190617222
6.02586071962
6.02997059961
6.04496392468
6.0619271071
6.08021209541
6.08128434578
6.08970453506
6.09953656352
6.107753118
6.11348546507
6.12446137605
6.12650821713
6.12941047133
6.14067738725
6.16319662327
6.1778659843
6.45234606421
6.48638513411
6.50236830584
6.51203339584
6.54356603042
6.58737139323
6.62710216126
6.65646072058
6.675669556
6.716173005
6.73356071022
7.10956004033
7.12172032383
7.16418280095
7.27422199364
7.29888825336
7.35794665491
7.38644880786
7.42832800602
7.46098128238
7.50082233929
7.56975338896
7.65354436544
7.86475928578
7.93633257995
7.93998260466
7.9881317069
8.08121613055
8.08561539107
8.13344869049
8.19184502805
8.34161623538
8.42443769731
8.45293900296
8.54030426266
8.62955799983
8.811571553
8.89443129023
8.93547747599
9.14778684796
9.3834685196
9.46812708238
9.50885419117
9.55753558801
9.63485087934
9.76918258438
9.91775104699
10.1706362424
10.2634296325
10.3749464989
10.401943384
10.5374298486
10.6635261005
10.7581483921
10.8082716009
10.8830118584
10.959850262
10.9912448869
11.1604353699
11.2084339377
12.2680877538
12.5536763352
12.7195866999
12.7842173361
12.9161680687
12.9993649806
13.4458170094
13.7766055369
13.9020939886
14.1971012876
14.3608475141
14.6474176372
91
