6.00770611657
6.02409721783
6.02975776788
6.04056709785
6.05056441724
6.06324395834
6.07111570928
6.08100604692
6.08841722025
6.10918177059
6.15209780956
6.16675861787
6.17777814559
6.19830073457
6.19955731387
6.21582864303
6.22634345675
6.23334028972
6.24243281991
6.27094043584
6.27222670109
6.27590423615
6.30468223077
6.36109142061
6.37515681867
6.38246681341
6.42438935169
6.42785908441
6.4331970192
6.43822806674
6.44428049103
6.44659754235
6.45705846148
6.4768694445
6.48381473355
6.49828668731
6.59378848735
6.60222680969
6.61872677575
6.64880447263
6.6606727993
6.67784835819
6.69340756301
6.71940011229
6.73890134724
6.78859496184
6.87561027145
6.90431173853
6.93779622025
6.97277302459
7.03532621508
7.05262386633
7.08764356366
7.11594857173
7.1312572861
7.15746447652
7.26602525181
7.28473309892
7.66652336569
7.99655953347
8.03166891457
8.11566152747
8.13341657117
8.22838103097
8.23489019601
8.29272541649
8.30006616311
8.33963417064
8.40029669769
8.42445809251
8.45506027838
8.51093400084
8.55115511587
8.70912121083
8.89153129068
9.00710620099
9.14888704303
9.84148875264
10.0208734404
10.0772090799
10.8036634941
10.8825747827
10.9467315049
11.0401115348
11.1642501809
11.2269809202
11.4535430387
11.5811996833
11.6936894836
11.7414064718
12.210570719
12.4901710817
12.5921386668
13.0103414484
13.2431842347
13.2695274166
13.4016143947
13.5236547011
13.8628663711
14.0608375116
14.3275508115
14.4339757413
15.1998969443
103
