6.00411620821
6.03017131861
6.03834690739
6.04891568106
6.05022342874
6.05218378229
6.06792936517
6.07921359218
6.08273140908
6.08472728984
6.08813721096
6.11638932076
6.12587603942
6.14241445738
6.14957440536
6.15418420746
6.16735272221
6.18689010389
6.22909690947
6.2307451539
6.24926637745
6.28273378405
6.39709340995
6.40865076709
6.44778897769
6.45884096857
6.47660866533
6.48672966591
6.54131658524
6.56838057995
6.58381440069
6.6063567855
6.61778560489
6.62770546956
7.02953812101
7.04000029995
7.15039300531
7.19820598012
7.24436143945
7.28870722054
7.31685475081
7.32125156635
7.32693946744
7.43531889666
7.46486023011
7.61425701061
7.70023683389
7.73339702902
7.7991555127
7.87126543752
7.97697856649
7.981945351
8.0104441262
8.03156590693
8.11576233612
8.13108979848
10.6492222589
11.1083681033
11.1822895155
11.3539583369
11.371830579
11.6312816692
11.8390340502
11.9508322707
12.7092491265
12.9014858498
13.2204114391
13.5249519481
13.5895605221
13.9777094503
14.2526390729
14.4400753537
14.8589945502
73
