6.00758475712
6.00838502255
6.03035129054
6.05083964446
6.05717868028
6.06658984248
6.08483008797
6.0929177578
6.0992908288
6.11104847673
6.11350606941
6.12909870781
6.13987973656
6.15691170565
6.16855365664
6.20116719657
6.22625737229
6.24711967704
6.27389591243
6.28094151244
6.31839876784
6.3247929333
6.33666972263
6.35890436815
6.3686401897
6.40197126031
6.41173508745
6.41824374452
6.43892290837
6.46669245847
6.88982703267
6.92421642184
6.96868590312
6.97597104552
6.99258461189
7.01481767787
7.07529437758
7.09412033009
7.15489385217
7.21298476581
7.28519998987
7.28819851997
7.3193339628
7.38416195314
7.5060877672
7.51049664337
7.52896165959
7.56203560935
7.62161467147
7.65471679029
7.66772092245
7.70217733566
7.74023953433
7.76976887078
7.81330881031
7.85785380654
7.86388659997
7.9001946902
7.90471613541
7.98469728861
8.03271483796
8.06515472277
8.11714045661
8.21556294337
8.25709467194
8.3797344532
8.41111014
8.43165318237
8.52276760058
8.58995670684
8.6778833472
8.74570712831
8.79629537945
8.85027456339
8.93619800402
8.94253787246
8.99938865684
9.05033666638
9.23817909545
9.30009636786
9.33654750725
9.34667118269
9.39328229875
9.4023194435
9.47740806451
9.68247147268
9.74341702529
12.2770631448
12.3500457781
12.5908935924
12.6654524937
12.916250983
13.0909849771
13.3775018477
13.5016517104
13.7077505073
14.9452049577
97
