6.01067492179
6.0143248335
6.06078795996
6.0703705079
6.07262667934
6.07875283151
6.12024648839
6.13408785739
6.27831225348
6.28838143871
6.30339171167
6.32640013443
6.32879656814
6.33733747763
6.35507136844
6.36276491521
6.3697976673
6.37109579517
6.40051421523
6.41828823922
6.53607453772
6.54801889942
6.5519400803
6.56954579502
6.60214619775
6.60976377788
6.61145642939
6.61391866801
6.63120426783
6.64772006573
6.66617805794
6.69017925302
6.70235177709
6.72977391709
6.74276416009
6.76325074079
6.8613894979
7.16316318244
7.18674915504
7.25284187993
7.25760703032
7.35932808886
7.44573503306
7.51835818455
7.563577972
7.607312697
7.64124006014
7.70847471941
7.71505713642
7.78420963469
7.8550709306
7.96874865856
7.97560624535
8.27068854903
8.36130423456
8.45683437689
8.54070525077
8.54729228492
8.55840815241
8.66780691332
8.70590811258
8.75584328853
8.8231875629
8.86031977246
8.97380132218
9.06777159712
9.15601642028
9.1857446303
9.3271056484
9.37166795767
9.44010303741
9.55082668121
9.576222835
9.64927039326
9.66523857189
9.70713320276
9.71871639641
9.83422911494
10.0217848862
10.1472552127
10.5374306785
10.5929866138
10.7466271265
10.8456974779
10.9789921723
11.034524876
11.4499453323
11.6098804549
11.6273305212
11.8690286607
11.8835801426
12.0425366843
12.1801468979
12.2324987712
12.3945434793
12.4136200951
14.6211925888
97
