6.01529635325
6.03347636677
6.19915543293
6.23053841487
6.25884584516
6.26684821236
6.28103701497
6.30044589943
6.31878251227
6.37636612698
6.39286820137
6.39865240512
6.41233549947
6.43518627493
6.50592494939
6.53062473253
6.56266534256
6.57233211597
6.59436948334
6.64204095117
6.66077751288
6.69060904626
6.73185400187
6.75202768836
6.88757797905
6.90443029725
6.93975711197
6.94287141947
6.95330107505
6.97709468745
6.99548288812
7.02448393886
7.04015452738
7.07775745747
7.10656214467
7.14631992657
7.1962348125
7.22099600611
7.245526223
7.25370330623
7.28593798631
7.35974024319
7.40957476278
7.43658942744
7.53430652532
7.6184162987
7.65306433942
7.74474839166
7.81860175003
7.82928738668
7.89219632638
7.93289997338
7.97525114398
8.01485161812
8.08005603309
8.22159883116
8.25488338789
8.28655628926
8.36737880903
8.42099351071
8.48425561833
8.51544166654
8.53627883966
8.65537262665
8.75510849935
8.83360502021
9.14299449888
9.21914047621
9.23416332959
9.30360653561
9.41202916914
9.46888189463
9.53626902144
9.61280934678
9.76555653648
9.8010314549
9.80812631605
9.84828298714
9.94855963839
10.1057794149
10.1638816091
10.238376054
10.3334733708
10.5802483908
10.6708029523
10.7752838589
10.7834473214
10.8358042889
11.0268673708
11.0646790325
11.1276376876
11.2929533835
11.4426399415
11.6137773349
11.6910337492
11.7199084653
11.7917424221
11.8910402272
12.0324857133
12.4356521379
13.2132668548
14.5284885886
102
