6.03149277806
6.08370390203
6.10255408799
6.10694787255
6.13748383283
6.14051692411
6.15330626421
6.16430855544
6.18712294033
6.20745181995
6.21111522247
6.2364123869
6.25318723296
6.26353690781
6.27521437975
6.30715899992
6.31846149472
6.3351842829
6.35453274455
6.37880712886
6.39082916894
6.55238941258
6.55476003805
6.57557484253
6.61112081207
6.61693367978
6.68085267757
6.69486061724
6.71552378932
6.72869451011
6.74087825289
6.74352871656
6.75939093201
6.81145314898
6.85347920874
6.85841719077
6.8889760346
7.09601782534
7.10273798548
7.10558229916
7.14650625161
7.14937355442
7.25282090587
7.30385188813
7.42464241662
7.464151293
7.49266050866
7.63578354072
7.80099788592
7.80587955258
7.88503286119
7.92925249567
7.99278677427
8.02491334419
8.06987857223
8.08128894452
8.13530980411
8.3029715302
8.34073592454
8.35043024101
8.38576444031
8.40128623613
8.48907202001
8.75852865313
8.80040287051
8.81735528066
8.85377169344
8.90504421123
8.99840460375
9.0305020653
9.16836809543
9.28111082145
9.41798357972
9.58060807894
9.64022165544
9.75781413406
9.79330139117
9.80632637163
9.82210498098
9.83829442693
9.94112928132
9.95847577645
10.0744338953
10.2300074706
10.3491888963
10.4939926152
10.5500396478
10.6903960513
10.8154307511
10.9859546484
11.1070183667
11.3362753709
11.4478484976
11.5719412205
11.7709627548
11.8632199771
12.2931622072
12.4568037722
12.5166066853
12.6761940691
12.7279323366
12.7480614693
12.7684018165
12.9826664918
13.2321157504
13.5096050923
13.6895810712
13.9429851418
14.3429022507
14.7849422517
110
