6.01496212239
6.02270856498
6.03923101222
6.04401256737
6.05273821719
6.07938622933
6.08038814277
6.10239248788
6.11361447316
6.13386644433
6.15287984703
6.17552262809
6.24504527399
6.26036803703
6.27402819234
6.29758558859
6.31216141655
6.35601046693
6.378146669
6.41527111801
6.41723855529
6.4353399469
6.45552195251
6.48244343846
6.48849942152
6.5041478272
6.51705284889
6.54691385047
6.578587109
6.59764461164
6.61821094471
6.63643067475
6.65637771392
6.67576714724
6.68587344818
6.74874185453
6.7847272516
6.7868782028
6.80832849189
6.82982284094
6.85518705493
6.89872976186
6.91783078905
6.94845178924
7.01039483456
7.02945415307
7.06199105632
7.10517265298
7.13941549251
7.15278971239
7.19123577199
7.23789223228
7.26680180163
7.29666970329
7.33322099365
7.40908602574
7.49501482679
7.55908695272
7.59828715973
7.6342824398
7.67045385862
7.71039301944
8.96529981331
9.08057396366
9.21379149766
9.28616082385
9.29422994456
9.40534064
9.55156964187
9.6837224868
9.69369196844
9.78262635991
9.80963575638
9.92426595334
10.0540346199
10.1391885807
10.1853475171
10.1918717589
10.2195455822
10.4542541017
10.6521611554
10.786172548
10.9314894242
10.9932604836
11.0592161132
11.1912981548
11.9310597158
12.3208604587
14.3898113115
15.1719953838
90
