6.02559803916
6.02685106247
6.03013205074
6.03885774248
6.0480536859
6.0516649238
6.06266724773
6.07947582577
6.10011450947
6.10597655825
6.12894886465
6.14519961839
6.16726269131
6.18195333015
6.18958633007
6.21063443518
6.21371716044
6.23552333867
6.24494800467
6.27085461848
6.27534984493
6.28161880224
6.3070853533
6.34303906068
6.36400197648
6.37151517361
6.38754397868
6.41448545218
6.43213902761
6.43831561261
6.46226252565
6.47253176547
6.50626319173
6.51265610877
6.55767649863
6.59427372357
6.61689510398
6.64618285804
6.68450828771
6.70064360444
6.71137854429
6.72097792602
6.73819469125
6.75181494577
6.76863213876
6.79059211263
6.81820401577
6.85195782777
6.89030659421
6.91463605693
6.94802763544
6.96272216626
6.99561093656
7.02476766486
7.08154789093
7.10565851943
7.18298252064
7.20494605025
7.46339518275
7.95751344672
8.05070001555
8.19434797681
8.58063022523
8.58495852696
8.63698819587
8.68582605055
8.80265393781
8.86389412573
9.04375915383
9.16384701541
9.2203609236
9.27783119447
9.36989093908
9.4009815045
9.44874396741
9.45568414853
9.5135329781
9.60411407597
9.80440283396
10.0298016574
10.087307075
10.1561901385
10.2143369121
10.3339381415
10.4894043339
10.5019600129
10.6371209167
10.6456384782
10.7582498589
11.0070991235
11.041699796
12.8126265398
12.9126212082
13.0368097025
13.0520892472
13.3495974844
13.5106798066
13.6296219686
13.8718457582
14.8055368219
100
