6.01303770296
6.03430223835
6.0364894016
6.04300900481
6.07447491084
6.08152825367
6.13816474971
6.14790957355
6.23845340046
6.25581988562
6.26622293611
6.28625524794
6.3053282886
6.32163307926
6.335194434
6.35172761206
6.3782365388
6.39136737989
7.30315361425
7.32800978932
7.35183650494
7.37595265777
7.41672183046
7.48435676538
7.51219659525
7.53649135787
7.56510641115
7.61199875361
7.64400934326
7.6711098248
7.74493403566
7.80173566513
7.83713147214
7.85783541578
7.92429877208
8.13172539233
8.28344033071
8.38416692415
8.51230251855
8.53149382649
8.60346702919
8.69720568718
8.7242041452
8.86816699264
9.0339484903
9.12329527933
9.23914279109
9.27339967659
9.64988390238
9.77963033378
9.87810434407
9.89582811708
10.3919812375
10.4708866868
10.6792046388
10.7803750803
10.9768471614
12.7066604687
13.0245256102
13.1627759566
13.3556730014
13.6585194268
15.4855430483
63
