6.00139106797
6.00592410238
6.02716513646
6.03505182454
6.04096719789
6.06158400586
6.07114960034
6.08732612135
6.09200670424
6.11416271626
6.14344948521
6.16790791609
6.46301241871
6.48438197132
6.4928587514
6.51583388147
6.57946812893
6.59337343699
6.60198213995
6.62035065867
6.63789151468
6.64330193525
6.6599887477
6.67698073263
6.70115327978
6.72355023281
6.73010460736
6.74530978415
6.78205718147
6.79930049881
6.81612803927
6.85275648685
6.89424134038
6.92284632421
6.95190687596
6.95579980678
6.95921297238
7.02131227861
7.02535250102
7.08096442459
7.13491219736
7.16735575123
7.17307665109
7.22371834861
7.38454562277
7.40087778687
7.46208878303
7.4905230036
7.50547244562
7.5410483175
7.59961004264
7.67465638832
7.71150298608
7.73420259041
18.53582156
55
