6.00718219687
6.02562053853
6.0372870007
6.05673452124
6.29005308611
6.2919265732
6.35223689753
6.36416396276
6.37388749732
6.39398594987
6.40357231732
6.41365294469
6.50158459074
6.51927994279
6.54275178458
6.5511034435
6.58030526893
6.5957647727
6.64761763042
6.65154437613
6.77843149696
6.78750698545
6.8166470801
6.8462501361
6.91569270101
6.93873194428
6.94982826446
6.96309395427
7.07813050162
7.1182074613
7.18417075972
7.25784439828
7.30558391412
7.371049404
7.37597441883
7.44680497189
7.48504620854
7.51520275979
7.55235121799
7.56824129786
7.59339688078
7.63241062923
7.67640554022
7.74097276522
7.81837637203
7.87533874094
7.92267578739
7.93615732554
7.97961768354
8.02236345933
9.57689014859
9.69661567617
9.75153615481
9.82172147277
9.89467463497
10.0718292165
10.1361249347
10.1458088294
10.2675322878
10.374125441
10.511168241
10.6631974523
10.8363054703
11.004573
11.1579813152
11.2884892129
11.365763935
11.4267412859
11.5053835728
11.5410513074
11.6156720528
11.7023691263
12.0719896744
12.2138205566
12.4230405726
12.7262734868
12.8954315834
28.0857523289
78
