6.00327216027
6.01122135807
6.01218578941
6.02373622757
6.02714694938
6.04138412415
6.05541793798
6.06487371171
6.06894662069
6.07796233612
6.07871919572
6.08803794508
6.10117922261
6.12107207522
6.12220723143
6.1275954391
6.15326141877
6.17196456701
6.20798188239
6.24737545037
6.26935678884
6.28388813074
6.28895484875
6.29403191682
6.29852196895
6.31759795674
6.35420512233
6.36057189769
6.36828957447
6.36972734198
6.38365076405
6.40356425566
6.4224220108
6.43532500935
6.464278521
6.6204801013
6.64729898154
6.67034482915
6.70904815333
6.72536684972
6.77599271851
7.04024689806
7.12518350425
7.13974888879
7.19433166191
7.27138203518
7.27919965984
7.34180417356
7.39083025349
7.5809473301
7.61171131462
7.65189166724
7.67324236895
7.73600292217
7.74395024706
7.77851050861
7.8429286548
7.96522744788
8.01086101017
8.10650592239
8.13701065253
8.16862698111
8.27473344082
8.31834279767
8.42249126831
8.45219068212
8.54448301187
8.63040269601
8.7388429935
9.03925173699
9.15663430853
9.18858559457
9.22376419103
9.898950899
10.2624462298
13.229899482
13.6496523463
13.7090085154
14.0842990025
14.2011307583
14.8340481414
81
