6.00306261888
6.01584425504
6.03337151691
6.12211805013
6.13683523165
6.1505869597
6.18818971841
6.20907421203
6.23064973853
6.24540240773
6.28590147624
6.29730046087
6.30015292575
6.30192059816
6.30721110628
6.32586604401
6.34257119626
6.36353965779
6.39708934523
6.41999912038
6.4815905907
6.48869621379
6.51394926333
6.52639870143
6.55167614493
6.56267119206
6.56429620923
6.56698716092
6.57997804835
6.63889691021
6.64757839375
6.65223402664
6.68549494942
6.69430538954
6.71874928211
6.73090009293
6.75230636298
6.80242405029
6.84719684704
6.86887923686
6.91963536494
7.01434628721
7.09299155525
7.13681637614
7.15090965764
7.19164625242
7.21203821043
7.26672535211
7.29034083966
7.31874872859
7.34149400021
7.38026213853
7.73320757073
7.75669905466
7.77764131926
7.90012304756
7.99295523657
9.44801740576
9.58395416624
9.70683389167
9.76398052379
9.84529783404
10.0175312558
10.6043173255
10.6656558786
10.676631872
10.7139703083
10.7439403831
10.8323680339
11.0517976102
11.3421974301
11.4424359803
11.6426309514
12.7998735407
12.8548193389
13.0222816976
13.2286064981
13.53326524
13.5576124504
14.3605106973
15.0789129526
81
