6.03139372886
6.03353634279
6.04884257682
6.05387628646
6.06941195674
6.08012600473
6.09857686844
6.10301724318
6.10809087996
6.11186818639
6.1170175049
6.14163538087
6.1629211251
6.18328202293
6.1882847381
6.20147580026
6.22577930034
6.24024679119
6.25911950352
6.28289519664
6.28810766631
6.29948524713
6.31459418837
6.31643413477
6.33522424142
6.34848831438
6.36521608403
6.37329183957
6.39031742627
6.39389529395
6.42420543319
6.4541786082
6.49448813914
6.50672130639
6.59596362045
6.62054129608
6.62295154258
6.6388044164
6.65094066932
6.66256931229
6.69497092307
6.69907725649
6.73547025892
6.75970489384
6.81498367668
6.82139223985
6.86231850868
6.91805951104
6.98810756971
7.01523365802
7.03182244166
7.0665991038
7.1206267223
7.15399023688
7.16117674575
7.19681466133
7.30115257295
7.32558101256
7.34375339842
7.52485017332
7.57449643104
7.5961665985
7.70520716331
7.77291193728
7.88949495852
7.93837767146
7.9974667017
8.01102114543
8.02151596464
8.04342942983
8.18678966833
8.20312495798
8.21177179576
8.30016027484
8.36920559649
8.43480856139
8.52781378658
8.67451623332
8.75242790598
8.83223467614
8.97528938697
9.00734728847
9.14993266552
10.1557181254
10.2832661219
10.4272118108
10.5298682161
10.5437782592
10.5559590908
11.0967022861
11.181058303
11.3143719962
11.3948112992
12.8631566245
12.9241936732
13.0393093526
13.1896488623
14.2626253751
14.5640749512
99
