6.0054651563
6.01421089193
6.03342808893
6.03503744003
6.04154815963
6.05360936086
6.06476372022
6.06580551038
6.07686163263
6.08917126347
6.09016504039
6.09158147812
6.09465162
6.0987750197
6.11497718908
6.11592872137
6.12033219716
6.13536355857
6.14447170388
6.16367887442
6.16854700878
6.17569820471
6.17703505776
6.18546765558
6.20005792388
6.20824611643
6.22600824979
6.3045696881
6.34872089575
6.36470128713
6.40426849766
6.42790246157
6.42928910401
6.44258652011
6.46159756656
6.47282184884
6.48832456857
6.49874653839
6.52943074472
6.56619830001
6.58050129523
6.59182643808
6.60901671062
6.61940810877
6.65122281331
6.69429595497
6.71769920745
6.74322820263
6.78411664941
6.80689789573
6.81266059589
6.84268292978
6.84763735647
6.86206373128
6.88460857974
7.01971174039
7.030612697
7.04483763152
7.07715171273
7.11561742975
7.17294591111
7.21963462301
7.23655807209
7.24733757845
7.28554006008
7.34521911463
7.38850569021
7.46814227976
7.47390140907
8.58659301195
8.59899068615
8.65999994874
8.69583995678
8.73254819
8.89799049925
8.98741232354
9.04298056599
9.09448909978
9.12110900235
9.25989301164
9.30841902284
9.48695327664
9.68537739323
9.76861122678
9.9003149561
9.91876469177
10.0188881395
10.0664232405
10.1792537462
10.302935385
10.6801307059
10.8047897904
11.2948013633
11.8367653352
11.9466979578
12.0334460804
12.1690147597
12.3140613858
12.4372366053
12.6804081706
12.9897297558
13.1133561631
13.2481154904
13.6364157878
13.8778603073
14.0351606351
14.1868357586
14.4689600722
14.6536041875
109
