6.0603150711
6.06563074589
6.07488883912
6.08480474107
6.1027350066
6.40993425607
6.42169492164
6.43043849619
6.44904332974
6.45722368285
6.48089892693
6.5077178859
6.51910038591
6.53220913165
6.57453193616
6.58150912303
6.62585961313
6.64163638496
6.65815378913
6.66196194752
6.70426101517
6.71703412339
6.78039107143
6.79710876117
6.81110025306
6.82990774202
6.85447326239
6.98567454956
7.03690982235
7.04898292295
7.11109079531
7.12560243263
7.13263684598
7.15871907029
7.19731070187
7.2243543184
7.32321805925
7.39052586502
7.41666428672
7.43052695081
7.48457867865
7.57964120395
7.60944594914
7.64053555939
7.66120400958
7.67757046451
7.70093880322
7.70833324602
7.78727767275
7.96814845575
8.02709470402
8.16863705216
8.25427026925
8.31698434959
8.62950753488
8.71816469229
8.77647702363
8.8517072812
8.95417343278
9.10244814114
9.18767999049
9.36455697197
9.38088987614
9.50251446817
9.56480038749
9.57646850515
9.63794459433
9.77243409432
9.82028059729
9.97665353595
10.0374269102
10.2217381783
10.4427771612
10.5085067376
10.6710473535
10.706192545
10.8700513979
11.0976803642
11.1079224205
12.4950050618
12.7576519953
12.7963022795
12.9846138245
13.1546863412
13.8736838649
15.5620744275
86
