6.00811263096
6.01680838165
6.03231524259
6.04961116149
6.05519485765
6.07676045967
6.09045385621
6.11899110039
6.13047483637
6.1367328917
6.14214842593
6.16038386041
6.166498503
6.19939431435
6.21741343089
6.22646596171
6.2546267472
6.26942302934
6.27403277387
6.31749853455
6.32793248942
6.3391546888
6.36561255147
6.36854929271
6.41102100413
6.43286642943
6.45675690094
6.47658643227
6.48993618412
6.50498905663
6.52597186532
6.54036320556
6.56387730272
6.57232687785
6.59783123025
6.61256078968
6.62422201827
6.63891400345
6.64322319256
6.67834094256
6.72055025544
6.79496863768
6.84167059145
6.88215543969
6.90040057585
6.91382124288
6.93572093914
6.97964455372
6.9984073712
7.03125337639
7.05105349267
7.13108210835
7.18096967981
7.18570262436
7.24111475268
7.27450367819
7.33417947337
7.37474136477
7.40365977352
7.41466287949
7.43815924731
7.45574465661
7.68510439478
7.75437655536
7.80496179335
7.96486045346
7.97668300682
8.93215119223
8.99866631923
9.18364409286
9.38388851548
9.51598269794
9.71901755613
9.81663205274
9.84114641278
10.1607181431
10.2489085391
10.43268862
10.5155330279
10.5871281542
10.7990721593
10.853122314
11.22805966
11.3680759325
11.3913774412
11.4685707584
11.4837051332
11.5387543908
11.7267330549
11.7714193839
12.3247822985
12.8323381713
13.055505264
13.2841750579
13.525938253
13.558357657
14.0972772704
14.5182513076
98
