6.00361913547
6.01807416303
6.03013701309
6.04227071441
6.05735964236
6.06889367585
6.12240109343
6.13105476594
6.14534830007
6.16047802814
6.16882896802
6.18548838501
6.19407804231
6.2070154298
6.21878135912
6.22337419759
6.23453727699
6.2523233696
6.25626418784
6.27122670408
6.27432357022
6.29087771171
6.31326750829
6.3207363246
6.35826137445
6.375155101
6.38647803259
6.394206954
6.41779865532
6.43472115169
6.46081717909
6.55436507328
6.57897520333
6.58756027438
6.63359572574
6.66539176359
6.67222467023
6.69295900781
6.74113366429
6.77956515046
6.8046654819
6.81522677054
6.89073668197
6.93781179046
6.94172193577
6.97268003263
6.98454963397
7.11944106354
7.17607628382
7.23075039757
7.29703114059
7.32372814459
7.36319110006
7.40290941673
7.47213218129
7.54010089764
7.59028277532
7.61316048323
7.71012571811
7.78098160598
7.78579388956
7.88219407313
7.88916790819
7.91429361553
7.97086947715
8.00257838328
8.16117257608
8.24997564489
8.37142992576
8.38083097178
8.44819531958
8.47237259894
8.52292123017
8.57487974048
8.6630785685
8.86999830977
8.91319380352
8.96322721501
9.04620908408
9.11424931764
9.32898963272
9.88081413614
10.0088620967
10.1814284653
10.194814217
10.3301890351
10.450835837
10.5583119758
10.571044969
10.635780314
10.7471205769
10.9672900372
11.3019077523
11.4466689439
11.4849378533
11.550791424
11.6310391317
11.9400213323
12.2011016165
12.4105763795
12.6762609486
12.8835305541
13.1625706727
13.6468133272
13.6757716412
14.0941768146
14.3085383618
14.604913614
108
