6.00527272554
6.01271366419
6.02289503836
6.02930181093
6.06125174188
6.07430401195
6.13197634647
6.15338006919
6.16355727435
6.16829310653
6.18732291612
6.20111897373
6.21156731924
6.23286629759
6.2362346536
6.24437075728
6.26249800077
6.28460100196
6.36623790497
9.73073904432
9.81730486512
9.86107360717
9.92017921186
9.98605470592
10.089755808
10.1805479353
10.3051629274
10.3124616427
10.4161332871
10.6907448747
10.9432241172
11.00053814
11.144562989
11.3111865664
11.3783699416
11.6034475789
11.6777206174
11.7168906024
11.9344006607
12.0242226555
12.1499388651
12.374990006
12.7749325494
12.8090066943
12.846167389
12.9438977748
13.0899988517
13.1059368948
13.2799563877
13.4057605394
13.7416750855
13.7970422147
14.5337629969
53
