6.0045870312
6.03216777523
6.07665061264
6.08419425507
6.10090121633
6.11332718251
6.13049440443
6.13429443005
6.14235821647
6.1549641976
6.18141458308
6.20105039487
6.24884970786
6.25716091204
6.26190787859
6.28678288595
6.29545002575
6.32606022423
6.34235954822
6.36488401023
6.39428588776
6.41102662304
6.4490898607
6.4502448919
6.45970915747
6.48615183475
6.4920470975
6.49725393879
6.51026911816
6.52348076804
6.55765542772
6.56388182636
6.59125656197
6.66736486995
6.71790603228
6.746602222
6.82008359319
6.84245559248
6.87129745496
6.88706457244
6.90979015689
6.94440793186
6.94932404928
6.99525954115
7.00552617033
7.06047460349
7.1413698996
7.30826105511
7.34565960974
7.42880361705
7.80944184967
7.90522033908
7.96518084897
7.97571587942
8.05532174443
8.17454623987
8.32211285431
8.34659228174
8.47253333033
8.5438976361
8.63488072726
8.71759010973
9.03678647743
9.13237273735
9.1882143397
9.310497991
9.34246843942
9.40392848281
10.1938656562
10.3173119468
10.3278540002
10.3921948735
10.5020487353
10.5643788722
10.6126544936
10.6622280077
10.7434411257
10.8279575792
10.8615908372
10.8978427314
10.9675991439
11.0705030243
11.0786248768
11.1118737655
11.2741053701
11.4685482189
12.2001423179
12.3160370521
12.6334006023
12.8135956492
12.9016219588
12.9214494978
13.1482102249
13.3075545873
13.6203974919
13.9864682677
14.1321676722
15.1077930957
98
