6.01424920289
6.024683908
6.05053240312
6.05637330593
6.08099868963
6.0862404753
6.10112331581
6.12473320145
6.14387928281
6.16152670906
6.18293739404
6.18430880225
6.19334219677
6.22327100496
6.26172145671
6.27440372893
6.27769711606
6.78417786787
6.80044497967
6.83905125359
6.92568334515
6.94040474589
6.97821554514
7.04283669721
7.05185598403
7.08359704913
7.15385563501
7.22466402318
7.50636905784
7.96136904689
8.02247977773
8.0441888816
8.05312566624
8.17010651796
8.24494959472
8.27070805378
8.29027391187
8.35688033106
8.41488582009
8.53303766035
8.58333410319
8.67099626479
8.71537901663
8.74122224849
8.78001928229
8.88256037331
8.94762912073
20.5807228445
48
