6.00934852306
6.0112383131
6.01779426654
6.0230209391
6.03079797253
6.03314225123
6.03410199203
6.04425666941
6.04820336209
6.05969521539
6.06851750558
6.07075239165
6.07715635796
6.09104871544
6.14245084083
6.16807421631
6.19219767785
6.27097322247
6.28315655619
6.28759985238
6.31833092803
6.33421808086
6.3513147049
6.36122326537
6.38352752509
6.40773881027
6.40893109063
6.43180761443
6.44482414855
6.45261199552
6.4725670629
6.48202787458
6.4928646828
6.51111272727
6.53145338056
6.54193776207
6.55013364627
7.36421915731
7.41778680038
7.56262412993
7.57746822106
7.66834209404
7.74656414656
7.95307043491
7.98310350054
8.04063085447
8.04976425247
8.06526692477
8.07637447206
8.15722387122
8.18918816041
8.22180730212
8.30480239182
8.37997965011
8.58479256352
8.6019681929
8.63802872761
8.65561029754
8.73771017388
8.76390297569
8.78956572067
8.84221355196
8.86927617918
9.01859693857
9.39634853824
9.61391524974
9.96280825086
10.039023231
10.0889746484
10.1392838104
10.2416465604
10.3597595019
10.4451112925
10.5566451832
10.7209841216
10.7604136198
10.8049310634
11.1947648536
11.3431084392
11.6408133584
11.7760290488
11.8643310295
12.2844431099
12.3356763029
13.8502552272
14.1073781622
14.4730306353
14.6023250259
88
