6.00140405413
6.00669984249
6.02001760562
6.13213022052
6.15214704602
6.17153330293
6.18673448709
6.18903575236
6.19552121408
6.19958781037
6.21438661134
6.21600517496
6.22855464508
6.25341548389
6.26636610565
6.27257755367
6.31861087746
6.35283106043
6.39046925159
6.42556933727
6.43602958645
6.46306122791
6.47703840469
6.49665709809
6.56140416422
6.58014711481
6.66341958434
6.70027141229
6.72300760831
6.74645027264
6.77482750393
6.79742213724
6.81493094927
6.81915059147
6.88880297419
6.93498833425
6.96155869823
6.98235222144
7.00276285728
7.02826782304
7.05940308641
7.08609963832
7.10691021845
7.1198230134
7.22072682932
7.22718984506
7.30963790967
7.32578968024
7.37936930259
7.38911902149
7.39168584145
7.41315350139
7.49165087696
7.49824249032
7.50529982848
7.5584568577
7.66612613255
7.74142628252
7.87738357848
7.90154792409
8.01529982778
8.11531844235
8.16596151988
8.24027486897
8.36328918062
8.3789794418
8.42923080264
8.50942250099
9.14476937614
9.19711072533
9.24650471809
9.49776741076
9.54698790889
9.64925205678
9.70661137211
9.79008770247
9.8299810263
9.84636382462
9.92085077645
10.6332248761
10.8847454857
11.3317927721
11.5744569874
11.7591024715
11.8681139714
12.1016928601
12.9944150688
13.2107281876
13.3135214675
13.8552561548
14.387920336
16.2853841322
92
