6.00585219366
6.01810710851
6.03068787662
6.03507215063
6.04825492829
6.06833764173
6.07575738251
6.08391544148
6.12504345088
6.13983261992
6.16875642715
6.17605826119
6.19748470057
6.20379546618
6.33663215339
6.35634598678
6.36619982681
6.37904919869
6.39033454595
6.42158163555
6.43566168151
6.62296078726
6.70637532181
6.7416032612
6.76284732965
6.77375811606
6.8141354689
6.86159115459
6.90364295826
6.9342280144
7.00601788102
7.05293277441
7.1200555567
7.124047331
7.13788812883
7.16031342029
7.17905097027
7.23792284314
7.26161318637
7.28965672617
7.31110954166
7.34597494097
7.42681504124
7.48075503119
7.50752584856
7.67679360978
7.69592895079
7.75628397498
7.90364753503
8.00568497269
8.05520232746
8.11457147749
8.52623139577
8.60914549008
8.68709924972
8.73378028269
8.90536242596
8.98072804727
9.05767749357
9.24428228784
9.30901885234
9.3185156164
9.3876188786
9.48679157322
9.63453810768
9.69592792304
9.82950065486
9.91963155416
9.9654840794
10.1230113258
10.1865859614
10.3155269289
10.4161775166
10.6839185138
10.7633648083
11.1089194027
11.2967012381
11.3314889701
11.4671183645
11.5215715211
11.5869858057
11.8917353712
11.9099908363
12.0966656178
12.1941513568
12.5300776432
12.711381459
12.8146398603
12.9200425692
12.9669789744
13.1565756787
13.5584251321
13.6443229349
13.8040273496
14.2177752166
14.3348936254
14.4069246151
14.6159719198
98
