6.00937751607
6.02242116589
6.033840733
6.03495948554
6.04175071159
6.04445096879
6.05328211081
6.0619550795
6.06618454428
6.06995230461
6.07661204848
6.10163830618
6.11299620873
6.11767719951
6.13731620782
6.14829064621
6.15750481895
6.16975228834
6.17535288806
6.1769159314
6.18512301622
6.19398405225
6.21142861679
6.23160001594
6.23457449544
6.24391224364
6.25512928105
6.61786091054
6.62362131225
6.78393922898
6.8019921557
7.045619542
7.12445314296
7.19793457881
7.22453883594
7.23266834661
7.28895241481
8.1516825785
8.23417815345
8.28617265152
8.37872087837
8.48200681173
8.49027397362
8.50193225734
8.51050888369
9.37917155342
9.44683192657
9.5721594658
9.6893096464
9.8469182934
9.94278706415
10.2841749594
10.3370314502
10.3877584173
10.4061220504
10.6076606646
10.6154783547
10.7711575166
10.8253959058
10.9041927938
11.3594210874
12.1438239478
12.2456029452
12.3651938969
12.6153521753
13.1075506804
13.3760702865
13.5636792516
13.6893268393
13.9717591027
13.9991816686
14.0910659909
14.1481397685
14.2834273375
14.6728987387
75
