6.00535498167
6.02099900814
6.02505921416
6.03372356716
6.04001496339
6.0589800999
6.0629975956
6.07641663283
6.13303423829
6.13802848794
6.14734817937
6.21545215774
6.21956952643
6.22947448216
6.27569548129
6.28351589089
6.29978268313
6.30599144708
6.32414368488
6.32797738563
6.34660177365
6.38089244491
6.39531790405
6.48094105157
6.49422167386
6.80149170435
6.8366614849
6.83979536669
6.8618489342
6.88521632512
7.00703902605
7.08061109428
7.10983412354
7.14193041369
7.24117450477
7.2731075973
7.31355274031
7.42100395746
7.52737988103
7.53667719253
7.56824186022
7.65627026006
7.69715276869
7.73100651754
7.79642189753
7.84253068462
8.14132721432
8.24258732571
8.28184994895
8.42750045024
8.48792652291
8.62891400999
8.74667365847
8.75517165788
8.77853499096
8.9222325361
8.92731811408
9.02775156048
9.08901139194
9.10634101716
9.14290172579
9.14964367551
9.20077966876
9.26402634949
9.27104299976
9.41507433505
9.74877200315
9.7838279614
10.3616936639
10.482008154
10.7136649968
10.7942870837
11.7362451661
11.8426054832
11.9972422741
12.1762176346
12.8382453074
12.8908717169
13.0312967346
13.5704103747
13.9243555541
14.0725104772
14.1325254776
14.2757702474
14.5898992133
85
