6.01375359153
6.03160835321
6.03753406132
6.04383303786
6.04487015993
6.05255605578
6.07930326178
6.09252203919
6.09797323987
6.10589530634
6.11387682944
6.12927750039
6.13198801605
6.14555806327
6.15880016145
6.16435667119
6.54170052147
6.54740963516
6.55448046523
6.57072549967
6.59922518334
6.62437752809
6.66960004043
6.68408140861
6.72029581554
6.74237717074
6.76936243761
6.83796113057
6.85575601138
6.8806475119
6.90663437865
6.95249448935
7.25390573866
7.27488319131
7.32871504484
7.38041153061
7.40081103386
7.45011843861
7.5084625322
7.62821002658
7.70566911302
7.72397385807
7.77188975431
7.83997017083
7.8714980527
8.07257075008
8.15848639565
8.20316203706
8.25985064912
8.29136052825
8.37328401486
8.41046017329
8.54296713469
8.61007262285
8.72480439613
8.87688268859
9.03783854415
9.07479231658
9.20434868386
9.40742896569
9.52777500526
9.56735155995
9.63371388246
9.73576142319
9.80339749936
9.85436053759
10.0637321629
10.1136953885
10.2332769713
10.602261029
10.6627055925
10.9055231173
11.0165091701
11.0274479981
17.90958315
75
