6.00776318062
6.02156491704
6.03415137989
6.0396686573
6.0532344799
6.06998035506
6.07997682151
6.09045858181
6.10336225126
6.11544788417
6.11716514891
6.13008103555
6.13136450226
6.13999493272
6.17209683488
6.17659716785
6.19205146095
6.19689533505
6.23336242405
6.26779837435
6.28782413171
6.30747255593
6.32175977492
6.34227733842
6.38525632248
6.38978509707
6.41601380927
6.42868208511
6.44632676147
6.46645354396
6.54256745077
6.55445955053
6.59138425221
6.61128214315
6.6245915355
6.68908084634
6.73810183945
6.75279504644
6.77118995195
6.78406139424
6.80097789417
6.86378133603
6.87929167112
6.91563000108
6.91814423148
6.93424576627
6.95448108002
6.98048656042
7.01003515043
7.03369951351
7.24749240328
7.27854462151
7.57287584742
7.59478247499
7.6493329
7.71535169698
7.73059845266
7.80528759645
7.8650678716
7.88406462715
7.91015732129
7.91346321063
7.98383707313
8.02105918934
8.07135200154
8.28939519119
9.86171916808
10.4240535212
10.4773663688
10.5501588091
10.5669013572
10.7155970277
10.9531773518
11.1250339786
11.192748611
11.2896115531
11.3382179993
11.4361484496
11.4955990347
11.7403728791
11.9585760228
12.1716352609
12.3445479134
12.6494532481
12.8879202299
13.5880691777
13.7024145018
13.7307804362
14.0629406845
14.4178898055
23.9575395167
91
