6.00878898752
6.01276690962
6.02628657252
6.09498238445
6.1124221148
6.12256652551
6.13222240023
6.14377708913
6.15966221355
6.1779641489
6.34853236933
6.36841463718
6.38241047835
6.40473721332
6.42561392774
6.52329888052
6.53611993147
6.55254437343
6.57397053725
6.59261961108
6.6551306558
6.68380076592
6.6969772565
6.71796004217
6.7212710116
6.74209741456
6.78691035745
6.78965776274
6.81712963053
6.92493211136
6.95685282282
6.98314404992
7.04447906871
7.07640216442
7.12817012767
7.160677719
7.24066071332
7.30031127845
7.32015306929
7.37298097079
7.55904953142
7.67278955085
7.70935127958
7.80733419704
7.82192091894
7.85295575984
7.8816330557
7.887441963
8.18253000844
8.92096140874
8.96324451642
9.12438812597
9.13218103867
9.30298351391
9.3091932064
9.45459691575
9.46721332498
9.48505551232
9.60697395801
9.69060174136
9.70774393719
9.74479510336
9.77106553677
9.81488847511
17.2623829663
65
