6.04684432999
6.05680849998
6.05964878945
6.06855194777
6.07202227429
6.0796430451
6.11826497107
6.15269804517
6.15348279343
6.26055297382
6.26907391927
6.28045857376
6.29209132481
6.34056189619
6.37171882187
6.38875635647
6.40858340177
6.41647444892
6.43918817482
6.47155925084
6.72591263431
6.74622045299
6.77296391312
6.79509209322
6.84031310485
6.87350988888
6.99676933278
7.41910871056
7.52417824448
7.54564388017
7.62120167989
7.64736999727
7.69637202726
7.70439142524
7.73002517311
7.78583059993
8.00491153507
8.058990892
8.09757790279
8.16447595011
8.7611020678
8.79782783992
8.86662522424
9.02992689817
9.19737629684
9.4636736937
9.47944886167
10.012261813
10.2527117283
10.3203362959
10.4390474054
10.4794753758
10.5117845582
10.545260255
10.599745093
10.6880345976
10.7763844259
10.9866977762
11.5818171156
11.7137935315
11.9414905098
12.0006051603
12.4184320912
12.6301855863
12.6915657383
12.8671272347
16.2767125076
67
