6.02524692353
6.03711526155
6.04556308025
6.05089753674
6.05224584142
6.06395544398
6.06734853949
6.06933186894
6.07887879727
6.10186219985
6.55323085642
6.58514770515
6.6002062214
6.61266584877
6.63964661735
6.67401752796
6.67675566098
6.68415548456
6.69468005201
6.70706641311
6.73298888514
6.81470156804
6.82548951579
6.85663062439
6.88993949842
6.91756611983
6.95402978853
7.18400751103
7.24357197564
7.29521240529
7.38033071912
7.42946137328
7.49583687693
7.58041946574
7.63115318711
7.66467887143
7.71447165243
7.7763720058
7.78653297922
7.83151615578
7.8394435467
7.9529817663
8.12805814595
8.20364683781
8.28114953611
8.30020721865
8.33007043634
8.39207116003
8.45490259592
8.52866227144
8.61307889982
8.63770889146
8.74471315518
8.83136524888
9.28682074277
9.30336236586
9.38675357918
9.4542380074
9.60674019631
9.69761709084
9.76024931041
10.5259042415
10.7714681561
10.8520652934
11.0771118315
11.3285417075
11.4782361006
11.6230516422
12.0062140638
12.1072414752
12.2089697131
12.2827584403
12.4513964204
12.5605602033
12.7254720804
13.4345013803
13.5726231707
14.0103928482
14.5783577452
79
