6.00656403582
6.01563478506
6.0167837112
6.03670548621
6.04871401181
6.10333569988
6.12717797892
6.14095442741
6.15175354079
6.16320511733
6.18424011149
6.19256135871
6.1938920595
6.23049077397
6.35593093496
6.35998895187
6.3673258401
6.37458378104
6.37775549866
6.40376259295
6.45476875985
6.48760612029
6.49924021366
6.50217138827
6.5047209635
6.52009097265
6.53356436474
6.54721448938
6.55589618657
6.5774951857
6.58640343621
6.62321197289
6.63018088511
6.6596649182
6.67573718433
6.68461297091
6.70618605307
6.76184864394
6.77401875471
6.79862655961
6.852773261
6.92945477244
6.95361314267
7.30239959252
7.3190421386
7.39605536252
7.41660230422
7.46645009892
7.6424015188
7.67234147612
7.87975095997
7.88621009934
7.95472536805
7.99743955927
8.06050114228
8.1085680913
8.11374610572
8.14494273579
8.21108522361
8.24612586861
8.263191487
8.27197540134
8.34219766006
8.34756914804
8.36099911562
8.42606522913
8.49050323156
8.5233533653
8.84573682742
8.9130735076
9.14779877078
9.2652114745
9.32340034898
9.58535173624
9.65515265317
9.68215156698
9.74245310701
9.82037518441
9.88331524808
10.0325685603
10.2295696706
10.3242669659
10.4754160686
10.6341555614
10.7267845397
10.7970613969
10.9924559471
11.2086816923
11.4319234893
11.6679211631
11.7974323908
12.1139050231
12.3059006012
12.8944784349
13.2020986131
13.3375317405
13.5791872705
14.915343406
98
