6.02257899535
6.06550083239
6.08637881267
6.10171769133
6.11007555773
6.13011362892
6.14214566375
6.15413146067
6.19477724257
6.21300832288
6.22397267777
6.28320416814
6.29367452412
6.29921473339
6.30644727697
6.31730914148
6.32857128356
6.34591033785
6.3784278615
6.4272098405
6.42958972107
6.44378468738
6.44595966394
6.47591818482
6.53427330846
6.58222596393
6.58451152714
6.60469177002
6.64363798218
6.68266892388
6.74150518308
6.84011802313
6.84995660385
6.8636701717
6.87007100452
6.87231680697
6.92223428358
6.97288093437
7.01301879785
7.09639124076
7.12927486714
7.22547708079
7.23463752167
7.33746461241
7.41949909572
7.44942401837
7.76004026057
7.82254986713
7.82621564311
7.85303047661
7.89164205451
7.91478535344
7.96425926915
7.96848047905
8.01157205133
8.08013747844
8.17340957442
8.19502868356
8.28991634445
8.35511044471
8.44349418565
8.61961252166
8.63802043774
8.68784065666
9.93249117275
9.96350725266
10.0851774527
10.213798678
10.2347509925
10.3622377951
10.5082730173
13.5762882481
13.7134169013
14.0619151956
16.3540857672
75
