6.04653331502
6.0583920414
6.07145128417
6.08481774872
6.09776518873
6.10695870051
6.10894452666
6.11286368938
6.12980965997
6.14251368875
6.15855851563
6.17863930987
6.19112320847
6.19686598558
6.2020921613
6.2127373171
6.22572503674
6.23238499366
6.23766303734
6.24104410507
6.25352964236
6.26021582759
6.27161514817
6.29797773132
6.31496133419
6.40388844914
6.41517341152
6.42488340154
6.42620574566
6.4599285013
6.48694075169
6.56527411334
6.57768541613
6.61254355089
6.6190722445
6.6300734076
6.64143106228
6.70055106696
6.73174529247
6.77694047157
6.81586582476
6.81887563566
6.83571186354
6.88515000091
6.90812532345
6.91124017011
7.0137352059
7.03852390713
7.06703589867
7.23006269872
7.28939914975
7.34793692043
7.37978845187
7.4196219933
7.45078074267
7.45980860185
7.48378186467
7.50347747453
7.53215996496
7.67288508456
7.69163835387
7.74051613132
7.7612369509
7.83794673381
7.93129870488
7.98662358926
7.99985594711
8.08417810737
8.9216613703
9.10838244993
9.16545306176
9.18025118677
9.30914171598
9.38515139823
9.41499623538
9.4262396861
9.46368339762
9.5743878457
9.62766978454
9.73642291208
9.77483375365
9.93939892757
12.4934922912
12.5147071994
12.5982184324
12.8209490329
13.0085841811
13.3674602107
13.6968100996
14.0896438778
14.1495565032
14.3770352683
14.6046482644
93
