6.00400607395
6.00670199604
6.01304895868
6.02354712071
6.03916704193
6.04871113556
6.05999482583
6.06976034156
6.10403477221
6.10635399786
6.12369154951
6.14071250777
6.15333205291
6.16643668058
6.18301049138
6.32444918036
6.34419447978
6.35933905968
6.73368312573
6.8313955877
6.89192562725
6.89908398511
6.9463211041
7.00617345722
7.02974110303
7.06883373814
7.07194478255
7.10379248185
7.125795713
7.17720416604
7.25020201975
7.29683846338
7.36180307957
7.43359359889
7.45376810728
7.46517756084
7.48855622797
7.59826489939
7.66928652351
7.72373390216
7.80294518524
7.81279163396
7.91251804861
8.00031274369
8.14818244453
8.26329524399
8.39184203517
8.44016769399
8.47721133955
10.6859605906
10.8728103057
11.027652183
11.1537062514
11.1643624078
11.4827632084
11.4977546492
11.5760050738
11.6027496144
11.8598396035
12.017483473
12.288770235
12.5629392511
12.72727129
12.9805645236
13.092774768
13.2571286377
14.8126422946
67
