6.0059705146
6.01401671725
6.02203978367
6.03448453884
6.04660317531
6.05154116385
6.05660014155
6.07062224319
6.0759534563
6.07671475359
6.0858356207
6.10777740496
6.11467720541
6.12282580608
6.1345293846
6.14067108978
6.14370263385
6.14883292767
6.21932878664
6.22435506065
6.23604357787
6.2557494852
6.26558810421
6.28600361237
6.28730622303
6.37816795839
6.38993994798
6.41223492452
6.42396046696
6.46567045605
6.48415657939
6.50621038514
6.51384712764
6.51917892552
6.53568614972
8.36947048748
8.42770521103
8.50420110128
8.72539553163
8.73053175439
8.80638315733
8.85980184682
8.88758311332
9.0787977946
9.40466318991
9.53900450703
9.62221446431
9.69773489236
9.8226783475
9.92300348779
9.96235227993
10.0699159638
10.1207741866
10.186132685
10.3707026102
10.6500593084
10.7132753712
11.0856762239
11.2910987912
11.392064859
12.381222433
12.9744780681
13.1766596367
13.2364723116
13.4211699163
14.3817863733
14.5925395161
67
