6.01239379958
6.0179126803
6.01937779383
6.03560163778
6.0412356628
6.07438380752
6.08065536204
6.08797861007
6.12163997098
6.12889719407
6.14924961089
6.15844860131
6.193569841
6.21086996477
6.22946860245
6.23207140332
6.24779773444
6.32114565796
6.33877200217
6.3454630983
6.37059605482
6.41312337446
6.43582239679
6.4863065364
6.49482029613
6.52429474466
9.01609011281
9.16527800106
9.2142786418
9.37457607153
10.6557328077
10.9340641585
11.0917085214
11.2255739892
11.3007374409
11.4038253791
11.4172393547
11.5639106973
12.3769624836
12.8194918276
13.1958795845
13.2714229219
13.7195791552
13.907919172
14.2888232917
15.1564735673
46
