6.00754610651
6.01170008359
6.01547415505
6.02520392758
6.03978461379
6.0493346962
6.05120670091
6.05811686852
6.07286844337
6.08200640157
6.12658822564
6.13787347576
6.1430202941
6.15108651459
6.16476847935
6.17087563195
6.1849591684
6.20847057345
6.22044678517
6.24003978628
6.28000141274
6.28643342049
6.31408599836
6.33156707283
6.34603813716
6.35853030518
6.36730419271
6.38355362056
6.38953876823
6.42757542204
6.47859624202
6.50970740893
6.51169280361
6.51986706808
6.56081678642
6.58504080749
6.59805874008
6.61673735448
6.62986711032
6.66271994703
6.67982969355
6.71110817726
6.75084816895
6.7730511763
6.78714265265
6.87925378454
6.91546928447
6.93777674469
6.94331261539
6.96176244169
7.06417844733
7.10153176151
7.14347995229
7.17760354745
7.22642417012
7.26173503275
7.3042213159
7.37974830646
7.44451325679
7.44997380099
7.63207588618
7.65302578829
7.6714111826
7.95095209683
7.98391072794
8.08775727596
8.24936222308
8.33861549407
8.41113767649
8.46483078276
8.53028451077
8.57383461572
10.0705548313
10.1415331637
10.1801119122
10.3621698649
10.3695775332
10.5074778698
10.5726237052
10.7668718218
10.9564334025
11.0107113287
11.0190477133
11.1257194881
11.194691994
11.2089757454
11.2529963786
11.4218740473
11.5327932157
11.6012444807
11.917741035
12.1390468636
12.4457181953
12.6551135891
12.7613488781
12.7747586121
12.8286626988
13.0769707006
13.2042495022
13.3741135047
13.5858930703
13.6167896882
13.673067193
14.0499362033
14.226019624
14.3391170044
14.6925792066
107
