6.0118155366
6.02787505575
6.02897979257
6.03461720644
6.04466620287
6.05018136723
6.05628538532
6.06659497976
6.07672282146
6.08276587028
6.0863261919
6.09954329876
6.10862808867
6.15319373705
6.15510942305
6.2031218079
6.24320745924
6.29177632603
6.31345953636
6.31794615681
6.32355888763
6.32775183191
6.33504290426
6.3581106994
6.36917077966
6.38370218352
6.38930389771
6.40399421419
6.51306105451
6.53203635577
6.54452358428
6.56356806983
6.57719223233
6.61188871993
6.63506227036
6.65345071391
6.66027695145
6.73046857833
6.75602748992
6.78077754768
6.87174656048
6.89423701923
6.90993083973
6.91227423254
6.94511746742
6.94992299818
6.98299748886
7.00909350631
7.066506711
7.07102456064
7.18412707503
7.2228390179
7.24027183162
7.26902654959
7.29269416864
7.50065984971
7.62870933346
7.71421948942
7.77977238732
7.7844936613
7.80565343211
7.81586145009
7.86733338186
7.90127912602
7.95572012332
8.01015998669
8.08912372582
8.12768945078
8.15474733427
8.18364197483
8.39627878733
8.43705379597
8.47247508725
8.51834036925
8.78589810055
8.85022980736
8.85849057436
8.91859603854
8.92975980579
8.96716587403
8.97765080105
9.00494731833
9.08026780139
9.15933278734
9.22195572583
9.31178367529
9.40005544031
9.48726722572
9.53703294077
9.56959238908
9.585869144
9.70698261895
9.76386008478
9.91371419999
9.98941888377
10.7027278647
10.8189651924
10.8921180569
10.9646610391
11.0511225182
11.2351492711
11.3055632235
11.3331873255
11.4636566428
11.6227929339
11.7657896147
11.8942442534
12.0110955966
12.3058875104
12.5038349641
12.6547727974
12.8506957363
12.9522024024
13.0154523792
13.2268688023
13.3228421227
13.5795652585
13.7416571421
13.9687979556
14.2937645841
14.4882994512
14.898112555
122
