6.00157399996
6.01416565622
6.01797694682
6.02631489372
6.03377238001
6.03897015186
6.05554534208
6.0597748048
6.07258824764
6.08349441252
6.09018976683
6.09256882719
6.10090394627
6.10218085701
6.11404828665
6.17581102199
6.18192112065
6.18544937543
6.21995254035
6.2212295243
6.23962159657
6.26821321149
6.28647512891
6.30089379242
6.3117268757
6.32411738238
6.32746114016
6.33626969489
6.34993665251
6.36144801245
6.36280960035
6.37750170403
6.38808663317
6.41515766816
6.42069469623
6.43061404167
6.44541393029
6.46357366997
6.50942054584
6.53494184222
6.54552599775
6.56293277399
6.66830433922
6.69424633427
6.71958277971
6.73356009626
6.78004022106
6.83866359247
6.86156866498
6.88592110853
6.90454189189
6.90739787123
7.8156544182
7.86992273689
7.96581419308
8.02385204522
8.07929681467
8.11842499949
8.19479948256
8.40262350846
8.47458482085
8.51273033518
8.5517326465
8.59821513696
8.64026045103
8.65406996156
8.72599713731
8.79619677652
9.1364733463
9.19338900458
9.25114440144
9.30912481293
9.4176237396
9.58685541716
10.1187556559
10.2989921961
10.4424584544
10.4797235466
10.5915380691
10.665106442
10.7323681677
10.8181346603
11.1509245138
11.2406971309
11.2591233155
11.3652937488
11.3879809413
11.5112413716
11.9424651413
12.0164135314
12.085674556
12.1715032481
12.5476807172
12.5952431885
13.2206688291
13.4487984391
13.8735376864
14.0195479077
14.1362662263
14.9425853064
100
