6.00450488443
6.0204496127
6.02705286575
6.03439409157
6.04611621081
6.05179818376
6.06286046488
6.09880043687
6.11241306314
6.11414402249
6.13150998265
6.18356945631
6.20005953406
6.20107154694
6.21163761511
6.21584338263
6.22127450768
6.24130949133
6.25405346301
6.2830832781
6.29463134952
6.31743833316
6.38148976873
6.40229141944
6.40601936426
6.43105783553
6.46319871852
6.47710029158
6.48704174964
6.53284880255
6.53837876932
6.55900558066
6.56117171714
6.57913266781
6.58903269212
6.67797797237
6.68988256711
6.70549651966
6.82176471606
6.84829803089
6.8796827356
6.91308381028
6.9235391361
6.97813888167
6.99280385956
7.09945966663
7.12037040147
7.19000491182
7.26724404352
7.3658927518
7.38107306274
7.39151966921
7.4388721907
7.51883887396
7.58226219693
7.62928280479
7.66263934802
7.67039264061
7.71463991523
7.77865920102
7.812855122
7.92250257851
8.05726118085
8.10908569291
8.1544210584
8.24049360008
8.29403737771
8.33247059648
8.37105065833
8.42132364701
8.43027399492
8.45858439945
8.55780641014
8.58343147483
8.5935508895
8.83550583384
9.0538514817
9.2100014719
9.42886785139
9.47852607498
9.62266193893
9.75539974382
9.82364335768
9.83696641577
9.90232056596
9.95957958196
10.0649319197
10.0780793965
10.118599972
10.2328235364
10.2962553786
10.3285104284
10.4114375585
10.4829333618
10.6049063682
10.7035574274
10.7955595165
10.9714391318
11.0929151587
11.2543867669
11.9774992906
12.1291541862
12.2246305956
13.8285420056
13.9909611769
14.3392501819
14.8435100885
107
