6.00464216436
6.00834890537
6.00947787083
6.01738778367
6.0209558229
6.08079407325
6.08453040765
6.10029880823
6.11229585772
6.11380529923
6.12084487593
6.16583761956
6.17755144753
6.20080985827
6.46133389341
6.49592786764
6.50795416121
6.54555672132
6.54701527104
6.56679991028
6.5782427595
6.58141740881
6.59061962302
6.62942730443
6.65889751242
6.68479953617
6.71456698149
6.73960283911
6.7780678972
6.89131519479
6.93718433322
6.97428304745
6.99891580246
7.02859829208
7.11192634824
7.17649611085
7.20378058162
7.28022756346
7.3371980099
7.38273534763
7.40055951177
7.58805942524
7.61242564569
7.65420941576
7.68386550994
7.71216742412
7.75743459607
7.79248900984
7.8660967185
8.04436957121
8.10365079467
8.52782765273
8.54996049264
8.58969854562
8.65420395567
8.68694865012
8.79859415301
8.90301280912
9.01347192391
9.13062711556
9.19059914191
9.25878727674
9.30915254811
9.31621584772
9.48689821389
9.49860154121
9.56615361677
9.69939876477
9.75183606869
10.048894988
10.1452722044
10.2198148155
10.3389898356
10.4717256125
10.5430107542
10.7167235373
10.7742813821
10.8364560149
10.9533315444
11.1154372442
11.1306222226
11.3004054261
11.4944101473
11.6407047553
11.7167252409
11.7899856278
12.1179491169
12.1529247245
12.3489368432
12.61069653
12.7921757948
13.1697788934
13.2950235855
13.7600250057
13.7820672225
15.4424142021
96
