6.01309559734
6.02541251409
6.03996540914
6.04549863928
6.04676516737
6.05059585838
6.05955264179
6.06427554412
6.07433739322
6.09258032113
6.18891745865
6.20299572564
6.2162221068
6.25511694816
6.2696543793
6.28843795512
6.31265272984
6.32314889649
6.3276272305
6.36001434591
6.38032490579
6.39850930521
6.41089460626
6.41289009666
6.42866582024
6.45825701577
6.5148480165
6.5304981433
6.54001067963
6.57979501698
6.59640679911
6.61641642787
6.6322421777
6.65534420964
6.66679988134
6.693824653
6.69634488189
6.89123988222
6.96532156237
7.01230317454
7.03756511737
7.3117665991
7.35319427318
7.56726957107
7.57316486024
7.68457135691
7.74107470888
7.75024799371
7.78287898361
7.8557244546
7.94603987123
7.97381136174
8.01100781548
8.15267105663
8.18882959182
8.1969493024
8.27836465478
8.35406988979
8.37348029283
8.42691103512
9.24580826756
9.30992201569
9.67647602337
9.80048992157
9.9276138807
10.4150497551
10.5752588495
10.8693232235
11.0607073136
11.1317700514
11.2113263243
11.2387334509
11.4730420732
11.7067786389
11.8586633933
12.1160997886
12.2054825728
12.4857836638
12.6734647389
12.8219434442
13.2735379933
13.8091592665
13.8481962731
14.008813174
15.0540086919
85
