6.0008078379
6.02640494512
6.05130336312
6.07460563985
6.09024655143
6.10916710904
6.11801972349
6.13596572799
6.14554666669
6.16158268688
6.17541035659
6.19562246597
6.21007457665
6.22107314028
6.23590943637
6.24693123818
6.25078616049
6.25925425096
6.27450821319
6.2925879736
6.30445599547
6.35503062124
6.37860068999
6.40747573221
6.41783254067
6.42718452781
6.43213528974
6.44220586499
6.45289004246
6.48692987083
6.5171495875
6.52430500836
6.5637847342
6.68532838165
6.75136983656
6.76913119496
6.94230876953
6.95893858562
6.97206831448
7.12020444927
7.80339948621
7.98898191503
8.04753450636
8.1013248754
9.31823741109
9.35088299918
9.48422856543
9.63163949534
9.80533921906
9.9105481447
10.1605702525
10.3420257738
10.4465287393
10.5257346511
10.6095214225
10.7409749201
10.7573774799
10.7742854386
10.9310157985
10.9823339367
11.0087138338
11.0990662336
11.2819876669
11.3834982935
11.5613577119
11.6972813197
11.9261087637
12.1297443191
12.3063762646
12.4340434589
12.6623578604
13.3250531777
13.5727769186
13.8963926905
14.1164400985
14.1945007837
15.270049235
77
