6.42523550396
6.4550824781
6.47310630557
6.47853437252
6.50260264476
6.50422901455
6.52305148551
6.55657265275
6.57699924508
6.59604197483
6.60631672547
6.62291900128
8.19248061074
8.31944789281
8.33432345319
8.37163542684
8.46680471543
8.55990372411
8.65922999135
8.74828601516
8.84602558753
8.93635477517
9.22764724128
9.31567183895
9.47261197324
9.48333700216
9.69461721178
9.98342122252
10.0686933023
10.1126021099
10.2921711293
10.4967027826
11.0572061364
11.1771693865
11.1970850746
11.2374536652
11.4710408934
11.5964477357
11.6912776971
11.9165418119
12.0906095842
14.2739368825
14.3420190465
14.4940322594
17.5972685702
45
