6.00670417298
6.01484586774
6.03136951026
6.05411945852
6.06288036061
6.07137386308
6.0930304097
6.09652828725
6.10917851534
6.11968909553
6.22614524193
6.23836864954
6.24431637935
6.24559244682
6.26160329786
6.28246704573
6.28869614284
6.30243728445
6.31186165965
6.32051654618
6.32832509742
6.33028512949
6.33159715631
6.34153314549
6.37044486945
6.52129274472
6.54078484658
6.55593126507
6.57299076823
6.57649422909
6.60191259944
7.75014423385
7.79229364727
7.83763108454
7.86615984244
7.90935429152
7.93570401508
7.94529959127
8.64404806605
8.65795892556
8.8575233151
8.95113841915
9.05597623623
9.22200459787
9.25320365103
9.35008177345
9.75692254343
9.91559481805
10.2905074094
14.1866500643
14.268210805
26.7872339777
52
