6.01548484495
6.02332999023
6.03427028949
6.05949373788
6.06718043343
6.0798527793
6.08510568166
6.10894941011
6.12076617638
6.144240038
6.17579114948
6.18775990421
6.24695643395
6.25368677673
6.27528752929
6.32087640173
6.34175145152
6.36155643198
6.37559922099
6.39534512662
6.62732055097
6.64559495249
6.66633768415
6.72217477784
6.74974385958
6.78612639574
6.80212687075
6.86487621001
6.87852208649
6.88103631705
6.97556649208
7.02450302207
7.0913418069
7.11213411674
7.30164585877
7.32261083621
7.35566712331
7.38378797496
7.39881640003
7.43053553425
7.44128414524
7.50087151204
7.50876264986
7.56864542255
7.65501004509
7.72550858077
7.85373747015
8.14093253711
8.17341617254
8.23640359393
8.34394912928
8.43432075368
8.45650565711
8.5305795308
8.58637469998
8.65130756144
8.84212529186
8.85034296514
8.94907878387
9.03467246588
9.56527475974
9.5739062641
9.72089569693
9.8067974779
9.86687583898
9.92732142763
10.0201887538
10.0737060917
10.1626655724
10.2095569244
10.2861665954
10.3366834709
10.459097268
10.5476670905
10.6505007235
10.7169609127
10.9578528608
11.0244326644
11.0520146014
11.163758049
11.1759616499
11.3528689681
11.5095833926
11.7719649104
12.173206579
12.2956998799
12.4712871994
12.8590728563
13.1246067622
13.5638517177
14.0325461343
14.3379046657
14.5358755709
93
