6.00536777994
6.01100566206
6.0202679332
6.23025898893
6.23979726476
6.25611401216
6.2678899425
6.26975270099
6.30866243951
6.33735921389
6.36041261713
6.3692708562
6.39427094934
6.43388145184
6.44906455407
6.46428083197
6.51307362327
6.65311923911
6.65970341586
6.67133822629
6.71139177583
6.73357235835
6.75531958413
6.79222518695
6.84459933037
6.86830270847
6.9126433119
6.98090882015
6.98408136999
7.02992760146
7.13010868203
7.15389296918
7.18481585955
7.21669504448
7.25420633765
7.30088765859
7.30697496874
7.31171305414
7.36394521241
7.44378922879
7.51108696715
7.58331397591
7.89904575239
8.03407974488
8.04601566932
8.07454575176
8.20159911994
8.25167210148
8.28179241065
8.35839263379
8.45047169518
8.51867149099
8.60184287695
8.88574254546
8.92264937885
8.97427496323
9.02235143702
9.16541778876
9.40374699862
9.47016463753
9.59335816447
9.60255299007
9.73839244827
9.8134902319
9.94104862744
10.0715377282
10.1790220753
10.2113833625
10.4981931609
10.6177518766
10.82146668
11.159732958
11.2132501079
11.2625941377
11.6715964913
11.7293072336
12.4598523651
13.0085038518
13.2452420024
13.5808920364
13.6537474785
13.8737809544
14.0196013882
14.413719452
14.6856519053
85
