6.02861296575
6.03848150199
6.04174808273
6.04804325262
6.06897966068
6.07486615607
6.09524671822
6.10638036363
6.11475004071
6.12983666839
6.13812026146
6.14660341288
6.45522994615
6.50713570303
6.51493662919
6.53464721091
6.55527633698
6.57680119311
6.59340339533
6.60195031141
6.60973549276
6.64387693142
6.70684056316
6.72740622055
6.7594597615
6.79777688174
6.80804627986
6.89673170109
6.93360829045
6.95753083096
6.98272413953
6.9967586941
7.00237056564
7.01186843897
7.02258357119
7.04133898414
7.09022410781
7.15325045061
7.17569498781
7.18099167729
7.23881940569
7.2793688542
7.34088115166
7.43211478489
7.49814756715
7.52584833699
7.58249098552
7.61779843662
8.42969008067
8.58486215255
8.64953839567
12.4387693832
12.6985369248
12.7803202324
12.9914082563
13.0444355256
13.5254973799
13.7722817075
13.9173174217
14.1124791973
14.1785947303
14.1977296606
14.4700331396
14.5699682254
64
