6.00636299686
6.00970736529
6.02545647877
6.03616528103
6.04698715951
6.04874083725
6.05551302174
6.0640131238
6.08227751992
6.09760023156
6.10646393033
6.12100376446
6.13139689044
6.13489149835
6.14563758469
6.15139260231
6.16331177333
6.17911796282
6.19788098341
6.3694723007
6.38075956181
6.39428481087
6.414388594
6.42833733391
6.4324354176
6.47199498353
6.51376209131
6.52276091006
6.53737894233
6.59445161688
6.60070674932
6.60230796427
6.62861392516
6.64291667658
6.67322379399
6.70736656491
6.83844743541
7.27356655965
7.34587315252
7.37325928777
7.41706663307
7.46170873863
7.49340709769
7.59140042996
7.69822861853
7.73824396141
7.82795121601
7.95315648278
8.02711975125
8.17297574441
8.61070591971
8.62298154658
8.68585310635
8.71140039598
8.71907379654
8.72815016157
8.77782629999
8.79402652431
8.90106818139
9.03551623056
9.19295537879
9.24625989257
9.55930209349
9.63397943205
9.79491380977
9.80897560408
9.82689154425
9.9675394624
10.1048364582
10.2078369872
10.2733072663
10.3319483927
11.9100757425
12.0012506722
12.2359957152
12.3688326057
12.5737850954
12.6621026381
12.921392565
13.292108173
13.5739441846
13.8334475
14.7234992928
83
