6.0028197707
6.0270705983
6.04295000805
6.04701114016
6.06105884408
6.07577600633
6.08117223087
6.0914253642
6.10004192588
6.11762337166
6.13252505217
6.16352244759
6.17932643919
6.19312401605
6.22267993284
6.23437025414
6.24624595708
6.26416981679
6.28077763509
6.31246688552
6.33509450867
6.33941368035
6.34398923433
6.34528438524
6.44616616468
6.50237433716
6.52183165129
6.88231483105
6.89653634957
6.92592221599
6.96014579859
6.99332262634
7.04466938699
7.12188896359
7.18051349679
7.21009066994
7.23438986319
7.31636530686
7.38788384683
7.40450050649
7.43920183884
7.4839870186
7.54051254649
7.56013811564
7.6005957738
7.63154401106
7.72954878694
7.80809808546
8.0685726177
8.15027505806
8.15750501312
8.22374039756
8.33233063824
8.41789961006
8.46325272567
8.53653470029
8.7054398118
9.05306755162
9.15504099595
9.28394473926
9.32497662805
9.47710488743
9.59264463492
9.66316526953
9.81043083575
10.0289281332
10.1497483296
10.3451321354
10.5688544173
10.7191961062
10.7550381038
10.8205333416
11.0381523984
11.2623766307
11.6557585372
11.9040014318
12.0813802393
12.2319747954
12.3089729599
12.5449141745
12.884717966
13.0726191877
13.6904694085
15.8429290715
84
