6.0161340178
6.03349451821
6.03445910809
6.04316740057
6.04402377768
6.05180437109
6.0591351409
6.06495506135
6.07628183873
6.0919557855
6.13932930847
6.14140562404
6.15107940128
6.15569026386
6.15751803967
6.17792040154
6.18324668435
6.21240368915
6.23486574595
6.26354660633
6.2803132678
6.31364525107
6.31732117625
6.31954156786
6.32619082537
6.34091469894
6.36205419156
6.37042633008
6.37593788569
6.38422009001
6.40545211747
6.46073439981
6.467239917
6.47878158277
6.50205439791
6.52334438098
6.53853845107
6.57430168346
6.60757386232
6.63695666847
6.67076455403
6.68560416762
6.70979856019
6.77132360837
6.78970571196
6.83461890034
6.84636074637
6.87236795962
6.88263374996
6.88661786474
6.92267228807
6.99629122773
7.02222478748
7.02819876881
7.05403441904
7.11151744031
7.12862525713
7.14990286624
7.16737461251
7.29223998146
7.33026497077
7.47310641861
7.51026551315
12.1122030478
12.322527409
12.5146130749
12.8622140095
13.2091255593
13.2825035527
13.4739703019
13.6204947611
14.4471916609
14.6150648266
73
