6.01716870925
6.02260044321
6.14389461237
6.15088789462
6.1683808025
6.18504499128
6.19351042875
6.20630258727
6.2186202732
6.24123407469
6.24523354982
6.25368385134
6.26553208313
6.28459680769
6.29389484248
6.31592210071
6.32718135336
6.33008358391
6.34236349461
6.35267722045
6.38528859196
6.3932508347
6.41719608301
6.43527098021
6.44788555709
6.45607485092
6.46165430611
6.52638510703
6.52955402146
6.53781525641
6.56187708159
6.60655714311
6.6353135603
6.64413233196
6.65472094906
6.70273705895
6.74657674471
6.77877752618
6.92279728115
6.94675797941
7.02680103638
7.06028743924
7.09094463751
7.11656457935
7.21650336753
7.22018510181
7.25744616322
7.2679489505
7.29291916787
7.36231149977
7.38394211859
7.43710406444
7.45554165452
7.48816093542
7.50932072597
7.54106156435
7.56382011155
7.6044918329
7.6217650502
7.67544328797
7.73383331479
7.81391486171
7.85693339264
7.86265548975
7.90831553917
7.98876832785
8.02237083589
8.21943743985
8.32391389453
8.381308946
8.44873278801
8.50263251751
8.60647556206
8.74508821694
8.80271684232
8.8320489855
8.96765958294
9.0370131746
9.11576386788
9.19534823193
9.23570150064
9.43289431993
10.0282781923
10.1145337146
10.1431375658
10.2227636572
10.314777854
10.5001374599
10.8669248723
10.9695778049
11.1448331598
11.3414824888
11.8491096294
11.8816114043
12.1500504661
12.321093813
12.562668873
12.656673274
12.6872772547
12.8210446331
12.8762985064
12.9977899165
13.1403553995
13.6974676405
13.7711684012
13.9589040864
14.4963359576
14.5523829246
108
