6.02998891892
6.08363901334
6.09030355236
6.10945885867
6.16568531423
6.29477243095
6.35150694036
6.37054081708
6.39125997332
6.40393383267
6.68145543261
6.69413885205
6.70189962083
6.71407909641
6.7433224759
6.84742129407
6.86320617732
6.94022721575
6.97834727115
7.20017539664
7.23537592431
7.44298878582
7.52747671072
7.58897387504
7.65997152217
7.69725193071
7.71652470411
7.72536340103
7.78557223757
7.82742585948
7.89142693377
7.91610974236
7.98266933233
8.12843609746
8.21903562786
8.2877534615
8.30954274676
8.32130562947
8.349321862
8.40189634267
8.54045796699
8.63434276829
8.75339075603
8.76210791641
8.81235240385
8.85136718418
8.90509935073
9.08929828166
9.49774491042
9.56696828504
9.6964820134
9.89984550094
9.93927843827
10.1282193209
10.2105029886
10.3324273382
10.6126081982
10.7392388837
10.8295087986
11.0625585033
11.2075799431
11.3855533611
11.7131463118
11.9875561652
12.0576678196
12.0902746349
12.2590017235
12.5340294538
12.6584837085
12.8259495497
13.1024893093
13.2685952668
13.4746270947
13.5157972844
13.7424157651
13.8352820792
14.2328484975
14.5186967884
78
