6.21806621513
6.22145759191
6.25508223171
6.29525042104
6.33051245413
6.3497258943
6.37249422048
6.39494128314
6.50904925041
6.55913479799
6.5734989778
6.58490754433
6.59165275353
6.62665094425
6.65684386438
6.67498631747
6.69242671923
6.73424894967
6.76414318728
6.8109208064
6.85911351552
6.89503228648
6.92118707597
6.954383948
6.98443312146
7.0130763711
7.05112712819
7.11922830876
7.17596157784
7.20927307852
7.22864222796
7.2628872378
7.36937268349
7.39745568069
7.46470837624
7.52781812523
7.59021061597
7.59481552177
7.6554518455
7.80042916429
7.84418037376
7.99928015811
8.14987924759
8.19982727209
8.67990292618
8.71960847199
8.87145672683
8.91478083843
8.92142572222
9.04049245626
9.24036581185
9.50694702037
9.59762169894
9.61324020514
9.68162209746
9.81935148383
9.85874323595
9.97708273976
10.0017253161
10.034919895
10.0434194173
10.2569785411
10.3805912802
10.5456907111
10.5827360693
10.6634709487
10.7660504284
11.0935722678
11.1911368068
11.3284746355
11.4078956178
11.5243552264
11.7154885535
11.8531149536
11.9323088645
12.079540856
13.3659098751
13.7622273684
14.3124043633
14.4906852623
15.1141227174
81
