6.01834491257
6.02669340699
6.04272277655
6.05830154835
6.06875741498
6.08982495214
6.10708849313
6.11655630805
6.12588718151
6.13507850039
6.145869043
6.20704864651
6.21953303946
6.22960681944
6.23057322641
6.23477980111
6.3019510936
6.31635621383
6.33888164342
6.35374713216
6.3740699474
6.39318359703
6.49085312859
6.53448066775
6.55126572433
6.57226799186
6.59943004291
6.70540012774
6.72361440776
6.78498354996
6.82388905664
6.83582887288
6.87775624875
6.8964175748
6.92660599392
6.95046469115
6.9867403238
7.03577768306
7.04476920419
7.09391076478
7.11872298328
7.34839149762
7.41781758377
7.44318948987
7.47757770425
7.56018882835
7.59560837687
7.68273557404
7.68964099855
7.7273140865
7.81212653657
7.84404519006
7.90524644397
8.12448521843
8.21665009067
8.3840230213
8.44950364438
8.55654169385
8.60690597308
8.703465028
8.79516528127
9.00806486056
9.15792194722
10.8174960089
10.8609010702
11.0179410189
11.077608897
11.2348392235
11.595770512
11.9673142891
12.1349683338
12.380213245
12.5647427665
12.8015050409
12.8287859695
13.0621596966
13.4128566368
13.6691181098
13.8417857909
14.1188182907
14.6923754829
81
