6.0129722804
6.0266750523
6.03926226483
6.04188118181
6.04496088604
6.06089118209
6.06396744546
6.07439920256
6.08037859192
6.09174861738
6.10105508095
6.11332365774
6.13730557053
6.15239034924
6.17208969023
6.18813026045
6.19947220258
6.22576230541
6.2303349013
6.23166458433
6.24388305066
6.26924993742
6.27820983254
6.29143435386
6.29353695868
6.30258228861
6.32195049746
6.32491134796
6.37038953775
6.48535732698
6.53054520048
6.54644742631
6.57798564847
6.60536859273
6.67361362239
6.69223143954
6.73275737593
7.61857488058
7.66709810784
7.71496794781
7.72114333334
7.72860857867
7.76968726252
7.81681510316
7.84081991706
7.91567100763
7.95641363466
8.02076838991
8.02531552774
8.10879002003
8.54278674544
8.70248525309
8.82546490024
8.8624435731
8.93543785698
9.08356784538
9.13371927723
9.15865808256
9.88898531832
9.93736973299
9.96238287984
10.1036691594
10.1891119394
10.3300458102
10.4210049947
10.4866686565
10.7118450123
10.8049341773
10.935606037
11.0312579233
11.2932777738
11.6163350285
11.6951885234
11.8528112285
12.3971914057
12.7230916296
13.0073220601
13.8638319479
13.9527227403
14.3474135079
14.8150677866
81
