6.00844159258
6.04458259759
6.14030802773
6.16399524019
6.16909021715
6.22697098791
6.24754853531
6.25829042329
6.26820023068
6.28700879385
6.31184808634
6.31595928666
6.33249812698
6.33791359073
6.37285714727
6.40072613763
6.42032203807
6.42257610024
6.43732487434
6.48471249744
6.5321574449
6.56474414387
6.56912512086
6.60458242703
6.6627571398
6.68981576466
6.74067789451
6.77135443195
6.82230228846
6.85264713524
6.87015721381
7.48300548634
7.63516281795
7.71230788459
7.71697730774
7.76260207119
7.98766980977
8.07236941584
8.13333044689
8.14336869961
8.2206149607
8.37819694291
8.46804158099
8.60666289835
8.8037054578
8.80890810719
8.89054408883
9.19441644213
9.21954479273
9.3110913843
9.37720039138
9.45618924516
9.51082489318
9.60976299107
9.67064160503
10.7639513639
10.954411299
11.1189167701
11.3084022198
11.7782280986
11.9881574329
12.2554749783
12.3764899131
13.1313440958
13.352349462
13.8037429308
13.956773498
14.1955257184
14.4684118384
15.1867746794
70
