6.00279256619
6.00747591107
6.0283246074
6.07826887899
6.09242804523
6.09983837339
6.1051242214
6.18102155173
6.20615537259
6.22462959246
6.22921304542
6.24035357765
6.25426197965
6.27827384132
6.30774160551
6.32623404913
6.32816039208
6.33752972676
6.34298302616
6.38373252916
6.38553510822
6.40697339126
6.42973793397
6.4364536983
6.46954207316
6.51257409864
6.56570669554
6.60084499702
6.89575362353
6.93785267432
6.94174639166
6.99772902787
7.04112655124
7.08922488958
7.10837222149
7.1355456068
7.1553640098
7.29096235797
7.36608141983
7.39173410391
7.46574578544
7.51748860924
7.61109139784
7.64528534696
7.65897095027
7.77167874572
7.93184618086
8.01303418097
8.20799584969
8.26144697691
8.34075825439
8.47728792764
8.6152353703
8.698029127
8.79120002222
9.11000990542
9.15272234192
9.27094984717
9.37851222769
9.41967813525
9.56688110235
9.73994923602
9.94616110993
9.9768522832
10.2721695993
10.3427705237
11.0480006527
11.1919809972
11.2863220508
11.2988803667
11.6500668013
11.8556848728
11.9686103349
12.3897837811
12.537689415
12.6702663715
12.8843274735
13.0760445867
13.3176810667
13.3396967309
13.6666573704
13.9567505367
14.0855576222
14.2756323336
14.4204743052
14.7350610614
86
