6.00225026523
6.07426174746
6.12033211841
6.13743402248
6.15012545582
6.17068997413
6.18849899274
6.20298298521
6.2224678213
6.24605852179
6.25486849405
6.26745501416
6.30612010593
6.33159271434
6.35317347517
6.37872024694
6.4082117562
6.43761603927
6.46541040062
6.49785124368
6.50175200543
6.53133726143
6.56883425219
6.64331343443
6.6695613922
6.67266274499
6.7047679333
6.76388302612
6.80211422805
6.84024407168
6.86797555467
6.88236816918
6.89434112276
6.91584941432
9.7948525957
9.85573456254
9.96708672987
10.0003579189
10.115550855
10.2434313082
10.3636755046
10.4695190736
10.5576243002
10.578584585
10.6353684275
10.7324240104
10.85664912
11.4944049351
11.6979608706
12.6269872193
13.2975889153
13.6277003021
14.9840503276
53
