6.0244535326
6.03374589387
6.22534334603
6.2519468021
6.26372816942
6.2737060025
6.27791604629
6.28437383085
6.30233554367
6.90090600464
6.94650111223
6.97005548901
7.02799177255
7.07055248215
7.13549209364
7.14010116065
7.21046066271
7.24845825869
7.27631821757
7.34357322717
7.35072074022
7.60192083239
7.62735216745
7.66993001432
7.67450375876
7.79465593766
7.97722337871
8.10079361199
8.15119458015
8.19441574895
8.30069681743
8.36644080243
8.52063904262
8.53211202405
8.552083038
8.64287687545
8.64869425475
8.66094565464
8.75314356667
8.77722526749
8.81491833839
8.86474516389
8.94025622824
9.000223528
9.00730081639
9.04661609441
9.15381391316
9.16392760611
9.27924953439
9.38377319012
9.39515439428
9.43311470665
9.6794180608
9.74516694627
24.8929806355
55
