6.01318789798
6.0218296298
6.03557651812
6.09436454303
6.10354109384
6.12071273498
6.12914796065
6.1434239247
6.16885946959
6.17898756887
6.1920573372
6.21331874949
6.21624130911
6.23562280027
6.25377892972
6.40555430936
6.46102402346
6.47960849389
6.48215866971
6.49581694784
6.49753730913
6.50704166983
6.52192989995
6.59041377706
6.61826780643
6.63630770515
6.68926211185
6.69223652563
6.72804779765
6.74674491308
6.84926732178
6.88921883981
6.92413283821
6.97068187378
7.02350296399
7.03912898044
7.05964438925
7.09841377967
7.15053823732
7.17992762566
7.20090384667
7.25459355957
7.32752643302
7.36979856222
7.41544919026
7.46303314325
7.48339438686
7.57995954886
7.62990717466
7.64959361758
7.6579264356
7.67959132064
7.68627524439
7.73774784828
7.88579165805
7.9297628427
9.09282233211
9.19190421521
9.38788212659
9.44074042758
9.66698085176
9.85127659163
9.93118940777
10.0908156027
10.2440283673
10.2958351033
10.3762037477
10.5507910968
10.6222656276
10.7533999296
10.9395825013
11.1313272365
11.1963220112
11.4436132834
11.5140452604
11.6517708526
11.8507456721
12.1139432866
12.3552456487
13.3129687599
13.3665025885
13.7575565737
13.9258040854
14.0903651843
14.2680004995
14.5177035383
86
