6.00233195348
6.06379486334
6.07834143864
6.1147017687
6.1232202013
6.13031206754
6.13633681448
6.14409789266
6.15498403224
6.18689216288
6.22664815506
6.27910449891
6.30231974387
6.34561821187
6.36174531899
6.36572167121
6.37159125861
6.4131338636
6.4725532187
6.47997865051
6.50042318712
6.55758920813
6.56921316006
6.58017597769
6.59937253893
6.61147381904
6.61951746202
6.64940123467
6.68094849602
6.72260760278
6.96486899353
6.989212348
7.03868637658
7.08613627965
7.16155341473
7.1859694671
7.18905236554
7.21124287902
7.24994587818
7.31583634175
7.36062058978
7.38496500468
7.39299669969
7.42736162716
7.47011739526
7.54961515201
7.64293480633
7.80444585988
7.85513661449
7.99074303631
8.17115351812
8.2246892115
8.29834150895
8.32734233409
8.38550585969
8.45256658763
8.58212136492
8.64638625227
8.90351077122
8.94695301697
8.98949645727
9.0205727838
9.1474569622
9.31525361472
9.51478752849
9.76211497804
9.78029059875
9.81319378201
9.89286741429
10.1426730483
10.4541386199
10.6023058012
10.7918156164
11.0145079337
11.1410387348
11.5797699395
11.8696972102
12.1906432109
12.5026038091
12.9262447149
12.9605542822
13.0479824651
13.3593803835
13.3784698301
16.8688836909
85
