6.01114869366
6.01924163785
6.03292650963
6.0381091572
6.0856434253
6.10698116009
6.11975157396
6.12855982355
6.17347102464
6.22041976942
6.23896552332
6.24037628369
6.25408134611
6.26095212114
6.27871048988
6.29177831484
6.30463825943
6.32235873916
6.33004200036
6.3594399911
6.37282753738
6.37707960068
6.50192579006
6.50782371834
6.54312435973
6.54665999839
6.57696569715
6.60277911235
6.60452697659
6.61420178504
6.62030237666
6.64126477002
6.69540367902
6.75358775669
6.76793297059
6.78611005133
6.80718837285
6.82854532651
6.86009162446
6.89624657677
6.91796886044
6.94369283741
6.97652292051
6.98095147782
7.010942047
7.05313281239
7.07544992292
7.12503075376
7.13640902473
7.1989571841
7.26656701468
7.35301031475
7.36659001677
7.43554442797
7.50956656084
7.5636365611
7.62509719093
7.79613039577
7.81134256888
7.83386878181
7.86767179232
8.01056642793
8.14325812065
8.24931088758
8.45453295923
8.67368241175
8.83891870774
8.95045301982
9.08978894151
9.22739374256
9.31358312048
9.3509295353
9.58215597498
9.74957710023
9.77453211542
9.85475752441
10.0123177281
10.0535219541
10.2011249715
10.325562408
10.6708324825
10.772215417
10.8962475931
10.9065792257
11.1283280435
11.3423400643
11.506609418
11.5502354303
11.7940608541
11.9106272381
12.1355338749
12.2976086621
12.4976009904
12.6617864387
13.7053604247
13.7237717664
13.7638645908
13.8645761755
14.0430494998
14.5159494858
100
