6.01557978057
6.02898354622
6.03679426687
6.04843978866
6.05215247822
6.05525096312
6.0718438425
6.07780730715
6.1062748326
6.13959602602
6.14554043355
6.15363774082
6.16226077493
6.19740457605
6.21390923861
6.22379269004
6.24535096363
6.25345676452
6.26785417709
6.26939169064
6.27642250439
6.28574977334
6.33103943129
6.36247656081
6.39553737008
6.40531545707
6.40758681805
6.4637729983
6.47614889838
6.49386303854
6.50021691418
6.59149680849
6.60101763371
6.69191496697
6.71962395013
6.81357065423
6.89265964781
6.92758270849
6.96043057444
6.98298612058
7.00922894275
7.22397370107
7.26198425398
7.37516659958
7.43539581602
7.44809671066
7.48486758501
7.5208270908
7.63121132649
7.68217332969
7.71775961524
7.76981952835
7.84950670352
7.97185370255
8.22530086728
8.28312040346
8.39188587577
8.50978368595
8.57185811239
8.74182706231
9.18285831883
9.26127366933
9.47284436102
9.49835000989
9.57725954348
9.62186247011
9.87648512139
9.98125296423
10.0657502964
10.2056288908
10.3282837589
10.5216777437
10.5364344199
10.6565814782
10.7878457745
10.800336316
11.1520809214
11.2654101878
11.4249602758
11.4417017467
11.5585451833
11.7874031639
12.8005679173
13.0954768556
13.5356920162
17.7102916863
86
