6.00891453728
6.01965977497
6.03007923446
6.04098652649
6.05592773831
6.07081292961
6.07969032611
6.0880829001
6.13471874161
6.16624990648
6.17671211394
6.17877971532
6.18926497887
6.21022713953
6.28043937709
6.30501169197
6.32218074691
6.3468274492
6.37113601312
6.40993636645
6.45851984806
6.62251704224
6.63944995458
6.6484581123
6.6779768713
6.71068592868
6.75017146688
6.7690012179
6.81672265991
6.87713534873
6.89859220734
6.91455499173
6.91784823372
6.96979324502
7.05761501458
7.07133095245
7.09377662857
7.15780884231
7.21366020895
7.23124890004
7.2378036028
7.27950608627
7.28255471726
7.34470772
7.44002480346
7.53394275746
7.57876565471
7.68065938877
7.71831957079
7.79987135171
7.8523822947
7.87509034143
7.88003551487
7.9117720116
7.99164284501
8.03696730957
8.14543443648
8.76345405162
8.90404725354
9.05035829888
9.05940998644
9.15526900289
9.26111342166
9.39261745033
9.48425833285
9.55950901476
9.58745100372
9.63018431828
9.70885193734
9.90639813481
10.0275582516
10.0626946097
10.1175158381
21.9543349781
74
