6.0106688122
6.01663209579
6.0282853845
6.03840147256
6.05059453833
6.05639379735
6.07344818183
6.08135747375
6.08649748375
6.11315498132
6.12206766082
6.13754903352
6.149096349
6.15328756138
6.16319092519
6.176603769
6.18623466766
6.19656382906
6.19938526507
6.22495305879
6.23532815835
6.26522880989
6.28686452038
6.29844356543
6.3151556805
6.34821481152
6.36842265119
6.38184502314
6.40225857897
6.42704438715
6.4284793618
6.43945896105
6.45759882349
6.47355163542
6.49006882174
6.52245521207
6.53802970363
6.618001002
6.6603657142
6.7846898432
6.85740506475
6.87444797877
6.8898132122
6.93355482135
6.97841248259
7.0572009666
7.08659631941
7.14450795425
7.18191709103
7.23707072736
7.31153929757
7.38113904086
7.43738982727
7.4685135149
7.51546117806
7.52753281552
7.53127104077
7.55971810252
7.71169579259
7.83956293275
7.87162122247
7.93471204515
8.03582394903
8.09369749728
8.12490686158
8.25192063171
8.35168157854
8.39272242305
8.41426847247
8.44824050225
8.51811287176
8.58663903275
8.63263398834
8.77412661003
8.881088585
9.08983570976
9.12601910942
9.21167968298
9.32728009532
9.39827031105
9.90222847821
9.94729599518
10.2283625245
10.2658125258
10.3640035417
10.5102121559
10.5532405007
10.6936026209
11.7659499587
11.89033515
12.0632384309
12.1103746704
12.7464092275
13.2666270433
13.4622059916
13.7437134699
13.9664658311
14.2613966523
15.0592425658
99
