6.00958973123
6.01335077614
6.03159489613
6.03316843042
6.04272859158
6.05461579359
6.06025987381
6.06264352919
6.06452685113
6.07459678759
6.08760179631
6.11429085895
6.1253387121
6.13639529187
6.15544720726
6.16602581827
6.17405226441
6.17588284272
6.18927375295
6.28754109967
6.28865684138
6.3053741022
6.30914254292
6.32840056957
6.38064014882
6.40309894734
6.42076680009
6.46455408759
6.46763469497
6.49652000546
6.51962074532
6.55035266735
6.56503950514
6.59644513799
6.61990466006
6.62737394454
6.65881524768
6.67356172526
6.70024582925
6.71428167228
6.89466390217
6.93288609164
6.97824984314
7.03824990249
7.04455315148
7.06791218212
7.11418535502
7.11989061438
7.14436421472
7.21745877305
7.32959748928
7.39002557942
7.67972034993
7.71826156522
7.83585527528
7.87629875491
7.90009399658
7.94949856341
8.02950086032
8.038089555
8.06371809417
8.08286007963
8.12450914967
8.18535198379
8.24266191799
8.29304639652
8.32471699373
8.33653051892
8.38774736188
8.70387193517
8.77759025677
8.84849118809
8.99287211392
9.09847149794
9.23224238751
9.31709012573
9.32700257889
9.36686237483
9.56393561177
9.68130494687
9.72071670415
9.84969906663
10.8859068759
10.9626731793
12.2569816276
12.5353744665
13.0193068952
13.2657654454
13.4751290632
14.2550907713
14.6447215336
91
