6.00239006188
6.00369297009
6.01174068293
6.01666844891
6.02008573296
6.03369957694
6.03769208938
6.04876965722
6.05302550605
6.06544738139
6.08041206644
6.18797454882
6.20078852856
6.27042202126
6.28414560652
6.33228311087
6.3511799633
6.38120152549
6.38907219947
6.41362471851
6.42271897319
6.4535249208
6.48639178906
6.50868817269
6.524977642
6.57000656023
6.59951211844
6.61400959197
6.62145875012
6.62482625254
6.62664846396
6.6600054541
6.69878525812
6.70271155701
6.7461392563
6.78381427075
6.83377346315
6.85938277453
6.88577559173
6.90069056681
6.92956380871
6.9575614503
6.98571026292
7.04066887752
7.07637656507
7.15807296731
7.16777831515
7.20067067224
7.21741560776
7.25704744445
7.32473671841
7.40049421979
7.47741363445
7.51403275204
7.52982477458
7.55946586762
7.62515683514
7.68782902001
7.73510006199
7.84933321728
7.88159824291
7.92755561903
7.97571500343
7.98607553655
8.03377983063
8.1298324147
8.24810722872
8.33259871606
8.41628282724
8.54592440411
8.64971438679
8.73182340847
8.73748471524
8.80521431499
8.86297860481
11.7306685518
11.8792126813
11.8975023058
11.9932318291
12.1065561319
12.1283998426
12.2883144206
12.551074398
18.5734350139
84
