6.0087849998
6.02871301448
6.04006842331
6.04916827501
6.06690512848
6.07324591272
6.09545812584
6.11138159668
6.1174072112
6.15458378871
6.17316051191
6.1765446259
6.1944708159
6.20840533037
6.21362622287
6.22833358855
6.30828025715
6.32509040419
6.33977264268
6.35933139023
6.39391768466
6.41603348487
6.45534613067
6.54481595108
6.56694222889
6.57820273712
6.65191370031
6.67830448125
6.70680358241
6.70953829795
6.7164204872
6.76564197219
6.79037076448
6.81359744797
6.90212598436
6.91290242963
6.93876023333
7.01992889382
7.05415006455
7.09230168856
7.21875626896
7.26280008079
7.30999224764
7.36729314284
8.54026402035
8.54835120747
8.57707668421
8.67746236305
8.71462491675
8.72589349471
8.76372543186
8.85533071581
9.03783164367
9.15723795829
9.33102329235
10.2569419128
10.3401924796
10.5019820973
10.6287627676
11.0415029893
11.0809488186
11.3039914116
11.353504983
11.4420404363
11.5739146538
11.722009893
11.8622464857
12.0920592859
12.2758797676
12.4699805432
12.7521108802
13.0674397657
13.2261784839
13.3899726974
13.6543928514
14.2559561381
17.0904302439
77
