6.0018551385
6.01225456925
6.05318227543
6.05456688274
6.06219464537
6.08655013104
6.10678532967
6.12388139578
6.14301077036
6.16010211069
6.1677647859
6.18010596716
6.20114986018
6.21019759488
6.21343588948
6.23586933995
6.24469371241
6.3992738086
6.44784916172
6.47697025369
6.50566270253
6.5592219909
6.6025300118
6.61497142819
6.64845139551
6.68684948562
6.7037684402
6.74275614581
6.7865368558
6.83369679814
6.86376153343
6.87984509933
6.89848318943
6.91591917226
6.9578682158
7.04043809731
7.05644807816
7.06503228401
7.10143614966
7.2023172419
7.22847115084
7.39090479713
7.41138958986
7.46735589962
7.5651574584
7.59557760092
7.61234130394
7.69163658124
7.76203796973
7.78407258972
7.87498519595
7.94428328317
8.16102189706
8.18162977049
8.48668627715
8.68846096277
8.74457118991
8.84462575707
8.91702393047
9.01772565658
9.0744424759
9.10248691452
9.353575453
9.7568534406
9.81922587489
9.88185237772
9.98047863682
10.0403713283
10.2356779146
10.3009995185
10.3703066827
10.653677689
10.8328089584
10.940904464
10.9567405531
11.2855641852
11.4370024455
11.6572704665
11.7745296111
11.8382362667
12.1191008166
12.2577212809
12.5703899512
12.7128262056
12.9820389548
13.1953617679
13.3720433018
14.1053922408
14.444822796
14.7115907046
90
