6.02425071513
6.03662320251
6.04149847367
6.05272553533
6.06252477731
6.08005222602
6.11482504437
6.22891026435
6.23810205501
6.2470785002
6.26397894336
6.3695087124
6.4115132421
6.43749389709
6.48062443102
6.5104700278
6.54057203934
6.56369156705
6.57339913127
6.5876027403
6.59616595703
6.62750673855
6.63575881155
6.82377043428
6.83400702534
6.88995047882
7.03471730716
7.11411617008
7.13576872759
7.16166512252
7.18067854735
7.22094799429
7.24101884059
7.62727659751
7.68326866878
7.75965518436
7.81179837305
7.84844858552
7.95494095032
7.98004218617
8.25174260556
8.35426933854
8.40694197633
8.50851034647
8.60621047482
8.76444145624
8.85731654956
8.91599123118
8.95127152404
9.04053432129
9.21665259002
128.154905385
52
