6.00109544487
6.00272526409
6.00516429589
6.0176506424
6.04860576871
6.05013538936
6.06229883836
6.06457780907
6.09393889939
6.1883016984
6.20006785188
6.20883684743
6.22268154197
6.23203254864
6.25247387408
6.26325966685
6.2685721852
6.29460174482
6.2975169317
6.31999225246
6.34922501212
6.37705974873
6.40870396233
6.43082922266
6.44135063381
6.5365151638
6.57015324504
6.62093216671
6.69421479042
6.73180358539
6.74118788916
6.76090588933
6.83486653713
6.87096277753
6.90938927742
6.97852120363
7.01399947049
7.07440565113
7.13020311827
7.14796245883
7.17542741173
7.24284119003
7.31711229856
7.36519790097
7.41007653679
7.45108869795
7.52846770236
7.55088499293
12.407819923
12.6774573662
12.7349115802
13.4390325136
13.6100664761
13.8446285548
13.9680405637
14.2540758213
14.8810381337
57
