6.00355838909
6.00543620768
6.02423281143
6.04629666257
6.05486009467
6.07109381113
6.07939393388
6.1112033313
6.1349966033
6.14328952341
6.18996760555
6.20106664989
6.20229188389
6.21783439218
6.24654597285
6.25484046368
6.27034350383
6.29413070467
6.30391651921
6.31587960757
6.32991082675
6.33224391874
6.36014514873
6.39652587153
6.42382407323
6.43717654788
6.44211641471
6.4715998558
6.47442308304
6.47793557634
6.48742750457
6.51502953769
6.54316917468
6.56186198963
6.65921673145
6.68149192458
6.71339444573
6.74347913617
6.75344354669
6.76874729221
6.78686352199
6.83601595769
6.86972049115
6.89697270336
6.94215616629
6.95986694411
6.98161790459
7.00290718731
7.05041072399
7.07026559427
7.11689342893
7.12235380489
7.16723178402
7.52652367737
7.5801856216
7.74536305903
7.75081866712
7.77644466214
7.86410612714
7.93572425359
8.06316949376
8.21314130667
8.29600671612
8.38215412023
8.4459688123
9.34142655193
9.40406117523
9.44539114389
9.46784023148
9.51332862921
9.76280506652
9.84023252662
9.96363901504
10.1431473635
10.2465802558
10.3452186232
10.5205533042
10.6537320456
10.7852860833
10.9076919297
11.2014717899
11.4535091017
11.7004928766
11.8249989838
12.0732096018
12.1917192452
12.2983889668
12.5114459443
12.5489329556
12.8009216496
12.9348024715
13.0759515931
13.6459504944
13.7230424421
14.241742985
14.5644412072
96
