6.11481384868
6.12228973957
6.13151132306
6.14380176464
6.20141209842
6.20997164493
6.23819716758
6.27666564965
6.286144862
6.35321418119
6.66817896674
6.68885881747
6.70263158702
6.82791297191
6.88444368127
6.89689792627
6.92600043467
6.99159775964
7.03133688112
7.46286610143
7.53714882534
7.64174445979
7.70877277727
7.77517624666
7.81424588717
7.87687962117
7.92545489426
7.93132202496
7.9637713318
8.07462144885
8.10939268416
8.30107333511
8.40412651099
8.51175401664
8.69774087568
8.75217865614
9.09510666917
9.20442659907
9.23723950552
9.2437862869
17.8124818983
41
