6.03149776034
6.03594834872
6.0775918236
6.0879751678
6.09987208561
6.12956658838
6.13495392603
6.15619373342
6.16371193371
6.17506251097
6.190132009
6.20462527789
6.23250977566
6.25505489529
6.25911506429
6.27358710958
6.30058747674
6.31809577853
6.32765159173
6.35054942296
6.35515503595
6.37527251503
6.38420998895
6.4414033938
6.4750984733
6.48830414002
6.51026901597
6.52497327459
6.54985767277
6.60205544038
6.61025471508
6.6609431418
6.72625971405
6.76055482248
6.78079288703
6.81485823544
6.84365576481
7.18528573649
7.20529170855
7.24289871632
7.26244252852
7.33995269085
7.38546588083
7.45052826535
7.59887031518
7.62495178632
7.72838354109
7.76510698396
7.80026986128
7.82556258607
7.86777287594
7.90939513944
8.07623611695
8.3176014668
8.32451616688
8.46447029992
8.47573864894
8.59020825094
8.66102644444
8.72541998338
8.80559834665
8.92969155895
9.04303584882
9.23966281041
9.29196442664
9.43994876582
9.44942802162
9.4561586
9.63458218988
9.76959402406
9.86430893673
9.99053122125
10.0435439593
10.0995508992
10.531370514
11.30536686
11.5171438772
11.7326543911
11.8677812687
12.6669287767
12.8360247521
13.0673386754
13.3477970118
13.6019115915
13.788503409
14.3100549554
15.1550712063
87
