6.00470191753
6.03176151608
6.04858955896
6.066336609
6.07582867764
6.0906718406
6.09875129854
6.14125704663
6.14666020634
6.15894556877
6.16211341194
6.16706029478
6.19762407603
6.21360097817
6.21799645484
6.24164148964
6.24512642542
6.25370582677
6.26688721541
6.27265573839
6.27835664507
6.35969279346
6.37029817638
6.41157871711
6.41316865163
6.42532996462
6.43252507388
6.48830493528
6.5148731807
6.52623417655
6.60076045087
6.61241153476
6.64937048085
6.68130889594
6.69335918297
6.81137962056
6.82738406594
6.84957029049
6.87708060366
6.97751662306
7.00235201496
7.02929821345
7.07495900005
7.10043431649
7.1594609567
7.22485974344
7.26696032114
7.32391676838
7.35820460921
7.41358826539
7.46555602922
7.5039338204
7.56600165197
7.63269835976
7.6796526626
7.73274583171
7.96572884901
8.00740415784
8.32422612828
8.36221027827
8.36672650927
8.48359392566
8.61803233972
8.82440430353
8.89647874632
8.99944896425
9.03516811172
9.10657410717
9.34701140701
9.39589770643
9.59280473457
9.91508857528
9.98354791398
10.0916943607
10.1955712978
10.3792508441
10.7021579562
10.9146821347
11.1543547403
11.3324415792
11.557620145
11.6221238424
12.0285025899
12.1360901384
12.3324224823
12.4330472575
12.623842478
12.9160490874
13.0983436307
13.3355017089
13.728278875
13.8322776695
13.9935671866
14.6316120489
94
