6.00612299499
6.01435076263
6.06674400482
6.07884343524
6.09015367403
6.0919835854
6.10949820066
6.13215529731
6.14693841875
6.16683060994
6.1786356026
6.18423807978
6.2020015124
6.21956545312
6.26465805002
6.30641273809
6.33302339498
6.35244755814
6.37623835005
6.39508589022
6.41871730435
6.44208402114
6.44824261646
6.46191648521
6.46934790999
6.49099040037
6.50237399975
6.51322308725
6.55415798063
6.57088819925
6.57921796153
6.64724135634
6.7263430094
6.73249103456
6.76163829198
6.80479807699
6.81526971039
6.84464868853
6.89899490101
6.90224052803
7.08340974539
7.17691776094
7.22091667106
7.32591959756
7.34726774073
7.35128899362
7.37224714698
7.41617660886
7.49758213948
7.57406013074
7.65086258112
7.69381951439
7.7537033056
7.83232101019
7.94238760122
8.01676444297
8.11566594904
8.13882801251
8.16379306035
8.24106588153
8.28507038109
8.30331681284
8.48242008267
8.62312557929
8.7162175277
8.79667034244
8.86174093428
8.96520256898
9.04094086005
9.201360001
9.3020712398
9.32185926607
9.3727676306
9.52151235077
9.54114245834
9.88829382098
9.91042939176
9.92167900495
10.0828668771
10.2632348051
10.2892447799
10.4227760579
10.6598943157
10.6974064691
11.7046722628
11.8465167286
11.9147385314
12.4860426802
12.6214434318
12.83664506
13.2649880517
13.3340278257
13.4531482296
13.5552842374
13.7298056667
14.0678583662
14.1475842053
14.3853602508
15.2247068992
99
