6.00883786917
6.01306901318
6.05424994105
6.06825087045
6.07307945884
6.08453250211
6.1203178622
6.17822932948
6.18438505072
6.19181454596
6.19956405574
6.26806351391
6.28500199696
6.29568068948
6.33814062969
6.34846171432
6.35855926305
6.37519325476
6.39986909125
6.40984742782
6.42077301753
6.44184118752
6.48630023106
6.51213167022
6.54876831518
6.56722158708
6.61345299959
6.63575672778
6.64790641516
6.659718958
6.68485305625
6.71279121875
6.73916390864
6.77007597903
6.8099959265
6.81253012376
6.82225688182
6.83523505191
6.86085345036
6.89216237747
7.06870678709
7.08024992181
7.11186163862
7.17922470616
7.24784834202
7.33140079971
7.42811528555
7.45098171654
7.5503561652
7.60844324734
7.81738722011
7.8457288741
7.90942545748
7.91723820381
8.00985190332
8.11597524709
8.21693595265
8.234788459
8.42214740013
8.49506090719
8.56056179641
8.60780996805
8.66027191278
8.81474655781
8.8886265186
10.3651872962
10.37292752
10.4122562073
10.4756288142
10.5243283969
10.6560621318
10.6952093388
10.7204992186
10.8323575978
10.9337926329
11.1296933341
11.1626459095
11.369991998
11.5627297005
11.603477956
11.8022561492
11.8826143014
12.2136023407
12.5553113257
12.778597059
13.0510988761
13.1607602861
18.9880847266
88
