6.00632433273
6.02312568157
6.05323820386
6.07499990565
6.08952816059
6.09246058121
6.12058976142
6.1406295068
6.15865129825
6.18164720442
6.18834847133
6.22400971565
6.24560290242
6.25821082629
6.29485209536
6.32669603154
6.3339998253
6.35336850069
6.37058778192
6.37614615699
6.40153037921
6.42188416376
6.46120507906
6.51990789657
6.54452917579
6.55795824913
6.60910267824
6.61648972959
6.62010663319
6.6276728279
8.12332641395
8.15780757242
8.16761482022
9.8896809259
9.92434995133
10.0656511359
10.2896768828
10.372474659
10.5986215144
10.767673361
10.9606750849
11.0227512243
11.0579077407
13.1121132962
13.3257786474
13.4940463148
13.6785503274
13.708987733
14.1175728078
14.3834872307
14.6202517002
51
