6.01085602016
6.01771260132
6.02311514347
6.12000879068
6.124381507
6.13436075039
6.14739024705
6.16642154437
6.17461542537
6.18183690229
6.25914114774
6.26715763387
6.35127305632
6.38593745155
6.38753699048
6.40742900954
6.42723994941
6.43426717768
6.47541724922
6.5106421034
6.53443623328
6.58400017538
6.59729145605
6.61560556979
6.6209146812
6.74025625784
6.7518319212
6.76408682741
6.8539320174
6.88354872444
6.94427663661
6.97669892435
6.99909487577
7.04896385473
7.07887416508
7.0996813587
7.20892241935
7.24579599797
7.28369909865
7.32430858216
7.39325087272
7.43001511837
7.44835594237
7.45411957432
7.55219717447
7.55958528163
7.64918099086
7.7127279179
7.73525677784
7.7771069325
7.84583767417
7.90488729478
7.93065403104
8.14848043196
8.26102824948
8.37285540481
8.50185044271
8.51088299927
8.55064108512
8.57834986587
8.81569142644
8.85671069223
8.92658053862
8.95662749014
9.04675472222
9.16107943345
9.19300314718
9.26025012792
9.27024422856
9.39572242796
9.42649866259
9.53234902741
9.54881419752
9.65826014365
9.83224015551
9.97381475652
10.2784375371
10.2926785803
10.3873169369
10.4607036949
10.6568917745
10.8446045371
14.5378147083
83
