6.00873785645
6.01795484301
6.03746204083
6.06152331261
6.0705927125
6.08661112808
6.0993482778
6.10935503137
6.12788194313
6.13563895476
6.23331746408
6.27104739496
6.2834901372
6.31385565806
6.34691780981
6.3562780964
6.36871404435
6.39046692965
6.39221731965
6.41571977176
6.4440413142
6.45904864684
6.63057340743
6.65096521469
6.65594614337
6.67818031056
6.70257298512
6.70660843806
6.74203214987
6.82054326211
6.84371140579
6.90950585125
6.95784281243
6.98039774922
6.99238752744
7.05243517893
7.09909144511
7.17932488114
7.24706335465
7.31670616439
7.41083141647
7.44452422716
7.47330081465
7.51644462799
7.65603522827
7.66736320058
7.72250887252
7.80598492468
7.87635321335
7.99654707785
8.11410675667
8.16983748275
8.24449114389
8.37817131501
8.46836174779
8.5213735852
8.5789314239
8.64853002295
8.76027474439
8.87232805417
8.92091720597
8.98196254297
9.64313220379
9.67849639495
9.93233728846
10.4293381884
10.4763630795
10.6821296418
11.0152711026
11.0625120357
11.2392157013
11.5318810105
11.7004277845
11.9523108673
12.0597660893
12.3532289335
12.6102605906
12.8129603724
12.9699715515
13.0794020221
13.3645288561
13.721474785
13.9306807587
14.1081559926
15.2971233808
85
