6.00231947713
6.00981497459
6.03403549273
6.04859461834
6.04991472291
6.05843793953
6.06273916254
6.07421089795
6.10569731216
6.11688459188
6.14005714321
6.14407726595
6.15474459672
6.25928318927
6.26065486273
6.28744722036
6.30210709261
6.30478313115
6.32071954181
6.35790764635
6.40832719839
6.42467744112
6.45441123112
6.49131086552
6.5150975306
6.52348860772
6.55103902567
6.57533609288
6.59705034644
6.60686816604
6.65609426233
6.90083129695
6.95890620926
7.01857875192
7.03804957094
7.11539520874
7.20255015762
7.23550544669
7.29249139769
7.29661193188
7.35887853741
7.42378609761
7.47010658283
7.50962162107
7.52780841358
7.53208359486
7.61833680045
7.64422905362
7.67236013574
7.73670738254
7.79614924261
7.84438960599
7.9086550485
8.08580064873
8.12395512531
8.27855278356
8.85939776615
8.87534132755
9.3420508462
9.37591165383
9.45752308354
9.55241001262
9.5925644844
9.96001917791
10.0348111244
10.0859421726
10.1322112545
10.1926822877
10.4025117206
10.4771845012
10.5653621644
10.8507142234
11.1048854346
11.1551660403
11.5382255553
12.7754681886
13.0438546824
13.1883410848
13.4320628212
13.6024595589
13.8515047559
13.9345860262
14.0927607825
14.8914737439
84
