6.02241301649
6.02774010447
6.04412282348
6.0492953609
6.06505596273
6.08012767872
6.09242462129
6.10563696566
6.11389537161
6.12192344525
6.13006856094
6.149397898
6.15527861402
6.16638196856
6.18178367237
6.2032646392
6.21335963925
6.22699835609
6.22872730357
6.22971023717
6.23818928704
6.26929376216
6.27202478004
6.27427935297
6.30115658115
6.35250982111
6.36774743807
6.38667545066
6.42007966672
6.42609322634
6.5243824441
6.56406852382
6.87180631492
6.87605892401
6.89460060685
6.94746742475
6.95860996216
6.97739570646
7.03473429725
7.05531635452
7.05787157077
7.08924717751
7.11694286172
7.14079533349
7.22105547457
7.2950070646
7.33029100983
7.40424553275
7.93536217856
7.97597987085
8.07067136882
8.10239836485
8.14148407133
8.35729222759
8.40656123939
8.54105051199
8.72904726437
8.93468681499
8.99610487075
9.01502169652
11.0762585357
11.1816165244
11.2426977555
11.3655034237
11.44885119
11.9671804962
12.084297198
12.2487797135
12.3181110716
12.5925075279
12.7365825643
12.876267856
13.0942367596
13.504466246
13.6363783504
14.4359447811
22.2369071814
77
