6.01609520247
6.12013874867
6.1264261975
6.13575858714
6.15804573128
6.16332564819
6.16636686056
6.17394245018
6.18118584877
6.19283433629
6.21500653846
6.21749682955
6.22452079378
6.24312747774
6.2631769654
6.27800593547
6.29509929384
6.31714310501
6.33244177373
6.35017436753
6.35164256682
6.36360737689
6.37057472768
6.38303948084
6.39065346563
6.39906515022
6.41360451501
6.43237563599
6.46738663211
6.47867950306
6.49017065826
6.50175104701
6.52512077517
6.53351465015
6.55414250385
6.59836774175
6.61577166309
6.65444370732
6.67139257729
6.68703762254
6.72563746403
6.74839320213
6.7681101565
6.80316937009
6.8096202708
6.82165635231
6.85853920332
6.86138980048
6.88576885071
6.90559956027
6.91563374605
6.92777444764
6.97049093788
7.00643105953
7.08476774449
7.12776737857
7.20556590095
7.24979584321
8.06183855204
8.22110907535
8.31713669349
8.59393499393
8.62642688322
8.96479219184
9.22226048907
9.25994506092
9.38256481198
9.47822543954
9.53485541846
9.66836718298
9.92509014765
12.2391538033
12.4273743942
12.5821211103
12.687182566
12.7831137001
13.059381249
13.1295847342
13.7024946493
13.8971102482
15.0885175674
81
