6.01100464664
6.04278680528
6.05635213363
6.08225341232
6.09409883714
6.09929460897
6.10836263953
6.12521105196
6.18540205987
6.22537321416
6.25247982978
6.27339867131
6.2776141904
6.28994184418
6.30161604897
6.32073784064
6.3256435841
6.33689863057
6.36670773299
6.37709009083
6.40649472653
6.40919658354
6.44561769278
6.45263692445
6.47649204737
6.48369452741
6.5357662778
6.54628405951
6.56243811281
6.58322640895
6.59423490561
6.61723900893
6.6339455523
6.63558243817
6.77590661012
6.80030653219
6.82822434128
6.87537986683
6.91230881961
6.94935223211
6.98467296403
7.04395381911
7.10192323046
7.12556678169
7.12851125081
7.21964821777
7.23553277269
7.25518276558
7.25842018455
7.37907066091
8.53140228278
8.54201438725
8.54669657811
8.7596917796
8.77032198953
8.80484647926
8.95955701008
9.02333121633
9.14538702645
10.2668827651
10.3162577674
10.3631779687
10.512309557
10.7077286088
11.0895354573
11.2698611939
11.3073755832
11.3574329402
11.5396897364
11.6887815922
11.8482156265
12.1565759726
12.2135233736
12.283347438
12.4489383808
12.6629433387
12.8054296793
13.304008047
13.6522843477
14.0407846419
14.0804729792
14.3526476545
14.9597964724
83
