6.00495091906
6.01461159448
6.02077717491
6.02761439685
6.040071839
6.0625355596
6.06837616316
6.09612127328
6.12286245981
6.13288574529
6.14080621083
6.16150628867
6.1898546798
6.20449496075
6.21714778021
6.26414069318
6.27083127869
6.27639741213
6.29880520579
6.32129738685
6.33384797207
6.3423758156
6.34812300736
6.35977265014
6.3907813398
6.39963875146
6.60562507799
6.62542676722
6.63592872311
6.6491725051
6.676629465
6.72437825703
6.73945986408
6.75245836513
6.77628214094
6.82207313054
6.84708386518
6.89854079565
6.92611214214
6.95296422346
6.97662053953
6.98564050522
6.98803497057
6.99596376633
7.02763403439
7.02995344771
7.06489866093
7.11723178953
7.24234030021
7.26814661553
7.27774534897
7.40010220354
7.4165993272
7.46402918759
7.51512774165
7.5332691742
7.58758503679
7.63157103439
7.72938567058
7.77050030917
7.78601831326
7.82897827779
7.84732300393
7.85650042444
7.91387830774
7.96854776583
8.03287602354
8.82377259497
8.84403280214
8.94395779046
8.95298610346
9.04215802941
9.15370088398
9.29704363351
9.43493515428
9.61147227198
9.80001300927
10.0316536079
10.12391699
10.2258333769
10.3053652761
10.3683762069
10.5586583311
10.5846080076
10.6459839696
10.6572100298
10.7674869765
10.967412118
13.3028423396
13.6944140541
14.0048712565
14.1706166598
14.5634580897
93
