6.02210196699
6.03055519987
6.09720308536
6.12322001035
6.1478536865
6.15969276656
6.17411641875
6.19655170271
6.21190160781
6.21638073884
6.23478412114
6.56341017584
6.59959794369
6.61779046334
6.62844034118
6.63107460297
6.70541847815
6.9304685411
6.95395103908
6.97213562613
7.01656260066
7.04199848272
7.1180674136
7.15033097535
7.22794843188
7.26191050381
7.28173223308
7.30638909605
7.3213536356
7.3761565688
7.69853438741
7.70372429144
7.78292765465
7.82758668822
7.85389913514
7.93202050459
8.01252015489
8.08243039779
8.14453995711
8.22735144434
8.28889723925
8.42377755957
8.43786579096
8.80169727185
8.87369674994
8.91427351301
9.01437649464
9.21029867717
9.21883407127
9.67714632224
9.71420300478
9.95906501681
10.7558454129
10.8591781364
10.9187067553
11.0363296283
11.1522386864
11.1952432586
11.3296244195
11.5432092283
11.5883074097
11.6682103126
11.7664286975
11.8257619922
12.0871664872
12.2003668975
12.4884115636
12.6905327547
13.2126522053
13.6396242734
13.7178182608
13.7907914559
14.0788715376
27.0407524578
74
