6.0098900363
6.01110152028
6.01847256791
6.0291691102
6.04004080228
6.04230849374
6.04748999054
6.05239740143
6.06838382513
6.07463374073
6.11137368773
6.12677755716
6.16775428962
6.18894737166
6.21935315024
6.2497508467
6.2570323722
6.2750976117
6.28553663754
6.29124309888
6.29876954843
6.3250060528
6.34454720956
6.36726538551
6.38302904843
6.39776110423
6.42134727105
6.48156727605
6.54139174137
6.62149348643
6.65316001467
6.67003629703
6.70239206908
6.78418512939
6.80452429
6.81685917495
6.84582824818
7.05079199759
7.08102427378
7.14627064769
7.1838668283
7.21491462078
7.25377359402
7.30730943192
7.41018181068
7.43946852461
7.53376685664
7.78892836739
7.79808024881
7.84739482587
7.85755984864
7.86352077018
7.89939684492
8.02341921716
8.07856487686
8.15859032864
8.22251123509
8.37147453917
8.44763708438
8.55366396537
8.77539623428
8.83473645449
8.91398653751
9.07325344715
9.20930478219
9.25013397628
9.30436939381
9.39948123485
9.44829234977
9.70550648984
9.81972605778
9.91208392859
9.99296854875
10.0157465245
10.1591182769
10.3230705193
10.3949097512
10.5441844294
10.9171432093
11.0374562198
11.0521323135
11.1809377359
11.2789431186
11.4754431888
11.5685466016
11.659368961
11.8984896548
11.9204119315
11.9424552818
12.1923111307
12.2097679963
12.9194217212
12.9580497502
13.3803794884
13.4199518396
13.4413555008
22.7873948036
97
