6.11614764411
6.12674800791
6.18739714157
6.25964840497
6.26723066383
6.29448396862
6.38092483293
6.38559496675
6.49690398362
6.51667358763
6.55400750222
6.57489980071
6.60319193703
6.62037904562
6.63384978183
6.66292408756
6.67767276823
6.7018833441
6.71278256972
6.74125753956
6.75606587309
6.78573862359
6.81384544324
6.85485856124
6.94957277711
7.18549717884
7.30270020326
7.45433340744
7.48744770914
7.53341812789
7.57829924837
7.58287860518
7.6111961237
7.66874069536
7.73208548245
7.74261021082
7.78889970067
8.07680770975
8.34424652995
8.43958272935
8.47716887454
8.68233988469
8.71388232044
8.84375118101
8.89922603484
8.9105967225
9.03781842377
9.19892007159
9.23296888244
9.38194141735
9.62071005649
10.0384712411
10.1007504462
10.2339439033
10.2999638834
10.3757612528
10.4341494503
11.0291559548
11.1348745881
11.2769995877
11.4747375863
11.6711968787
11.7609429121
12.1954462889
12.2733453126
12.6261605094
12.7578263991
12.9018117304
13.1997550246
13.3129699098
15.6799824579
71
