6.02016774999
6.03909583942
6.04521256704
6.0571116163
6.06807193334
6.07783407773
6.0822025725
6.09310714683
6.11853231578
6.14136791283
6.14888457529
6.17071554443
6.17698435937
6.19028072652
6.19996554997
6.20622775028
6.24328836163
6.2484217764
6.26209651732
6.26365340631
6.29335391289
6.31774919106
6.3208389386
6.32293324017
6.33315846103
6.34614913412
6.35605990348
6.3774524432
6.38880710533
6.40554927219
6.42266819949
6.44667926868
6.46652377001
6.47877363675
6.48013984739
6.48894797137
6.49274139429
6.50959344701
6.52297230457
6.5472296667
6.6508391884
6.69389527156
6.7213286291
6.77274516806
6.81490712953
6.82700880126
6.90816938084
6.93190567393
6.9663223682
7.01165614445
7.02237947746
7.06109677683
7.11083590388
7.19720954271
7.22440741993
7.41253344079
7.41772411301
7.43437757823
7.50969099134
7.53909774656
7.68474853542
9.23464038137
9.26377391478
9.39260329338
9.48548649313
9.65321318689
9.76632601047
9.82519978069
9.96883510604
10.0587284002
10.0998780486
10.2574177782
10.2655618265
10.3859694109
10.4308722009
10.7290188797
10.8965744502
11.2828784834
11.4804653358
11.575698312
11.7376588236
12.3925348074
13.2834944786
13.5880787447
13.8174709151
14.6190046891
86
