6.01829682753
6.03472080829
6.04330410954
6.11859810001
6.13904397813
6.14534688746
6.14891065277
6.15555208437
6.16515982683
6.18590932511
6.24249924437
6.24782450218
6.25130098451
6.26250963131
6.28923999689
6.31673571688
6.40729945634
6.41737188884
6.47745164665
6.4787902149
6.50902449201
6.52170500223
6.72697438536
6.77127343266
6.77686925347
7.18988070991
7.20774532191
7.27092001246
7.27435288675
7.29842620478
7.3027098516
7.35412783469
7.42913459776
7.46056772984
7.48812323679
7.53558690462
7.57539632656
7.60002533183
7.77403726695
7.83475674939
8.082392481
8.12151002682
8.18430367441
8.19408210592
8.20517086331
8.27202695641
8.28480369211
8.31220684918
8.46749633039
8.47776491282
8.62645414768
8.69053070317
8.81021983904
8.84502188028
8.97695523588
9.19059013006
9.39423480753
9.53274444955
9.63080862966
9.70260607523
9.76412336987
10.0792833748
10.3135773966
10.744476491
10.8374731778
10.9765796003
11.042665824
11.0748919986
11.1860978038
11.2595902747
11.3503305267
11.4453245407
11.5597402837
11.6197135029
11.8827508483
11.9847106625
12.5566748346
12.7533887072
13.2495898036
13.6183475011
13.9011851034
14.1437502135
14.4307746966
14.8425698915
84
