6.0132901652
6.01532894262
6.03700445654
6.05195539638
6.06910019627
6.09067698804
6.13898633401
6.14019592865
6.14502515987
6.14879663249
6.17024286954
6.18451568466
6.19323160812
6.21617685819
6.2176127691
6.23740890354
6.24975166563
6.27593907958
6.28360324603
6.29981668019
6.33438081264
6.39094550129
6.39917549439
6.61362551519
6.63226993984
6.64843275418
6.65133425173
6.74485188678
6.76537647232
6.77004620051
6.79272017055
6.81318049269
6.83015256573
6.85731418495
6.87830275966
6.91759454588
7.18919054694
7.30472550777
7.32503074678
7.37883869578
7.42492142763
7.62560324002
7.64531606766
7.68979756921
7.70682213712
7.80772429571
7.90446388003
8.02765165963
8.18125130295
8.29691254167
8.37816809619
8.45725411095
8.57452398245
8.63983473495
8.68193944777
8.71777386572
8.81699074338
9.19995632779
9.27927503919
9.32075546543
9.39554037462
9.53642542771
9.55813736686
9.65189045412
9.79209033575
9.84942293287
9.99300961304
10.1366990679
10.1805535305
10.8977015342
10.9483885048
11.0807532372
11.2897803695
11.3348218844
11.4767243943
11.5305808112
12.0133014332
21.7722915051
78
