6.06138596306
6.0779974309
6.11925037086
6.13579637039
6.14685111571
6.16338231092
6.17566853557
6.17728990571
6.20705475547
6.22406323505
6.27302980638
6.29464552048
6.31925846595
6.32038628942
6.37555090949
6.3894258708
6.40338826495
6.42691461415
6.45047946081
6.45398725929
6.48794763577
6.49242041467
6.53381848832
6.56964590412
6.63843624686
6.67213608275
6.69415539449
6.83063365471
6.83477294647
6.85754138399
6.88810352982
6.90302498225
6.91999619179
6.92617741698
6.93113948558
6.97781339026
7.01147355081
7.07599105744
7.12443722649
7.18322659924
7.20726452866
7.21513813276
7.25205081853
7.31309604674
7.37004875376
7.40276665216
7.4755839901
7.52509434667
7.56309142188
7.63066950306
7.70065230837
7.88889565279
8.01975731185
8.06018442965
8.09192690383
8.19284635217
8.24533955049
8.29799241391
8.37359368284
8.46398204795
8.64520335314
8.69572670616
8.70767827794
11.576053705
11.7090513552
11.9629748382
11.983434676
12.2945718433
12.464427879
12.6787822651
12.723767966
12.9548310562
13.1449057017
13.1758521549
13.579037363
14.3234361901
14.6380847746
77
