6.01518424495
6.02114621315
6.20087451609
6.21201304538
6.22983459331
6.3350036218
6.34375446759
6.3619897278
6.38558416923
6.47847143545
6.50975989761
6.57830460085
6.58000549669
6.62517427814
6.63731738266
6.72025405263
6.75293704172
6.79745788944
6.96941940478
7.17519519731
7.22676874857
7.27374255626
7.53050626503
7.62571370733
7.67108361686
7.75930927661
7.81301837399
7.88324318714
7.97061341905
8.12264871149
8.15846158516
8.68901626591
8.76222760455
8.84787461919
8.96757707015
9.04231350806
9.0613634282
9.07780443896
9.15912391398
9.34756156616
9.4276009134
9.56516599013
9.66046816687
9.82600432393
9.98093614418
9.99396277464
10.0043407729
10.0425689493
10.0503887912
10.2062242992
10.2157091864
10.4671581899
10.593699145
10.7270976633
12.0506939433
12.2571455722
12.378862931
12.5925642564
12.7024688752
12.8336122344
13.2155512471
13.4502089362
13.5103168683
13.7371572913
13.9337058179
14.3780812012
14.4961763842
14.6666357327
68
