6.00736008449
6.04334668301
6.0506932464
6.05419187665
6.05555890551
6.05647897824
6.05743883528
6.07170837257
6.08394502402
6.09878809478
6.11465069269
6.20807499177
6.21534519047
6.23033586604
6.23921822861
6.25818413459
6.28026832884
6.31198789314
6.31312427088
6.33495518187
6.38400523811
6.38591854688
6.39906315417
6.40959979387
6.4205303795
6.43101040499
6.43277888082
6.43967762923
6.44175074218
6.47845734609
6.49493066976
6.51315027579
6.98120721784
7.02099193609
7.06884550334
7.08739115108
7.26348160211
7.29473376816
7.34560493647
7.41226002221
7.49091588339
7.55759362774
7.6546586676
7.70342820745
7.73099560017
7.73525894338
7.9943458242
8.02932550686
8.05308602644
8.08446603424
8.34443788742
8.4223052884
8.45991459714
8.49927556138
8.56651835983
8.68385022262
8.78013097
8.81338792383
8.88802650382
8.99076517887
9.12146639066
9.17276472065
9.27056620552
9.39790937928
9.4367804906
9.47978449413
9.49195016025
9.53886467859
9.56096358729
9.68758016484
9.78942837596
9.95311159939
10.3001787546
10.4180353861
10.5250386101
10.5383987894
10.7335851325
10.8784293356
10.9370251917
11.1290764453
11.1693422164
11.381713403
11.5298353337
11.8787313243
12.3788237466
12.5485722133
12.6497606996
12.7716046878
12.9966265791
13.0898642719
13.3001456574
13.5991298016
13.9161888555
14.1804579155
14.6226091447
95
