6.0039607732
6.01567095514
6.03209158129
6.04259431073
6.08177950632
6.10959734635
6.13050062184
6.13557569185
6.15205992632
6.15344276657
6.33034566343
6.34260708779
6.34659331079
6.35991186799
6.39164529393
6.42536197805
6.43783965557
6.44673535176
6.46103840914
6.5068736926
6.51706832954
6.55722667821
6.57847383674
6.77210412034
6.78800032175
6.83828975877
6.96487822783
6.9756004063
7.00104836446
7.05566591315
7.16289485875
7.18981273726
7.24960578402
7.28554534414
7.32507837411
7.37985323409
7.44923600414
7.49635306163
7.59042852686
7.63439971168
7.75511618054
7.84428062146
7.88597942091
7.95951256376
8.05676529104
8.06246330224
8.1345827467
8.23183189253
8.23887357212
8.24854067636
8.35770444946
8.36918370422
8.37841902993
8.41376801801
8.45707699989
8.50352098726
8.52992053958
8.57586093787
8.58629441227
8.64280536609
8.73310432645
8.77104635792
8.89378235014
8.92770323669
9.01270577412
9.07102743331
9.14459489286
9.22694727973
9.31150015541
9.42895351992
9.6829014323
9.9079903005
10.0002263428
10.0997786629
10.2068733733
10.2596413708
10.3553690844
10.5778778793
10.6951739154
10.7188081097
11.0285431803
11.2940236449
11.4104103537
11.6118363587
11.7678113488
11.8012537999
11.9033261036
12.2790752333
12.4504489342
12.7855889973
13.0573392023
13.3404301849
13.5142250849
13.6877351704
14.0052950962
14.2299300889
14.6883167499
97
