6.01075079157
6.04202937005
6.04433347339
6.05039763937
6.16849152298
6.16973550731
6.24195845442
6.29750042979
6.35764157879
6.44996751086
6.46426235237
6.50188463799
6.51880425158
6.55619365852
6.57239476406
6.59607588025
6.60848526823
6.6155420374
6.64883568547
6.67353697432
6.68247230081
6.72374658238
6.73521919455
6.77281437632
6.79614717191
6.80993860615
6.82785719009
6.89002174633
6.93963564991
6.9807249805
7.00770771744
7.06007160355
7.07739437816
7.10288136865
7.17539583287
7.26312756557
7.27027376651
7.28974732091
7.31041477238
7.35649636652
7.3706006797
7.40756202216
7.48805767561
7.63257883049
7.77794060082
8.04546245281
8.06446560449
8.15856916859
8.16913403403
8.21876448485
8.25085343725
8.26829383087
8.3062077925
8.34830207123
8.43149709034
8.50701289874
8.57509923945
8.77571597316
8.83027493041
8.846347254
8.86190882974
9.07992998129
9.14028781482
9.16495120231
9.20173958812
9.45867888072
9.51563257497
9.56141755687
9.69071181385
9.85625074621
9.93771978896
10.2546752919
10.3680159858
10.5706043011
10.5986391206
10.6603145291
10.8028126697
11.0702940347
14.9918170963
79
