6.00939726093
6.01827225016
6.02481297352
6.03934432747
6.08475430743
6.11668578453
6.13415276872
6.15861314929
6.17680172785
6.18446293471
6.18889167914
6.19429550934
6.21322125974
6.22352722136
6.24721599054
6.25362784583
6.25868409628
6.26693016903
6.28156210186
6.31545662476
6.51511003465
6.55821977219
6.58166644681
6.98731134093
7.02416219106
7.08050570663
7.10360936942
7.14418781578
7.17957476118
7.19863505843
7.26756271123
7.30689510216
7.34797078794
7.39052373157
7.60134231019
7.66836043918
7.96526589752
7.971372612
8.02734312307
8.09763779278
8.11075766148
8.11663326251
8.37560053626
8.38514743175
8.46148207821
8.53475411341
8.56535789423
8.69351294373
8.82012976804
9.03516377817
9.16251191877
9.23281956904
9.29256832466
9.50182962625
9.57642234079
9.63579576972
9.77609192208
9.82715594656
9.92169940322
10.0125137294
10.2441039547
10.3848596427
10.4083191808
10.6157774911
10.779915093
10.997632447
11.1886000677
11.2097687278
11.2612791644
11.6850529398
11.9325583409
12.4197948671
12.7304553412
12.9070707442
13.0403725821
13.2669149164
13.6280698004
15.256225101
78
