6.03050822801
6.0758500968
6.09280549525
6.10259431172
6.13777411781
6.1895496302
6.19888813364
6.2041145696
6.21550469663
6.22944928012
6.25734498859
6.27882501016
6.30792625254
6.32192023567
6.32305383877
6.35156966453
6.370578655
6.37610682014
6.38513056367
6.43090581758
6.47496824148
6.48141271809
6.51819333248
6.54485157827
6.55856604254
6.58123509164
6.62326647248
6.6425823069
6.66161874878
6.67751632883
6.69475640479
6.69673178114
6.73886024977
6.76403946841
6.76641018869
6.77774816068
6.82746709296
6.84476286689
6.86895416499
6.88263374749
6.94599954198
6.96609826857
7.06372408938
7.10914933391
7.13492244855
7.14075108973
7.15793931539
7.19893735466
7.26919371183
7.81563062849
7.85994642692
7.94116949889
8.09277275611
8.13322883416
8.20390473223
8.25459603505
8.50527689222
8.54310918625
8.56620891145
8.68169236873
8.72304358959
8.75083257146
9.28964400373
9.44254209631
9.53825212589
9.63029739217
9.70757828366
10.4141832946
10.6214694763
10.7203428851
10.8753800561
10.9023185553
11.0288883467
11.2296995007
12.0555079323
12.1068017087
12.2017090393
12.4812023978
12.6188537075
13.1161691511
13.3447441577
13.6222852299
14.2758927754
14.7445757162
84
