6.00131312414
6.00788288728
6.01960434812
6.03469340607
6.0382961935
6.04837138926
6.0535216541
6.06662914816
6.07084443857
6.07172948025
6.13388916375
6.14226857464
6.16260482878
6.17870049773
6.18832206299
6.18929840156
6.24526571053
6.26793264451
6.3014216793
6.31636330374
6.3421934623
6.35462781387
6.35637759723
6.37792544987
6.39921659211
6.4120581012
6.43206909956
6.44905472387
6.49232140987
6.52288907414
6.52994514593
6.53667082207
6.54402945891
7.08366407865
7.13775764154
7.1443488158
7.19571054517
7.24992675411
7.29511980005
7.33660701404
7.74193253272
7.79244910539
7.79716205289
7.83466237416
7.84757226364
7.94632395033
8.00537412312
8.03628365619
8.08662118425
8.11032606575
8.15681764586
8.25472318094
8.30683997014
8.3769679603
8.45050628548
8.50404732729
8.55654022813
8.57741487325
8.66715035595
8.842913049
8.98250519757
9.01123548643
9.0165257428
9.14757228932
9.29021936087
9.37061340853
9.41988160448
9.47685153096
9.54060649505
9.57284160164
10.0187120325
10.2000824373
10.3178140364
10.6798094396
10.7956751802
10.9352284128
11.2550984563
11.408280708
11.590435603
11.6841161392
11.6984219152
11.7850294559
12.247984483
13.0983489994
13.7674018503
14.1028414882
14.4563146635
14.9898978676
88
