6.00180429089
6.04897228921
6.05518379648
6.06395975218
6.08798881746
6.08957257167
6.09530914585
6.10203523082
6.11416303762
6.12207865998
6.12564726503
6.15172264049
6.1769533545
6.20301739925
6.24645632563
6.25499409772
6.4352840685
6.46207934751
6.489681828
6.51085733162
6.54492932868
6.59709247727
6.63167956624
6.67999440676
6.7985052616
6.83565897047
6.91126935267
6.95656220852
6.98270137515
7.17035906025
7.22227446617
7.25329885152
7.27038378886
7.32324581913
7.49939952028
7.64490143522
7.72204108219
7.77331373736
7.81390961696
7.85448937724
7.88508139318
7.89634356732
7.95033177939
7.97099484067
8.09162782206
8.12990158362
8.20318558543
8.29266810595
8.36894800093
8.40609967154
8.53917597461
8.65492406939
8.7017841682
8.81433063143
8.89576295109
9.03782766324
9.15378242616
9.23327817216
9.40536285359
9.64007548481
9.73095058696
9.84028372248
9.92659557424
9.98589896834
10.0085729915
10.1456815299
10.2174585213
10.5411594189
10.6337748079
10.7387227336
10.845210915
11.1936206895
11.4360883737
11.5015622585
11.5409640249
11.6463150343
11.8715778567
12.0342083463
12.4650739018
12.8739740408
13.2811562831
13.4320356453
14.1292342964
14.2862092787
14.5380847682
85
