6.01016475392
6.01306353142
6.02554974224
6.05700452126
6.06413753344
6.09542954594
6.09643093055
6.09973155206
6.12115826037
6.13446548222
6.148216193
6.15604901694
6.35573113772
6.39241739026
6.41565606026
6.42671139871
6.45637873426
6.46491263754
6.51374161141
6.55709491302
6.5676835734
6.59330735531
7.2735347835
7.30234686102
7.36444746685
7.37260985627
7.41661693908
7.47454206909
7.56138944844
7.59113107709
7.59721622033
7.67267256647
7.94673686986
8.01301006379
8.05070262774
8.07836079648
8.16150420871
8.20204102638
8.28705831174
8.33188739777
8.42735271208
8.44135702535
8.9143558362
9.15831823868
9.28044812322
9.44403227526
9.75484456533
9.77217435307
9.93056970672
9.98810393517
10.2963791851
10.3261093855
10.5761292634
10.6208873641
10.8069443486
11.0044898752
11.166027403
11.3779197457
11.9863586057
12.1529149725
12.2544944635
12.3341943333
12.6564643822
13.4609192748
13.6108669438
13.8724494279
14.2863832043
14.5832161616
68
